Time,Channel A
(us),(mV)

-25.00199844,52.94660000
-25.00099844,52.94660000
-24.99999844,52.94660000
-24.99899844,51.05191000
-24.99799844,51.05191000
-24.99699844,51.05191000
-24.99599844,51.05191000
-24.99499844,52.94660000
-24.99399844,54.83513000
-24.99299844,54.83513000
-24.99199844,54.83513000
-24.99099844,54.83513000
-24.98999844,54.83513000
-24.98899844,54.83513000
-24.98799844,52.94660000
-24.98699844,52.94660000
-24.98599844,52.94660000
-24.98499844,52.94660000
-24.98399844,52.94660000
-24.98299844,52.94660000
-24.98199844,52.94660000
-24.98099844,52.94660000
-24.97999844,52.94660000
-24.97899844,52.94660000
-24.97799844,52.94660000
-24.97699844,54.83513000
-24.97599844,54.83513000
-24.97499844,52.94660000
-24.97399844,52.94660000
-24.97299844,52.94660000
-24.97199844,52.94660000
-24.97099844,52.94660000
-24.96999844,52.94660000
-24.96899844,52.94660000
-24.96799844,52.94660000
-24.96699844,52.94660000
-24.96599844,51.05191000
-24.96499844,51.05191000
-24.96399844,51.05191000
-24.96299844,51.05191000
-24.96199844,51.05191000
-24.96099844,52.94660000
-24.95999844,52.94660000
-24.95899844,52.94660000
-24.95799844,52.94660000
-24.95699844,52.94660000
-24.95599844,51.05191000
-24.95499844,51.05191000
-24.95399844,51.05191000
-24.95299844,51.05191000
-24.95199844,51.05191000
-24.95099844,51.05191000
-24.94999844,51.05191000
-24.94899844,52.94660000
-24.94799844,52.94660000
-24.94699844,52.94660000
-24.94599844,52.94660000
-24.94499844,52.94660000
-24.94399844,51.05191000
-24.94299844,51.05191000
-24.94199844,51.05191000
-24.94099844,51.05191000
-24.93999844,51.05191000
-24.93899844,51.05191000
-24.93799844,51.05191000
-24.93699844,52.94660000
-24.93599844,52.94660000
-24.93499844,52.94660000
-24.93399844,52.94660000
-24.93299844,52.94660000
-24.93199844,52.94660000
-24.93099844,52.94660000
-24.92999844,51.05191000
-24.92899844,52.94660000
-24.92799844,51.05191000
-24.92699844,51.05191000
-24.92599844,51.05191000
-24.92499844,51.05191000
-24.92399844,52.94660000
-24.92299844,52.94660000
-24.92199844,54.83513000
-24.92099844,54.83513000
-24.91999844,54.83513000
-24.91899844,54.83513000
-24.91799844,52.94660000
-24.91699844,52.94660000
-24.91599844,52.94660000
-24.91499844,51.05191000
-24.91399844,51.05191000
-24.91299844,52.94660000
-24.91199844,52.94660000
-24.91099844,52.94660000
-24.90999844,52.94660000
-24.90899844,52.94660000
-24.90799844,54.83513000
-24.90699844,54.83513000
-24.90599844,54.83513000
-24.90499844,54.83513000
-24.90399844,52.94660000
-24.90299844,52.94660000
-24.90199844,52.94660000
-24.90099844,52.94660000
-24.89999844,52.94660000
-24.89899844,52.94660000
-24.89799844,52.94660000
-24.89699844,54.83513000
-24.89599844,54.83513000
-24.89499844,54.83513000
-24.89399844,54.83513000
-24.89299844,52.94660000
-24.89199844,52.94660000
-24.89099844,52.94660000
-24.88999844,51.05191000
-24.88899844,52.94660000
-24.88799844,52.94660000
-24.88699844,54.83513000
-24.88599844,54.83513000
-24.88499844,56.72982000
-24.88399844,54.83513000
-24.88299844,54.83513000
-24.88199844,54.83513000
-24.88099844,54.83513000
-24.87999844,54.83513000
-24.87899844,52.94660000
-24.87799844,52.94660000
-24.87699844,52.94660000
-24.87599844,54.83513000
-24.87499844,54.83513000
-24.87399844,54.83513000
-24.87299844,54.83513000
-24.87199844,52.94660000
-24.87099844,52.94660000
-24.86999844,52.94660000
-24.86899844,54.83513000
-24.86799844,54.83513000
-24.86699844,54.83513000
-24.86599844,56.72982000
-24.86499844,56.72982000
-24.86399844,54.83513000
-24.86299844,54.83513000
-24.86199844,54.83513000
-24.86099844,52.94660000
-24.85999844,52.94660000
-24.85899844,52.94660000
-24.85799844,52.94660000
-24.85699844,54.83513000
-24.85599844,54.83513000
-24.85499844,54.83513000
-24.85399844,54.83513000
-24.85299844,54.83513000
-24.85199844,54.83513000
-24.85099844,54.83513000
-24.84999844,52.94660000
-24.84899844,54.83513000
-24.84799844,54.83513000
-24.84699844,54.83513000
-24.84599844,54.83513000
-24.84499844,54.83513000
-24.84399844,52.94660000
-24.84299844,54.83513000
-24.84199844,54.83513000
-24.84099844,54.83513000
-24.83999844,56.72982000
-24.83899844,56.72982000
-24.83799844,56.72982000
-24.83699844,54.83513000
-24.83599844,54.83513000
-24.83499844,54.83513000
-24.83399844,52.94660000
-24.83299844,54.83513000
-24.83199844,54.83513000
-24.83099844,54.83513000
-24.82999844,54.83513000
-24.82899844,56.72982000
-24.82799844,56.72982000
-24.82699844,56.72982000
-24.82599844,54.83513000
-24.82499844,54.83513000
-24.82399844,54.83513000
-24.82299844,54.83513000
-24.82199844,54.83513000
-24.82099844,54.83513000
-24.81999844,54.83513000
-24.81899844,56.72982000
-24.81799844,56.72982000
-24.81699844,56.72982000
-24.81599844,54.83513000
-24.81499844,54.83513000
-24.81399844,54.83513000
-24.81299844,56.72982000
-24.81199844,56.72982000
-24.81099844,56.72982000
-24.80999844,56.72982000
-24.80899844,56.72982000
-24.80799844,56.72982000
-24.80699844,54.83513000
-24.80599844,54.83513000
-24.80499844,54.83513000
-24.80399844,54.83513000
-24.80299844,54.83513000
-24.80199844,54.83513000
-24.80099844,54.83513000
-24.79999844,54.83513000
-24.79899844,54.83513000
-24.79799844,52.94660000
-24.79699844,52.94660000
-24.79599844,52.94660000
-24.79499844,51.05191000
-24.79399844,51.05191000
-24.79299844,52.94660000
-24.79199844,52.94660000
-24.79099844,51.05191000
-24.78999844,51.05191000
-24.78899844,51.05191000
-24.78799844,51.05191000
-24.78699844,51.05191000
-24.78599844,51.05191000
-24.78499844,51.05191000
-24.78399844,51.05191000
-24.78299844,51.05191000
-24.78199844,51.05191000
-24.78099844,51.05191000
-24.77999844,51.05191000
-24.77899844,49.16338000
-24.77799844,49.16338000
-24.77699844,49.16338000
-24.77599844,49.16338000
-24.77499844,49.16338000
-24.77399844,51.05191000
-24.77299844,52.94660000
-24.77199844,52.94660000
-24.77099844,52.94660000
-24.76999844,51.05191000
-24.76899844,51.05191000
-24.76799844,51.05191000
-24.76699844,51.05191000
-24.76599844,51.05191000
-24.76499844,51.05191000
-24.76399844,52.94660000
-24.76299844,52.94660000
-24.76199844,52.94660000
-24.76099844,54.83513000
-24.75999844,52.94660000
-24.75899844,52.94660000
-24.75799844,52.94660000
-24.75699844,52.94660000
-24.75599844,52.94660000
-24.75499844,52.94660000
-24.75399844,54.83513000
-24.75299844,54.83513000
-24.75199844,54.83513000
-24.75099844,54.83513000
-24.74999844,54.83513000
-24.74899844,54.83513000
-24.74799844,54.83513000
-24.74699845,54.83513000
-24.74599845,56.72982000
-24.74499845,56.72982000
-24.74399845,56.72982000
-24.74299845,56.72982000
-24.74199845,56.72982000
-24.74099845,56.72982000
-24.73999845,54.83513000
-24.73899845,54.83513000
-24.73799845,54.83513000
-24.73699845,56.72982000
-24.73599845,56.72982000
-24.73499845,56.72982000
-24.73399845,56.72982000
-24.73299845,56.72982000
-24.73199845,56.72982000
-24.73099845,56.72982000
-24.72999845,54.83513000
-24.72899845,54.83513000
-24.72799845,54.83513000
-24.72699845,54.83513000
-24.72599845,54.83513000
-24.72499845,54.83513000
-24.72399845,54.83513000
-24.72299845,54.83513000
-24.72199845,54.83513000
-24.72099845,54.83513000
-24.71999845,54.83513000
-24.71899845,54.83513000
-24.71799845,54.83513000
-24.71699845,54.83513000
-24.71599845,54.83513000
-24.71499845,54.83513000
-24.71399845,54.83513000
-24.71299845,54.83513000
-24.71199845,52.94660000
-24.71099845,54.83513000
-24.70999845,54.83513000
-24.70899845,56.72982000
-24.70799845,56.72982000
-24.70699845,56.72982000
-24.70599845,56.72982000
-24.70499845,56.72982000
-24.70399845,54.83513000
-24.70299845,54.83513000
-24.70199845,54.83513000
-24.70099845,54.83513000
-24.69999845,54.83513000
-24.69899845,56.72982000
-24.69799845,54.83513000
-24.69699845,56.72982000
-24.69599845,56.72982000
-24.69499845,54.83513000
-24.69399845,54.83513000
-24.69299845,54.83513000
-24.69199845,54.83513000
-24.69099845,56.72982000
-24.68999845,56.72982000
-24.68899845,56.72982000
-24.68799845,56.72982000
-24.68699845,54.83513000
-24.68599845,54.83513000
-24.68499845,54.83513000
-24.68399845,54.83513000
-24.68299845,54.83513000
-24.68199845,54.83513000
-24.68099845,56.72982000
-24.67999845,56.72982000
-24.67899845,56.72982000
-24.67799845,56.72982000
-24.67699845,56.72982000
-24.67599845,54.83513000
-24.67499845,56.72982000
-24.67399845,54.83513000
-24.67299845,56.72982000
-24.67199845,54.83513000
-24.67099845,56.72982000
-24.66999845,56.72982000
-24.66899845,58.61835000
-24.66799845,58.61835000
-24.66699845,58.61835000
-24.66599845,56.72982000
-24.66499845,58.61835000
-24.66399845,58.61835000
-24.66299845,58.61835000
-24.66199845,58.61835000
-24.66099845,58.61835000
-24.65999845,60.51304000
-24.65899845,60.51304000
-24.65799845,60.51304000
-24.65699845,60.51304000
-24.65599845,58.61835000
-24.65499845,60.51304000
-24.65399845,60.51304000
-24.65299845,62.40157000
-24.65199845,62.40157000
-24.65099845,62.40157000
-24.64999845,60.51304000
-24.64899845,60.51304000
-24.64799845,60.51304000
-24.64699845,60.51304000
-24.64599845,60.51304000
-24.64499845,60.51304000
-24.64399845,60.51304000
-24.64299845,62.40157000
-24.64199845,62.40157000
-24.64099845,62.40157000
-24.63999845,60.51304000
-24.63899845,60.51304000
-24.63799845,60.51304000
-24.63699845,60.51304000
-24.63599845,60.51304000
-24.63499845,60.51304000
-24.63399845,60.51304000
-24.63299845,60.51304000
-24.63199845,60.51304000
-24.63099845,58.61835000
-24.62999845,58.61835000
-24.62899845,58.61835000
-24.62799845,56.72982000
-24.62699845,56.72982000
-24.62599845,56.72982000
-24.62499845,58.61835000
-24.62399845,56.72982000
-24.62299845,56.72982000
-24.62199845,56.72982000
-24.62099845,56.72982000
-24.61999845,56.72982000
-24.61899845,56.72982000
-24.61799845,54.83513000
-24.61699845,54.83513000
-24.61599845,56.72982000
-24.61499845,56.72982000
-24.61399845,56.72982000
-24.61299845,56.72982000
-24.61199845,56.72982000
-24.61099845,56.72982000
-24.60999845,56.72982000
-24.60899845,56.72982000
-24.60799845,54.83513000
-24.60699845,56.72982000
-24.60599845,56.72982000
-24.60499845,56.72982000
-24.60399845,56.72982000
-24.60299845,56.72982000
-24.60199845,56.72982000
-24.60099845,56.72982000
-24.59999845,56.72982000
-24.59899845,56.72982000
-24.59799845,56.72982000
-24.59699845,58.61835000
-24.59599845,58.61835000
-24.59499845,58.61835000
-24.59399845,58.61835000
-24.59299845,58.61835000
-24.59199845,58.61835000
-24.59099845,58.61835000
-24.58999845,58.61835000
-24.58899845,58.61835000
-24.58799845,58.61835000
-24.58699845,58.61835000
-24.58599845,58.61835000
-24.58499845,60.51304000
-24.58399845,58.61835000
-24.58299845,58.61835000
-24.58199845,58.61835000
-24.58099845,58.61835000
-24.57999845,58.61835000
-24.57899845,58.61835000
-24.57799845,58.61835000
-24.57699845,58.61835000
-24.57599845,58.61835000
-24.57499845,58.61835000
-24.57399845,58.61835000
-24.57299845,56.72982000
-24.57199845,56.72982000
-24.57099845,58.61835000
-24.56999845,58.61835000
-24.56899845,58.61835000
-24.56799845,58.61835000
-24.56699845,58.61835000
-24.56599845,56.72982000
-24.56499845,56.72982000
-24.56399845,56.72982000
-24.56299845,56.72982000
-24.56199845,56.72982000
-24.56099845,56.72982000
-24.55999845,56.72982000
-24.55899845,58.61835000
-24.55799845,58.61835000
-24.55699845,56.72982000
-24.55599845,56.72982000
-24.55499845,54.83513000
-24.55399845,54.83513000
-24.55299845,56.72982000
-24.55199845,56.72982000
-24.55099845,56.72982000
-24.54999845,56.72982000
-24.54899845,56.72982000
-24.54799845,56.72982000
-24.54699845,56.72982000
-24.54599845,56.72982000
-24.54499845,56.72982000
-24.54399845,54.83513000
-24.54299845,56.72982000
-24.54199845,56.72982000
-24.54099845,56.72982000
-24.53999845,56.72982000
-24.53899845,56.72982000
-24.53799845,56.72982000
-24.53699845,56.72982000
-24.53599845,56.72982000
-24.53499845,56.72982000
-24.53399845,56.72982000
-24.53299845,56.72982000
-24.53199845,56.72982000
-24.53099845,56.72982000
-24.52999845,56.72982000
-24.52899845,56.72982000
-24.52799845,56.72982000
-24.52699845,56.72982000
-24.52599845,56.72982000
-24.52499845,56.72982000
-24.52399845,56.72982000
-24.52299845,56.72982000
-24.52199845,58.61835000
-24.52099845,58.61835000
-24.51999845,58.61835000
-24.51899845,56.72982000
-24.51799845,56.72982000
-24.51699845,56.72982000
-24.51599845,56.72982000
-24.51499845,56.72982000
-24.51399845,56.72982000
-24.51299845,58.61835000
-24.51199845,58.61835000
-24.51099845,58.61835000
-24.50999845,58.61835000
-24.50899845,56.72982000
-24.50799845,54.83513000
-24.50699845,54.83513000
-24.50599845,54.83513000
-24.50499845,56.72982000
-24.50399845,56.72982000
-24.50299845,58.61835000
-24.50199845,58.61835000
-24.50099845,58.61835000
-24.49999845,58.61835000
-24.49899845,56.72982000
-24.49799845,56.72982000
-24.49699845,56.72982000
-24.49599845,54.83513000
-24.49499845,56.72982000
-24.49399845,56.72982000
-24.49299845,58.61835000
-24.49199845,56.72982000
-24.49099845,58.61835000
-24.48999845,56.72982000
-24.48899845,56.72982000
-24.48799845,54.83513000
-24.48699845,54.83513000
-24.48599845,54.83513000
-24.48499845,56.72982000
-24.48399845,56.72982000
-24.48299845,56.72982000
-24.48199845,56.72982000
-24.48099845,56.72982000
-24.47999845,56.72982000
-24.47899845,54.83513000
-24.47799845,54.83513000
-24.47699845,54.83513000
-24.47599845,54.83513000
-24.47499845,56.72982000
-24.47399845,56.72982000
-24.47299845,56.72982000
-24.47199845,54.83513000
-24.47099845,54.83513000
-24.46999845,56.72982000
-24.46899845,56.72982000
-24.46799845,56.72982000
-24.46699845,56.72982000
-24.46599845,56.72982000
-24.46499845,56.72982000
-24.46399845,56.72982000
-24.46299845,54.83513000
-24.46199845,54.83513000
-24.46099845,54.83513000
-24.45999845,54.83513000
-24.45899845,56.72982000
-24.45799845,56.72982000
-24.45699845,58.61835000
-24.45599845,58.61835000
-24.45499845,56.72982000
-24.45399845,56.72982000
-24.45299845,56.72982000
-24.45199845,54.83513000
-24.45099845,54.83513000
-24.44999845,54.83513000
-24.44899845,56.72982000
-24.44799845,58.61835000
-24.44699845,58.61835000
-24.44599845,58.61835000
-24.44499845,56.72982000
-24.44399845,56.72982000
-24.44299845,56.72982000
-24.44199845,56.72982000
-24.44099845,56.72982000
-24.43999845,54.83513000
-24.43899845,56.72982000
-24.43799845,56.72982000
-24.43699845,58.61835000
-24.43599845,58.61835000
-24.43499845,58.61835000
-24.43399845,56.72982000
-24.43299845,56.72982000
-24.43199845,54.83513000
-24.43099845,54.83513000
-24.42999845,56.72982000
-24.42899845,56.72982000
-24.42799845,56.72982000
-24.42699845,58.61835000
-24.42599845,58.61835000
-24.42499845,58.61835000
-24.42399845,56.72982000
-24.42299845,56.72982000
-24.42199845,54.83513000
-24.42099845,54.83513000
-24.41999845,56.72982000
-24.41899845,56.72982000
-24.41799845,56.72982000
-24.41699845,58.61835000
-24.41599845,58.61835000
-24.41499845,56.72982000
-24.41399845,58.61835000
-24.41299845,58.61835000
-24.41199845,58.61835000
-24.41099845,58.61835000
-24.40999845,58.61835000
-24.40899845,58.61835000
-24.40799845,58.61835000
-24.40699845,58.61835000
-24.40599845,58.61835000
-24.40499845,60.51304000
-24.40399845,60.51304000
-24.40299845,60.51304000
-24.40199845,60.51304000
-24.40099845,62.40157000
-24.39999845,60.51304000
-24.39899845,60.51304000
-24.39799845,58.61835000
-24.39699845,58.61835000
-24.39599845,58.61835000
-24.39499845,58.61835000
-24.39399845,58.61835000
-24.39299846,60.51304000
-24.39199846,60.51304000
-24.39099846,62.40157000
-24.38999846,62.40157000
-24.38899846,60.51304000
-24.38799846,60.51304000
-24.38699846,58.61835000
-24.38599846,56.72982000
-24.38499846,56.72982000
-24.38399846,56.72982000
-24.38299846,56.72982000
-24.38199846,58.61835000
-24.38099846,60.51304000
-24.37999846,60.51304000
-24.37899846,60.51304000
-24.37799846,58.61835000
-24.37699846,56.72982000
-24.37599846,54.83513000
-24.37499846,56.72982000
-24.37399846,56.72982000
-24.37299846,56.72982000
-24.37199846,56.72982000
-24.37099846,58.61835000
-24.36999846,58.61835000
-24.36899846,58.61835000
-24.36799846,56.72982000
-24.36699846,56.72982000
-24.36599846,54.83513000
-24.36499846,54.83513000
-24.36399846,54.83513000
-24.36299846,54.83513000
-24.36199846,54.83513000
-24.36099846,56.72982000
-24.35999846,56.72982000
-24.35899846,56.72982000
-24.35799846,56.72982000
-24.35699846,56.72982000
-24.35599846,56.72982000
-24.35499846,56.72982000
-24.35399846,56.72982000
-24.35299846,56.72982000
-24.35199846,56.72982000
-24.35099846,54.83513000
-24.34999846,54.83513000
-24.34899846,56.72982000
-24.34799846,56.72982000
-24.34699846,56.72982000
-24.34599846,56.72982000
-24.34499846,56.72982000
-24.34399846,56.72982000
-24.34299846,56.72982000
-24.34199846,56.72982000
-24.34099846,56.72982000
-24.33999846,56.72982000
-24.33899846,56.72982000
-24.33799846,56.72982000
-24.33699846,58.61835000
-24.33599846,58.61835000
-24.33499846,58.61835000
-24.33399846,58.61835000
-24.33299846,56.72982000
-24.33199846,56.72982000
-24.33099846,56.72982000
-24.32999846,54.83513000
-24.32899846,54.83513000
-24.32799846,54.83513000
-24.32699846,54.83513000
-24.32599846,56.72982000
-24.32499846,56.72982000
-24.32399846,56.72982000
-24.32299846,56.72982000
-24.32199846,56.72982000
-24.32099846,56.72982000
-24.31999846,54.83513000
-24.31899846,54.83513000
-24.31799846,54.83513000
-24.31699846,54.83513000
-24.31599846,54.83513000
-24.31499846,54.83513000
-24.31399846,54.83513000
-24.31299846,54.83513000
-24.31199846,54.83513000
-24.31099846,52.94660000
-24.30999846,51.05191000
-24.30899846,51.05191000
-24.30799846,51.05191000
-24.30699846,51.05191000
-24.30599846,52.94660000
-24.30499846,52.94660000
-24.30399846,52.94660000
-24.30299846,52.94660000
-24.30199846,52.94660000
-24.30099846,51.05191000
-24.29999846,51.05191000
-24.29899846,49.16338000
-24.29799846,49.16338000
-24.29699846,51.05191000
-24.29599846,51.05191000
-24.29499846,51.05191000
-24.29399846,51.05191000
-24.29299846,51.05191000
-24.29199846,51.05191000
-24.29099846,52.94660000
-24.28999846,52.94660000
-24.28899846,52.94660000
-24.28799846,51.05191000
-24.28699846,51.05191000
-24.28599846,52.94660000
-24.28499846,52.94660000
-24.28399846,54.83513000
-24.28299846,54.83513000
-24.28199846,54.83513000
-24.28099846,54.83513000
-24.27999846,54.83513000
-24.27899846,52.94660000
-24.27799846,52.94660000
-24.27699846,51.05191000
-24.27599846,52.94660000
-24.27499846,52.94660000
-24.27399846,54.83513000
-24.27299846,54.83513000
-24.27199846,56.72982000
-24.27099846,56.72982000
-24.26999846,56.72982000
-24.26899846,56.72982000
-24.26799846,54.83513000
-24.26699846,54.83513000
-24.26599846,54.83513000
-24.26499846,54.83513000
-24.26399846,54.83513000
-24.26299846,54.83513000
-24.26199846,56.72982000
-24.26099846,56.72982000
-24.25999846,56.72982000
-24.25899846,56.72982000
-24.25799846,54.83513000
-24.25699846,54.83513000
-24.25599846,52.94660000
-24.25499846,52.94660000
-24.25399846,52.94660000
-24.25299846,52.94660000
-24.25199846,52.94660000
-24.25099846,54.83513000
-24.24999846,54.83513000
-24.24899846,54.83513000
-24.24799846,54.83513000
-24.24699846,52.94660000
-24.24599846,52.94660000
-24.24499846,52.94660000
-24.24399846,52.94660000
-24.24299846,52.94660000
-24.24199846,52.94660000
-24.24099846,52.94660000
-24.23999846,51.05191000
-24.23899846,51.05191000
-24.23799846,52.94660000
-24.23699846,52.94660000
-24.23599846,52.94660000
-24.23499846,52.94660000
-24.23399846,52.94660000
-24.23299846,52.94660000
-24.23199846,52.94660000
-24.23099846,51.05191000
-24.22999846,51.05191000
-24.22899846,51.05191000
-24.22799846,52.94660000
-24.22699846,52.94660000
-24.22599846,52.94660000
-24.22499846,54.83513000
-24.22399846,52.94660000
-24.22299846,52.94660000
-24.22199846,52.94660000
-24.22099846,52.94660000
-24.21999846,51.05191000
-24.21899846,51.05191000
-24.21799846,52.94660000
-24.21699846,54.83513000
-24.21599846,54.83513000
-24.21499846,54.83513000
-24.21399846,54.83513000
-24.21299846,54.83513000
-24.21199846,54.83513000
-24.21099846,52.94660000
-24.20999846,52.94660000
-24.20899846,52.94660000
-24.20799846,52.94660000
-24.20699846,54.83513000
-24.20599846,54.83513000
-24.20499846,54.83513000
-24.20399846,54.83513000
-24.20299846,54.83513000
-24.20199846,52.94660000
-24.20099846,54.83513000
-24.19999846,52.94660000
-24.19899846,52.94660000
-24.19799846,52.94660000
-24.19699846,54.83513000
-24.19599846,54.83513000
-24.19499846,54.83513000
-24.19399846,54.83513000
-24.19299846,54.83513000
-24.19199846,52.94660000
-24.19099846,52.94660000
-24.18999846,52.94660000
-24.18899846,52.94660000
-24.18799846,52.94660000
-24.18699846,52.94660000
-24.18599846,52.94660000
-24.18499846,51.05191000
-24.18399846,51.05191000
-24.18299846,51.05191000
-24.18199846,51.05191000
-24.18099846,52.94660000
-24.17999846,52.94660000
-24.17899846,52.94660000
-24.17799846,52.94660000
-24.17699846,52.94660000
-24.17599846,52.94660000
-24.17499846,51.05191000
-24.17399846,51.05191000
-24.17299846,51.05191000
-24.17199846,51.05191000
-24.17099846,51.05191000
-24.16999846,52.94660000
-24.16899846,52.94660000
-24.16799846,52.94660000
-24.16699846,52.94660000
-24.16599846,51.05191000
-24.16499846,51.05191000
-24.16399846,51.05191000
-24.16299846,51.05191000
-24.16199846,51.05191000
-24.16099846,52.94660000
-24.15999846,52.94660000
-24.15899846,52.94660000
-24.15799846,52.94660000
-24.15699846,52.94660000
-24.15599846,52.94660000
-24.15499846,52.94660000
-24.15399846,52.94660000
-24.15299846,52.94660000
-24.15199846,52.94660000
-24.15099846,54.83513000
-24.14999846,54.83513000
-24.14899846,54.83513000
-24.14799846,54.83513000
-24.14699846,52.94660000
-24.14599846,52.94660000
-24.14499846,52.94660000
-24.14399846,52.94660000
-24.14299846,52.94660000
-24.14199846,54.83513000
-24.14099846,54.83513000
-24.13999846,54.83513000
-24.13899846,54.83513000
-24.13799846,54.83513000
-24.13699846,54.83513000
-24.13599846,52.94660000
-24.13499846,52.94660000
-24.13399846,52.94660000
-24.13299846,52.94660000
-24.13199846,52.94660000
-24.13099846,54.83513000
-24.12999846,54.83513000
-24.12899846,54.83513000
-24.12799846,52.94660000
-24.12699846,52.94660000
-24.12599846,51.05191000
-24.12499846,51.05191000
-24.12399846,51.05191000
-24.12299846,51.05191000
-24.12199846,52.94660000
-24.12099846,54.83513000
-24.11999846,54.83513000
-24.11899846,52.94660000
-24.11799846,52.94660000
-24.11699846,51.05191000
-24.11599846,51.05191000
-24.11499846,51.05191000
-24.11399846,51.05191000
-24.11299846,51.05191000
-24.11199846,51.05191000
-24.11099846,52.94660000
-24.10999846,52.94660000
-24.10899846,51.05191000
-24.10799846,51.05191000
-24.10699846,51.05191000
-24.10599846,51.05191000
-24.10499846,51.05191000
-24.10399846,52.94660000
-24.10299846,52.94660000
-24.10199846,52.94660000
-24.10099846,52.94660000
-24.09999846,52.94660000
-24.09899846,52.94660000
-24.09799846,51.05191000
-24.09699846,52.94660000
-24.09599846,52.94660000
-24.09499846,52.94660000
-24.09399846,54.83513000
-24.09299846,52.94660000
-24.09199846,52.94660000
-24.09099846,52.94660000
-24.08999846,52.94660000
-24.08899846,52.94660000
-24.08799846,52.94660000
-24.08699846,52.94660000
-24.08599846,52.94660000
-24.08499846,54.83513000
-24.08399846,54.83513000
-24.08299846,54.83513000
-24.08199846,52.94660000
-24.08099846,52.94660000
-24.07999846,51.05191000
-24.07899846,51.05191000
-24.07799846,52.94660000
-24.07699846,52.94660000
-24.07599846,52.94660000
-24.07499846,54.83513000
-24.07399846,52.94660000
-24.07299846,52.94660000
-24.07199846,51.05191000
-24.07099846,51.05191000
-24.06999846,51.05191000
-24.06899846,51.05191000
-24.06799846,51.05191000
-24.06699846,51.05191000
-24.06599846,51.05191000
-24.06499846,52.94660000
-24.06399846,52.94660000
-24.06299846,51.05191000
-24.06199846,51.05191000
-24.06099846,51.05191000
-24.05999846,49.16338000
-24.05899846,49.16338000
-24.05799846,49.16338000
-24.05699846,49.16338000
-24.05599846,49.16338000
-24.05499846,51.05191000
-24.05399846,49.16338000
-24.05299846,49.16338000
-24.05199846,47.27485000
-24.05099846,47.27485000
-24.04999846,47.27485000
-24.04899846,49.16338000
-24.04799846,49.16338000
-24.04699846,49.16338000
-24.04599846,49.16338000
-24.04499846,47.27485000
-24.04399846,49.16338000
-24.04299846,49.16338000
-24.04199846,49.16338000
-24.04099846,49.16338000
-24.03999847,49.16338000
-24.03899847,49.16338000
-24.03799847,49.16338000
-24.03699847,49.16338000
-24.03599847,49.16338000
-24.03499847,49.16338000
-24.03399847,49.16338000
-24.03299847,51.05191000
-24.03199847,51.05191000
-24.03099847,51.05191000
-24.02999847,51.05191000
-24.02899847,51.05191000
-24.02799847,51.05191000
-24.02699847,51.05191000
-24.02599847,49.16338000
-24.02499847,49.16338000
-24.02399847,49.16338000
-24.02299847,49.16338000
-24.02199847,49.16338000
-24.02099847,51.05191000
-24.01999847,51.05191000
-24.01899847,51.05191000
-24.01799847,51.05191000
-24.01699847,51.05191000
-24.01599847,51.05191000
-24.01499847,49.16338000
-24.01399847,47.27485000
-24.01299847,47.27485000
-24.01199847,47.27485000
-24.01099847,47.27485000
-24.00999847,49.16338000
-24.00899847,51.05191000
-24.00799847,51.05191000
-24.00699847,52.94660000
-24.00599847,52.94660000
-24.00499847,51.05191000
-24.00399847,49.16338000
-24.00299847,49.16338000
-24.00199847,47.27485000
-24.00099847,47.27485000
-23.99999847,47.27485000
-23.99899847,47.27485000
-23.99799847,47.27485000
-23.99699847,49.16338000
-23.99599847,51.05191000
-23.99499847,51.05191000
-23.99399847,52.94660000
-23.99299847,52.94660000
-23.99199847,51.05191000
-23.99099847,49.16338000
-23.98999847,47.27485000
-23.98899847,47.27485000
-23.98799847,47.27485000
-23.98699847,49.16338000
-23.98599847,49.16338000
-23.98499847,51.05191000
-23.98399847,52.94660000
-23.98299847,54.83513000
-23.98199847,54.83513000
-23.98099847,54.83513000
-23.97999847,52.94660000
-23.97899847,51.05191000
-23.97799847,49.16338000
-23.97699847,49.16338000
-23.97599847,49.16338000
-23.97499847,49.16338000
-23.97399847,49.16338000
-23.97299847,51.05191000
-23.97199847,51.05191000
-23.97099847,52.94660000
-23.96999847,52.94660000
-23.96899847,52.94660000
-23.96799847,51.05191000
-23.96699847,49.16338000
-23.96599847,47.27485000
-23.96499847,47.27485000
-23.96399847,47.27485000
-23.96299847,47.27485000
-23.96199847,47.27485000
-23.96099847,49.16338000
-23.95999847,49.16338000
-23.95899847,49.16338000
-23.95799847,49.16338000
-23.95699847,49.16338000
-23.95599847,49.16338000
-23.95499847,49.16338000
-23.95399847,47.27485000
-23.95299847,47.27485000
-23.95199847,45.38017000
-23.95099847,45.38017000
-23.94999847,47.27485000
-23.94899847,47.27485000
-23.94799847,47.27485000
-23.94699847,49.16338000
-23.94599847,49.16338000
-23.94499847,51.05191000
-23.94399847,51.05191000
-23.94299847,49.16338000
-23.94199847,49.16338000
-23.94099847,49.16338000
-23.93999847,47.27485000
-23.93899847,49.16338000
-23.93799847,49.16338000
-23.93699847,49.16338000
-23.93599847,51.05191000
-23.93499847,51.05191000
-23.93399847,52.94660000
-23.93299847,52.94660000
-23.93199847,51.05191000
-23.93099847,49.16338000
-23.92999847,47.27485000
-23.92899847,47.27485000
-23.92799847,47.27485000
-23.92699847,49.16338000
-23.92599847,49.16338000
-23.92499847,51.05191000
-23.92399847,51.05191000
-23.92299847,51.05191000
-23.92199847,51.05191000
-23.92099847,51.05191000
-23.91999847,49.16338000
-23.91899847,47.27485000
-23.91799847,47.27485000
-23.91699847,47.27485000
-23.91599847,47.27485000
-23.91499847,47.27485000
-23.91399847,47.27485000
-23.91299847,47.27485000
-23.91199847,47.27485000
-23.91099847,47.27485000
-23.90999847,47.27485000
-23.90899847,47.27485000
-23.90799847,47.27485000
-23.90699847,45.38017000
-23.90599847,45.38017000
-23.90499847,45.38017000
-23.90399847,45.38017000
-23.90299847,45.38017000
-23.90199847,45.38017000
-23.90099847,45.38017000
-23.89999847,47.27485000
-23.89899847,47.27485000
-23.89799847,47.27485000
-23.89699847,47.27485000
-23.89599847,45.38017000
-23.89499847,45.38017000
-23.89399847,45.38017000
-23.89299847,45.38017000
-23.89199847,45.38017000
-23.89099847,47.27485000
-23.88999847,45.38017000
-23.88899847,47.27485000
-23.88799847,45.38017000
-23.88699847,45.38017000
-23.88599847,45.38017000
-23.88499847,45.38017000
-23.88399847,45.38017000
-23.88299847,45.38017000
-23.88199847,45.38017000
-23.88099847,45.38017000
-23.87999847,45.38017000
-23.87899847,45.38017000
-23.87799847,45.38017000
-23.87699847,45.38017000
-23.87599847,45.38017000
-23.87499847,45.38017000
-23.87399847,45.38017000
-23.87299847,45.38017000
-23.87199847,45.38017000
-23.87099847,47.27485000
-23.86999847,47.27485000
-23.86899847,47.27485000
-23.86799847,45.38017000
-23.86699847,45.38017000
-23.86599847,45.38017000
-23.86499847,45.38017000
-23.86399847,45.38017000
-23.86299847,45.38017000
-23.86199847,47.27485000
-23.86099847,47.27485000
-23.85999847,47.27485000
-23.85899847,47.27485000
-23.85799847,47.27485000
-23.85699847,45.38017000
-23.85599847,45.38017000
-23.85499847,45.38017000
-23.85399847,45.38017000
-23.85299847,47.27485000
-23.85199847,47.27485000
-23.85099847,47.27485000
-23.84999847,47.27485000
-23.84899847,47.27485000
-23.84799847,47.27485000
-23.84699847,47.27485000
-23.84599847,47.27485000
-23.84499847,47.27485000
-23.84399847,47.27485000
-23.84299847,47.27485000
-23.84199847,47.27485000
-23.84099847,47.27485000
-23.83999847,47.27485000
-23.83899847,47.27485000
-23.83799847,49.16338000
-23.83699847,49.16338000
-23.83599847,47.27485000
-23.83499847,49.16338000
-23.83399847,49.16338000
-23.83299847,49.16338000
-23.83199847,49.16338000
-23.83099847,47.27485000
-23.82999847,47.27485000
-23.82899847,47.27485000
-23.82799847,47.27485000
-23.82699847,47.27485000
-23.82599847,47.27485000
-23.82499847,47.27485000
-23.82399847,47.27485000
-23.82299847,47.27485000
-23.82199847,47.27485000
-23.82099847,45.38017000
-23.81999847,45.38017000
-23.81899847,43.49163000
-23.81799847,43.49163000
-23.81699847,45.38017000
-23.81599847,45.38017000
-23.81499847,45.38017000
-23.81399847,45.38017000
-23.81299847,45.38017000
-23.81199847,43.49163000
-23.81099847,43.49163000
-23.80999847,41.59695000
-23.80899847,41.59695000
-23.80799847,41.59695000
-23.80699847,43.49163000
-23.80599847,43.49163000
-23.80499847,43.49163000
-23.80399847,43.49163000
-23.80299847,43.49163000
-23.80199847,43.49163000
-23.80099847,43.49163000
-23.79999847,43.49163000
-23.79899847,43.49163000
-23.79799847,43.49163000
-23.79699847,43.49163000
-23.79599847,45.38017000
-23.79499847,45.38017000
-23.79399847,45.38017000
-23.79299847,45.38017000
-23.79199847,45.38017000
-23.79099847,45.38017000
-23.78999847,45.38017000
-23.78899847,45.38017000
-23.78799847,45.38017000
-23.78699847,45.38017000
-23.78599847,45.38017000
-23.78499847,45.38017000
-23.78399847,45.38017000
-23.78299847,45.38017000
-23.78199847,45.38017000
-23.78099847,45.38017000
-23.77999847,45.38017000
-23.77899847,45.38017000
-23.77799847,45.38017000
-23.77699847,45.38017000
-23.77599847,45.38017000
-23.77499847,45.38017000
-23.77399847,43.49163000
-23.77299847,43.49163000
-23.77199847,43.49163000
-23.77099847,45.38017000
-23.76999847,45.38017000
-23.76899847,45.38017000
-23.76799847,45.38017000
-23.76699847,45.38017000
-23.76599847,45.38017000
-23.76499847,43.49163000
-23.76399847,43.49163000
-23.76299847,43.49163000
-23.76199847,43.49163000
-23.76099847,45.38017000
-23.75999847,45.38017000
-23.75899847,45.38017000
-23.75799847,45.38017000
-23.75699847,43.49163000
-23.75599847,43.49163000
-23.75499847,43.49163000
-23.75399847,43.49163000
-23.75299847,43.49163000
-23.75199847,43.49163000
-23.75099847,43.49163000
-23.74999847,45.38017000
-23.74899847,45.38017000
-23.74799847,45.38017000
-23.74699847,45.38017000
-23.74599847,43.49163000
-23.74499847,43.49163000
-23.74399847,43.49163000
-23.74299847,43.49163000
-23.74199847,43.49163000
-23.74099847,43.49163000
-23.73999847,45.38017000
-23.73899847,45.38017000
-23.73799847,45.38017000
-23.73699847,45.38017000
-23.73599847,45.38017000
-23.73499847,43.49163000
-23.73399847,43.49163000
-23.73299847,45.38017000
-23.73199847,45.38017000
-23.73099847,45.38017000
-23.72999847,45.38017000
-23.72899847,45.38017000
-23.72799847,45.38017000
-23.72699847,45.38017000
-23.72599847,45.38017000
-23.72499847,45.38017000
-23.72399847,45.38017000
-23.72299847,45.38017000
-23.72199847,45.38017000
-23.72099847,45.38017000
-23.71999847,45.38017000
-23.71899847,45.38017000
-23.71799847,43.49163000
-23.71699847,45.38017000
-23.71599847,45.38017000
-23.71499847,45.38017000
-23.71399847,47.27485000
-23.71299847,47.27485000
-23.71199847,47.27485000
-23.71099847,47.27485000
-23.70999847,47.27485000
-23.70899847,45.38017000
-23.70799847,45.38017000
-23.70699847,45.38017000
-23.70599847,45.38017000
-23.70499847,45.38017000
-23.70399847,47.27485000
-23.70299847,47.27485000
-23.70199847,49.16338000
-23.70099847,49.16338000
-23.69999847,49.16338000
-23.69899847,47.27485000
-23.69799847,47.27485000
-23.69699847,45.38017000
-23.69599847,45.38017000
-23.69499847,47.27485000
-23.69399847,47.27485000
-23.69299847,49.16338000
-23.69199847,49.16338000
-23.69099847,49.16338000
-23.68999847,47.27485000
-23.68899847,47.27485000
-23.68799847,45.38017000
-23.68699847,43.49163000
-23.68599848,43.49163000
-23.68499848,43.49163000
-23.68399848,43.49163000
-23.68299848,45.38017000
-23.68199848,45.38017000
-23.68099848,45.38017000
-23.67999848,43.49163000
-23.67899848,43.49163000
-23.67799848,43.49163000
-23.67699848,43.49163000
-23.67599848,41.59695000
-23.67499848,41.59695000
-23.67399848,41.59695000
-23.67299848,43.49163000
-23.67199848,43.49163000
-23.67099848,43.49163000
-23.66999848,43.49163000
-23.66899848,43.49163000
-23.66799848,43.49163000
-23.66699848,43.49163000
-23.66599848,41.59695000
-23.66499848,41.59695000
-23.66399848,41.59695000
-23.66299848,41.59695000
-23.66199848,41.59695000
-23.66099848,43.49163000
-23.65999848,43.49163000
-23.65899848,43.49163000
-23.65799848,43.49163000
-23.65699848,43.49163000
-23.65599848,43.49163000
-23.65499848,43.49163000
-23.65399848,43.49163000
-23.65299848,43.49163000
-23.65199848,43.49163000
-23.65099848,43.49163000
-23.64999848,45.38017000
-23.64899848,45.38017000
-23.64799848,45.38017000
-23.64699848,45.38017000
-23.64599848,45.38017000
-23.64499848,45.38017000
-23.64399848,45.38017000
-23.64299848,45.38017000
-23.64199848,43.49163000
-23.64099848,45.38017000
-23.63999848,45.38017000
-23.63899848,47.27485000
-23.63799848,47.27485000
-23.63699848,47.27485000
-23.63599848,47.27485000
-23.63499848,45.38017000
-23.63399848,45.38017000
-23.63299848,45.38017000
-23.63199848,43.49163000
-23.63099848,45.38017000
-23.62999848,45.38017000
-23.62899848,45.38017000
-23.62799848,47.27485000
-23.62699848,47.27485000
-23.62599848,47.27485000
-23.62499848,47.27485000
-23.62399848,45.38017000
-23.62299848,45.38017000
-23.62199848,45.38017000
-23.62099848,45.38017000
-23.61999848,45.38017000
-23.61899848,45.38017000
-23.61799848,47.27485000
-23.61699848,47.27485000
-23.61599848,47.27485000
-23.61499848,45.38017000
-23.61399848,45.38017000
-23.61299848,45.38017000
-23.61199848,45.38017000
-23.61099848,45.38017000
-23.60999848,45.38017000
-23.60899848,45.38017000
-23.60799848,45.38017000
-23.60699848,45.38017000
-23.60599848,45.38017000
-23.60499848,45.38017000
-23.60399848,45.38017000
-23.60299848,45.38017000
-23.60199848,45.38017000
-23.60099848,47.27485000
-23.59999848,45.38017000
-23.59899848,45.38017000
-23.59799848,43.49163000
-23.59699848,43.49163000
-23.59599848,43.49163000
-23.59499848,43.49163000
-23.59399848,43.49163000
-23.59299848,43.49163000
-23.59199848,43.49163000
-23.59099848,43.49163000
-23.58999848,43.49163000
-23.58899848,43.49163000
-23.58799848,43.49163000
-23.58699848,41.59695000
-23.58599848,41.59695000
-23.58499848,41.59695000
-23.58399848,41.59695000
-23.58299848,41.59695000
-23.58199848,41.59695000
-23.58099848,41.59695000
-23.57999848,41.59695000
-23.57899848,41.59695000
-23.57799848,43.49163000
-23.57699848,43.49163000
-23.57599848,41.59695000
-23.57499848,39.70842000
-23.57399848,39.70842000
-23.57299848,41.59695000
-23.57199848,41.59695000
-23.57099848,43.49163000
-23.56999848,43.49163000
-23.56899848,43.49163000
-23.56799848,43.49163000
-23.56699848,43.49163000
-23.56599848,43.49163000
-23.56499848,43.49163000
-23.56399848,43.49163000
-23.56299848,43.49163000
-23.56199848,43.49163000
-23.56099848,43.49163000
-23.55999848,43.49163000
-23.55899848,43.49163000
-23.55799848,43.49163000
-23.55699848,43.49163000
-23.55599848,43.49163000
-23.55499848,43.49163000
-23.55399848,43.49163000
-23.55299848,41.59695000
-23.55199848,41.59695000
-23.55099848,41.59695000
-23.54999848,43.49163000
-23.54899848,43.49163000
-23.54799848,43.49163000
-23.54699848,43.49163000
-23.54599848,41.59695000
-23.54499848,43.49163000
-23.54399848,41.59695000
-23.54299848,41.59695000
-23.54199848,41.59695000
-23.54099848,39.70842000
-23.53999848,39.70842000
-23.53899848,41.59695000
-23.53799848,41.59695000
-23.53699848,43.49163000
-23.53599848,41.59695000
-23.53499848,41.59695000
-23.53399848,39.70842000
-23.53299848,39.70842000
-23.53199848,37.81988000
-23.53099848,37.81988000
-23.52999848,37.81988000
-23.52899848,39.70842000
-23.52799848,39.70842000
-23.52699848,41.59695000
-23.52599848,41.59695000
-23.52499848,41.59695000
-23.52399848,41.59695000
-23.52299848,39.70842000
-23.52199848,39.70842000
-23.52099848,39.70842000
-23.51999848,39.70842000
-23.51899848,39.70842000
-23.51799848,41.59695000
-23.51699848,41.59695000
-23.51599848,41.59695000
-23.51499848,41.59695000
-23.51399848,39.70842000
-23.51299848,39.70842000
-23.51199848,39.70842000
-23.51099848,39.70842000
-23.50999848,39.70842000
-23.50899848,41.59695000
-23.50799848,41.59695000
-23.50699848,41.59695000
-23.50599848,41.59695000
-23.50499848,41.59695000
-23.50399848,41.59695000
-23.50299848,39.70842000
-23.50199848,39.70842000
-23.50099848,39.70842000
-23.49999848,39.70842000
-23.49899848,39.70842000
-23.49799848,39.70842000
-23.49699848,39.70842000
-23.49599848,39.70842000
-23.49499848,39.70842000
-23.49399848,39.70842000
-23.49299848,41.59695000
-23.49199848,41.59695000
-23.49099848,41.59695000
-23.48999848,41.59695000
-23.48899848,41.59695000
-23.48799848,39.70842000
-23.48699848,39.70842000
-23.48599848,39.70842000
-23.48499848,39.70842000
-23.48399848,39.70842000
-23.48299848,39.70842000
-23.48199848,39.70842000
-23.48099848,41.59695000
-23.47999848,41.59695000
-23.47899848,41.59695000
-23.47799848,41.59695000
-23.47699848,41.59695000
-23.47599848,39.70842000
-23.47499848,39.70842000
-23.47399848,41.59695000
-23.47299848,41.59695000
-23.47199848,43.49163000
-23.47099848,43.49163000
-23.46999848,43.49163000
-23.46899848,43.49163000
-23.46799848,43.49163000
-23.46699848,43.49163000
-23.46599848,43.49163000
-23.46499848,43.49163000
-23.46399848,43.49163000
-23.46299848,43.49163000
-23.46199848,43.49163000
-23.46099848,43.49163000
-23.45999848,43.49163000
-23.45899848,43.49163000
-23.45799848,43.49163000
-23.45699848,43.49163000
-23.45599848,43.49163000
-23.45499848,43.49163000
-23.45399848,43.49163000
-23.45299848,43.49163000
-23.45199848,43.49163000
-23.45099848,43.49163000
-23.44999848,43.49163000
-23.44899848,43.49163000
-23.44799848,41.59695000
-23.44699848,41.59695000
-23.44599848,41.59695000
-23.44499848,41.59695000
-23.44399848,43.49163000
-23.44299848,43.49163000
-23.44199848,43.49163000
-23.44099848,43.49163000
-23.43999848,41.59695000
-23.43899848,41.59695000
-23.43799848,39.70842000
-23.43699848,39.70842000
-23.43599848,39.70842000
-23.43499848,39.70842000
-23.43399848,41.59695000
-23.43299848,41.59695000
-23.43199848,41.59695000
-23.43099848,41.59695000
-23.42999848,39.70842000
-23.42899848,39.70842000
-23.42799848,37.81988000
-23.42699848,37.81988000
-23.42599848,39.70842000
-23.42499848,39.70842000
-23.42399848,39.70842000
-23.42299848,41.59695000
-23.42199848,41.59695000
-23.42099848,41.59695000
-23.41999848,41.59695000
-23.41899848,39.70842000
-23.41799848,39.70842000
-23.41699848,41.59695000
-23.41599848,41.59695000
-23.41499848,41.59695000
-23.41399848,41.59695000
-23.41299848,41.59695000
-23.41199848,41.59695000
-23.41099848,41.59695000
-23.40999848,41.59695000
-23.40899848,41.59695000
-23.40799848,41.59695000
-23.40699848,41.59695000
-23.40599848,41.59695000
-23.40499848,43.49163000
-23.40399848,43.49163000
-23.40299848,43.49163000
-23.40199848,43.49163000
-23.40099848,43.49163000
-23.39999848,43.49163000
-23.39899848,41.59695000
-23.39799848,43.49163000
-23.39699848,43.49163000
-23.39599848,43.49163000
-23.39499848,43.49163000
-23.39399848,43.49163000
-23.39299848,43.49163000
-23.39199848,43.49163000
-23.39099848,41.59695000
-23.38999848,41.59695000
-23.38899848,41.59695000
-23.38799848,43.49163000
-23.38699848,43.49163000
-23.38599848,43.49163000
-23.38499848,43.49163000
-23.38399848,43.49163000
-23.38299848,41.59695000
-23.38199848,41.59695000
-23.38099848,41.59695000
-23.37999848,41.59695000
-23.37899848,41.59695000
-23.37799848,41.59695000
-23.37699848,43.49163000
-23.37599848,43.49163000
-23.37499848,43.49163000
-23.37399848,41.59695000
-23.37299848,41.59695000
-23.37199848,41.59695000
-23.37099848,41.59695000
-23.36999848,39.70842000
-23.36899848,41.59695000
-23.36799848,41.59695000
-23.36699848,41.59695000
-23.36599848,41.59695000
-23.36499848,41.59695000
-23.36399848,41.59695000
-23.36299848,41.59695000
-23.36199848,39.70842000
-23.36099848,41.59695000
-23.35999848,41.59695000
-23.35899848,41.59695000
-23.35799848,41.59695000
-23.35699848,41.59695000
-23.35599848,41.59695000
-23.35499848,39.70842000
-23.35399848,41.59695000
-23.35299848,41.59695000
-23.35199848,41.59695000
-23.35099848,41.59695000
-23.34999848,41.59695000
-23.34899848,41.59695000
-23.34799848,41.59695000
-23.34699848,41.59695000
-23.34599848,41.59695000
-23.34499848,41.59695000
-23.34399848,41.59695000
-23.34299848,41.59695000
-23.34199848,43.49163000
-23.34099848,43.49163000
-23.33999848,43.49163000
-23.33899848,43.49163000
-23.33799848,43.49163000
-23.33699848,43.49163000
-23.33599848,41.59695000
-23.33499848,41.59695000
-23.33399848,41.59695000
-23.33299849,43.49163000
-23.33199849,43.49163000
-23.33099849,43.49163000
-23.32999849,45.38017000
-23.32899849,45.38017000
-23.32799849,43.49163000
-23.32699849,43.49163000
-23.32599849,43.49163000
-23.32499849,41.59695000
-23.32399849,41.59695000
-23.32299849,43.49163000
-23.32199849,43.49163000
-23.32099849,45.38017000
-23.31999849,45.38017000
-23.31899849,45.38017000
-23.31799849,45.38017000
-23.31699849,45.38017000
-23.31599849,43.49163000
-23.31499849,43.49163000
-23.31399849,41.59695000
-23.31299849,43.49163000
-23.31199849,43.49163000
-23.31099849,45.38017000
-23.30999849,45.38017000
-23.30899849,45.38017000
-23.30799849,43.49163000
-23.30699849,43.49163000
-23.30599849,43.49163000
-23.30499849,43.49163000
-23.30399849,41.59695000
-23.30299849,41.59695000
-23.30199849,41.59695000
-23.30099849,43.49163000
-23.29999849,43.49163000
-23.29899849,43.49163000
-23.29799849,43.49163000
-23.29699849,43.49163000
-23.29599849,43.49163000
-23.29499849,41.59695000
-23.29399849,41.59695000
-23.29299849,41.59695000
-23.29199849,41.59695000
-23.29099849,43.49163000
-23.28999849,43.49163000
-23.28899849,43.49163000
-23.28799849,43.49163000
-23.28699849,43.49163000
-23.28599849,43.49163000
-23.28499849,43.49163000
-23.28399849,43.49163000
-23.28299849,43.49163000
-23.28199849,43.49163000
-23.28099849,43.49163000
-23.27999849,43.49163000
-23.27899849,43.49163000
-23.27799849,43.49163000
-23.27699849,45.38017000
-23.27599849,45.38017000
-23.27499849,45.38017000
-23.27399849,45.38017000
-23.27299849,45.38017000
-23.27199849,43.49163000
-23.27099849,43.49163000
-23.26999849,43.49163000
-23.26899849,45.38017000
-23.26799849,45.38017000
-23.26699849,45.38017000
-23.26599849,45.38017000
-23.26499849,45.38017000
-23.26399849,45.38017000
-23.26299849,45.38017000
-23.26199849,45.38017000
-23.26099849,43.49163000
-23.25999849,43.49163000
-23.25899849,43.49163000
-23.25799849,43.49163000
-23.25699849,43.49163000
-23.25599849,43.49163000
-23.25499849,43.49163000
-23.25399849,43.49163000
-23.25299849,43.49163000
-23.25199849,43.49163000
-23.25099849,41.59695000
-23.24999849,41.59695000
-23.24899849,43.49163000
-23.24799849,41.59695000
-23.24699849,41.59695000
-23.24599849,41.59695000
-23.24499849,41.59695000
-23.24399849,41.59695000
-23.24299849,41.59695000
-23.24199849,41.59695000
-23.24099849,41.59695000
-23.23999849,41.59695000
-23.23899849,41.59695000
-23.23799849,41.59695000
-23.23699849,41.59695000
-23.23599849,39.70842000
-23.23499849,39.70842000
-23.23399849,39.70842000
-23.23299849,39.70842000
-23.23199849,39.70842000
-23.23099849,39.70842000
-23.22999849,39.70842000
-23.22899849,39.70842000
-23.22799849,37.81988000
-23.22699849,37.81988000
-23.22599849,35.92520000
-23.22499849,35.92520000
-23.22399849,35.92520000
-23.22299849,35.92520000
-23.22199849,37.81988000
-23.22099849,37.81988000
-23.21999849,39.70842000
-23.21899849,39.70842000
-23.21799849,39.70842000
-23.21699849,39.70842000
-23.21599849,39.70842000
-23.21499849,39.70842000
-23.21399849,39.70842000
-23.21299849,39.70842000
-23.21199849,41.59695000
-23.21099849,41.59695000
-23.20999849,41.59695000
-23.20899849,43.49163000
-23.20799849,41.59695000
-23.20699849,41.59695000
-23.20599849,39.70842000
-23.20499849,39.70842000
-23.20399849,39.70842000
-23.20299849,39.70842000
-23.20199849,39.70842000
-23.20099849,41.59695000
-23.19999849,39.70842000
-23.19899849,39.70842000
-23.19799849,39.70842000
-23.19699849,39.70842000
-23.19599849,39.70842000
-23.19499849,39.70842000
-23.19399849,39.70842000
-23.19299849,41.59695000
-23.19199849,41.59695000
-23.19099849,43.49163000
-23.18999849,43.49163000
-23.18899849,45.38017000
-23.18799849,45.38017000
-23.18699849,47.27485000
-23.18599849,47.27485000
-23.18499849,47.27485000
-23.18399849,47.27485000
-23.18299849,47.27485000
-23.18199849,47.27485000
-23.18099849,47.27485000
-23.17999849,47.27485000
-23.17899849,47.27485000
-23.17799849,45.38017000
-23.17699849,45.38017000
-23.17599849,43.49163000
-23.17499849,43.49163000
-23.17399849,43.49163000
-23.17299849,43.49163000
-23.17199849,41.59695000
-23.17099849,41.59695000
-23.16999849,39.70842000
-23.16899849,39.70842000
-23.16799849,37.81988000
-23.16699849,39.70842000
-23.16599849,39.70842000
-23.16499849,39.70842000
-23.16399849,41.59695000
-23.16299849,41.59695000
-23.16199849,41.59695000
-23.16099849,41.59695000
-23.15999849,41.59695000
-23.15899849,41.59695000
-23.15799849,41.59695000
-23.15699849,43.49163000
-23.15599849,43.49163000
-23.15499849,45.38017000
-23.15399849,45.38017000
-23.15299849,45.38017000
-23.15199849,43.49163000
-23.15099849,43.49163000
-23.14999849,43.49163000
-23.14899849,41.59695000
-23.14799849,41.59695000
-23.14699849,41.59695000
-23.14599849,41.59695000
-23.14499849,41.59695000
-23.14399849,41.59695000
-23.14299849,41.59695000
-23.14199849,41.59695000
-23.14099849,41.59695000
-23.13999849,39.70842000
-23.13899849,41.59695000
-23.13799849,41.59695000
-23.13699849,43.49163000
-23.13599849,43.49163000
-23.13499849,43.49163000
-23.13399849,43.49163000
-23.13299849,43.49163000
-23.13199849,43.49163000
-23.13099849,43.49163000
-23.12999849,45.38017000
-23.12899849,45.38017000
-23.12799849,45.38017000
-23.12699849,47.27485000
-23.12599849,47.27485000
-23.12499849,47.27485000
-23.12399849,47.27485000
-23.12299849,47.27485000
-23.12199849,45.38017000
-23.12099849,45.38017000
-23.11999849,45.38017000
-23.11899849,45.38017000
-23.11799849,45.38017000
-23.11699849,45.38017000
-23.11599849,45.38017000
-23.11499849,45.38017000
-23.11399849,43.49163000
-23.11299849,43.49163000
-23.11199849,43.49163000
-23.11099849,43.49163000
-23.10999849,43.49163000
-23.10899849,43.49163000
-23.10799849,43.49163000
-23.10699849,43.49163000
-23.10599849,43.49163000
-23.10499849,41.59695000
-23.10399849,41.59695000
-23.10299849,41.59695000
-23.10199849,43.49163000
-23.10099849,43.49163000
-23.09999849,45.38017000
-23.09899849,45.38017000
-23.09799849,45.38017000
-23.09699849,45.38017000
-23.09599849,43.49163000
-23.09499849,43.49163000
-23.09399849,41.59695000
-23.09299849,41.59695000
-23.09199849,41.59695000
-23.09099849,43.49163000
-23.08999849,45.38017000
-23.08899849,45.38017000
-23.08799849,45.38017000
-23.08699849,45.38017000
-23.08599849,43.49163000
-23.08499849,43.49163000
-23.08399849,41.59695000
-23.08299849,41.59695000
-23.08199849,41.59695000
-23.08099849,43.49163000
-23.07999849,45.38017000
-23.07899849,47.27485000
-23.07799849,47.27485000
-23.07699849,47.27485000
-23.07599849,47.27485000
-23.07499849,47.27485000
-23.07399849,47.27485000
-23.07299849,47.27485000
-23.07199849,45.38017000
-23.07099849,47.27485000
-23.06999849,49.16338000
-23.06899849,49.16338000
-23.06799849,49.16338000
-23.06699849,49.16338000
-23.06599849,47.27485000
-23.06499849,47.27485000
-23.06399849,47.27485000
-23.06299849,47.27485000
-23.06199849,47.27485000
-23.06099849,47.27485000
-23.05999849,47.27485000
-23.05899849,47.27485000
-23.05799849,47.27485000
-23.05699849,47.27485000
-23.05599849,45.38017000
-23.05499849,45.38017000
-23.05399849,45.38017000
-23.05299849,45.38017000
-23.05199849,45.38017000
-23.05099849,45.38017000
-23.04999849,45.38017000
-23.04899849,47.27485000
-23.04799849,47.27485000
-23.04699849,45.38017000
-23.04599849,45.38017000
-23.04499849,45.38017000
-23.04399849,45.38017000
-23.04299849,45.38017000
-23.04199849,45.38017000
-23.04099849,45.38017000
-23.03999849,45.38017000
-23.03899849,43.49163000
-23.03799849,45.38017000
-23.03699849,43.49163000
-23.03599849,43.49163000
-23.03499849,43.49163000
-23.03399849,43.49163000
-23.03299849,43.49163000
-23.03199849,43.49163000
-23.03099849,43.49163000
-23.02999849,41.59695000
-23.02899849,41.59695000
-23.02799849,41.59695000
-23.02699849,41.59695000
-23.02599849,41.59695000
-23.02499849,43.49163000
-23.02399849,43.49163000
-23.02299849,43.49163000
-23.02199849,43.49163000
-23.02099849,43.49163000
-23.01999849,43.49163000
-23.01899849,43.49163000
-23.01799849,43.49163000
-23.01699849,43.49163000
-23.01599849,45.38017000
-23.01499849,45.38017000
-23.01399849,45.38017000
-23.01299849,45.38017000
-23.01199849,45.38017000
-23.01099849,43.49163000
-23.00999849,43.49163000
-23.00899849,43.49163000
-23.00799849,43.49163000
-23.00699849,43.49163000
-23.00599849,45.38017000
-23.00499849,45.38017000
-23.00399849,45.38017000
-23.00299849,45.38017000
-23.00199849,45.38017000
-23.00099849,43.49163000
-22.99999849,43.49163000
-22.99899849,41.59695000
-22.99799849,43.49163000
-22.99699849,43.49163000
-22.99599849,45.38017000
-22.99499849,45.38017000
-22.99399849,45.38017000
-22.99299849,45.38017000
-22.99199849,45.38017000
-22.99099849,43.49163000
-22.98999849,43.49163000
-22.98899849,43.49163000
-22.98799849,43.49163000
-22.98699849,43.49163000
-22.98599849,43.49163000
-22.98499849,45.38017000
-22.98399849,45.38017000
-22.98299849,45.38017000
-22.98199849,45.38017000
-22.98099849,43.49163000
-22.97999849,43.49163000
-22.97899850,41.59695000
-22.97799850,41.59695000
-22.97699850,41.59695000
-22.97599850,43.49163000
-22.97499850,43.49163000
-22.97399850,43.49163000
-22.97299850,43.49163000
-22.97199850,41.59695000
-22.97099850,41.59695000
-22.96999850,41.59695000
-22.96899850,41.59695000
-22.96799850,41.59695000
-22.96699850,41.59695000
-22.96599850,41.59695000
-22.96499850,41.59695000
-22.96399850,41.59695000
-22.96299850,41.59695000
-22.96199850,41.59695000
-22.96099850,43.49163000
-22.95999850,43.49163000
-22.95899850,43.49163000
-22.95799850,43.49163000
-22.95699850,41.59695000
-22.95599850,41.59695000
-22.95499850,41.59695000
-22.95399850,41.59695000
-22.95299850,41.59695000
-22.95199850,41.59695000
-22.95099850,41.59695000
-22.94999850,43.49163000
-22.94899850,43.49163000
-22.94799850,43.49163000
-22.94699850,43.49163000
-22.94599850,41.59695000
-22.94499850,41.59695000
-22.94399850,41.59695000
-22.94299850,41.59695000
-22.94199850,43.49163000
-22.94099850,43.49163000
-22.93999850,43.49163000
-22.93899850,43.49163000
-22.93799850,43.49163000
-22.93699850,41.59695000
-22.93599850,41.59695000
-22.93499850,41.59695000
-22.93399850,39.70842000
-22.93299850,39.70842000
-22.93199850,39.70842000
-22.93099850,41.59695000
-22.92999850,41.59695000
-22.92899850,43.49163000
-22.92799850,43.49163000
-22.92699850,43.49163000
-22.92599850,41.59695000
-22.92499850,41.59695000
-22.92399850,41.59695000
-22.92299850,39.70842000
-22.92199850,39.70842000
-22.92099850,41.59695000
-22.91999850,39.70842000
-22.91899850,39.70842000
-22.91799850,41.59695000
-22.91699850,41.59695000
-22.91599850,41.59695000
-22.91499850,41.59695000
-22.91399850,39.70842000
-22.91299850,41.59695000
-22.91199850,39.70842000
-22.91099850,39.70842000
-22.90999850,39.70842000
-22.90899850,39.70842000
-22.90799850,39.70842000
-22.90699850,39.70842000
-22.90599850,39.70842000
-22.90499850,39.70842000
-22.90399850,41.59695000
-22.90299850,41.59695000
-22.90199850,41.59695000
-22.90099850,39.70842000
-22.89999850,39.70842000
-22.89899850,39.70842000
-22.89799850,39.70842000
-22.89699850,39.70842000
-22.89599850,39.70842000
-22.89499850,41.59695000
-22.89399850,41.59695000
-22.89299850,41.59695000
-22.89199850,43.49163000
-22.89099850,41.59695000
-22.88999850,41.59695000
-22.88899850,41.59695000
-22.88799850,39.70842000
-22.88699850,39.70842000
-22.88599850,39.70842000
-22.88499850,39.70842000
-22.88399850,41.59695000
-22.88299850,41.59695000
-22.88199850,41.59695000
-22.88099850,41.59695000
-22.87999850,41.59695000
-22.87899850,39.70842000
-22.87799850,39.70842000
-22.87699850,39.70842000
-22.87599850,41.59695000
-22.87499850,41.59695000
-22.87399850,41.59695000
-22.87299850,41.59695000
-22.87199850,41.59695000
-22.87099850,41.59695000
-22.86999850,41.59695000
-22.86899850,41.59695000
-22.86799850,41.59695000
-22.86699850,39.70842000
-22.86599850,39.70842000
-22.86499850,39.70842000
-22.86399850,39.70842000
-22.86299850,39.70842000
-22.86199850,39.70842000
-22.86099850,39.70842000
-22.85999850,39.70842000
-22.85899850,39.70842000
-22.85799850,39.70842000
-22.85699850,39.70842000
-22.85599850,39.70842000
-22.85499850,39.70842000
-22.85399850,39.70842000
-22.85299850,39.70842000
-22.85199850,41.59695000
-22.85099850,41.59695000
-22.84999850,41.59695000
-22.84899850,43.49163000
-22.84799850,43.49163000
-22.84699850,41.59695000
-22.84599850,41.59695000
-22.84499850,41.59695000
-22.84399850,41.59695000
-22.84299850,41.59695000
-22.84199850,41.59695000
-22.84099850,43.49163000
-22.83999850,45.38017000
-22.83899850,45.38017000
-22.83799850,45.38017000
-22.83699850,45.38017000
-22.83599850,45.38017000
-22.83499850,45.38017000
-22.83399850,43.49163000
-22.83299850,45.38017000
-22.83199850,43.49163000
-22.83099850,43.49163000
-22.82999850,45.38017000
-22.82899850,45.38017000
-22.82799850,45.38017000
-22.82699850,45.38017000
-22.82599850,45.38017000
-22.82499850,43.49163000
-22.82399850,43.49163000
-22.82299850,43.49163000
-22.82199850,43.49163000
-22.82099850,43.49163000
-22.81999850,43.49163000
-22.81899850,43.49163000
-22.81799850,43.49163000
-22.81699850,41.59695000
-22.81599850,41.59695000
-22.81499850,41.59695000
-22.81399850,41.59695000
-22.81299850,41.59695000
-22.81199850,41.59695000
-22.81099850,41.59695000
-22.80999850,41.59695000
-22.80899850,41.59695000
-22.80799850,41.59695000
-22.80699850,41.59695000
-22.80599850,39.70842000
-22.80499850,39.70842000
-22.80399850,39.70842000
-22.80299850,39.70842000
-22.80199850,39.70842000
-22.80099850,39.70842000
-22.79999850,39.70842000
-22.79899850,39.70842000
-22.79799850,39.70842000
-22.79699850,39.70842000
-22.79599850,39.70842000
-22.79499850,39.70842000
-22.79399850,39.70842000
-22.79299850,39.70842000
-22.79199850,39.70842000
-22.79099850,37.81988000
-22.78999850,37.81988000
-22.78899850,37.81988000
-22.78799850,37.81988000
-22.78699850,37.81988000
-22.78599850,39.70842000
-22.78499850,41.59695000
-22.78399850,41.59695000
-22.78299850,41.59695000
-22.78199850,39.70842000
-22.78099850,39.70842000
-22.77999850,37.81988000
-22.77899850,37.81988000
-22.77799850,37.81988000
-22.77699850,37.81988000
-22.77599850,39.70842000
-22.77499850,41.59695000
-22.77399850,41.59695000
-22.77299850,43.49163000
-22.77199850,43.49163000
-22.77099850,43.49163000
-22.76999850,41.59695000
-22.76899850,41.59695000
-22.76799850,37.81988000
-22.76699850,37.81988000
-22.76599850,37.81988000
-22.76499850,39.70842000
-22.76399850,39.70842000
-22.76299850,41.59695000
-22.76199850,41.59695000
-22.76099850,43.49163000
-22.75999850,43.49163000
-22.75899850,41.59695000
-22.75799850,41.59695000
-22.75699850,39.70842000
-22.75599850,39.70842000
-22.75499850,39.70842000
-22.75399850,39.70842000
-22.75299850,39.70842000
-22.75199850,39.70842000
-22.75099850,39.70842000
-22.74999850,39.70842000
-22.74899850,39.70842000
-22.74799850,39.70842000
-22.74699850,39.70842000
-22.74599850,37.81988000
-22.74499850,37.81988000
-22.74399850,37.81988000
-22.74299850,35.92520000
-22.74199850,34.03666000
-22.74099850,32.14198000
-22.73999850,34.03666000
-22.73899850,35.92520000
-22.73799850,37.81988000
-22.73699850,37.81988000
-22.73599850,35.92520000
-22.73499850,34.03666000
-22.73399850,34.03666000
-22.73299850,32.14198000
-22.73199850,32.14198000
-22.73099850,32.14198000
-22.72999850,34.03666000
-22.72899850,34.03666000
-22.72799850,35.92520000
-22.72699850,35.92520000
-22.72599850,35.92520000
-22.72499850,35.92520000
-22.72399850,35.92520000
-22.72299850,34.03666000
-22.72199850,34.03666000
-22.72099850,34.03666000
-22.71999850,34.03666000
-22.71899850,35.92520000
-22.71799850,37.81988000
-22.71699850,39.70842000
-22.71599850,39.70842000
-22.71499850,39.70842000
-22.71399850,37.81988000
-22.71299850,35.92520000
-22.71199850,34.03666000
-22.71099850,34.03666000
-22.70999850,35.92520000
-22.70899850,37.81988000
-22.70799850,39.70842000
-22.70699850,39.70842000
-22.70599850,39.70842000
-22.70499850,39.70842000
-22.70399850,39.70842000
-22.70299850,37.81988000
-22.70199850,37.81988000
-22.70099850,37.81988000
-22.69999850,37.81988000
-22.69899850,37.81988000
-22.69799850,39.70842000
-22.69699850,39.70842000
-22.69599850,39.70842000
-22.69499850,39.70842000
-22.69399850,39.70842000
-22.69299850,39.70842000
-22.69199850,39.70842000
-22.69099850,37.81988000
-22.68999850,37.81988000
-22.68899850,37.81988000
-22.68799850,37.81988000
-22.68699850,37.81988000
-22.68599850,37.81988000
-22.68499850,37.81988000
-22.68399850,35.92520000
-22.68299850,35.92520000
-22.68199850,35.92520000
-22.68099850,37.81988000
-22.67999850,37.81988000
-22.67899850,37.81988000
-22.67799850,37.81988000
-22.67699850,37.81988000
-22.67599850,37.81988000
-22.67499850,35.92520000
-22.67399850,35.92520000
-22.67299850,35.92520000
-22.67199850,35.92520000
-22.67099850,35.92520000
-22.66999850,37.81988000
-22.66899850,37.81988000
-22.66799850,35.92520000
-22.66699850,35.92520000
-22.66599850,35.92520000
-22.66499850,35.92520000
-22.66399850,35.92520000
-22.66299850,35.92520000
-22.66199850,37.81988000
-22.66099850,37.81988000
-22.65999850,37.81988000
-22.65899850,37.81988000
-22.65799850,37.81988000
-22.65699850,37.81988000
-22.65599850,35.92520000
-22.65499850,35.92520000
-22.65399850,37.81988000
-22.65299850,37.81988000
-22.65199850,37.81988000
-22.65099850,39.70842000
-22.64999850,39.70842000
-22.64899850,39.70842000
-22.64799850,37.81988000
-22.64699850,35.92520000
-22.64599850,35.92520000
-22.64499850,37.81988000
-22.64399850,37.81988000
-22.64299850,37.81988000
-22.64199850,37.81988000
-22.64099850,37.81988000
-22.63999850,37.81988000
-22.63899850,35.92520000
-22.63799850,35.92520000
-22.63699850,35.92520000
-22.63599850,35.92520000
-22.63499850,35.92520000
-22.63399850,35.92520000
-22.63299850,37.81988000
-22.63199850,37.81988000
-22.63099850,35.92520000
-22.62999850,35.92520000
-22.62899850,35.92520000
-22.62799850,35.92520000
-22.62699850,35.92520000
-22.62599850,35.92520000
-22.62499851,37.81988000
-22.62399851,37.81988000
-22.62299851,37.81988000
-22.62199851,37.81988000
-22.62099851,37.81988000
-22.61999851,35.92520000
-22.61899851,34.03666000
-22.61799851,34.03666000
-22.61699851,34.03666000
-22.61599851,35.92520000
-22.61499851,35.92520000
-22.61399851,37.81988000
-22.61299851,37.81988000
-22.61199851,37.81988000
-22.61099851,37.81988000
-22.60999851,37.81988000
-22.60899851,37.81988000
-22.60799851,35.92520000
-22.60699851,35.92520000
-22.60599851,35.92520000
-22.60499851,35.92520000
-22.60399851,37.81988000
-22.60299851,37.81988000
-22.60199851,37.81988000
-22.60099851,37.81988000
-22.59999851,37.81988000
-22.59899851,37.81988000
-22.59799851,37.81988000
-22.59699851,37.81988000
-22.59599851,37.81988000
-22.59499851,37.81988000
-22.59399851,35.92520000
-22.59299851,35.92520000
-22.59199851,35.92520000
-22.59099851,35.92520000
-22.58999851,35.92520000
-22.58899851,37.81988000
-22.58799851,37.81988000
-22.58699851,39.70842000
-22.58599851,39.70842000
-22.58499851,37.81988000
-22.58399851,37.81988000
-22.58299851,37.81988000
-22.58199851,35.92520000
-22.58099851,34.03666000
-22.57999851,34.03666000
-22.57899851,35.92520000
-22.57799851,35.92520000
-22.57699851,35.92520000
-22.57599851,35.92520000
-22.57499851,35.92520000
-22.57399851,35.92520000
-22.57299851,35.92520000
-22.57199851,34.03666000
-22.57099851,34.03666000
-22.56999851,35.92520000
-22.56899851,35.92520000
-22.56799851,35.92520000
-22.56699851,35.92520000
-22.56599851,35.92520000
-22.56499851,37.81988000
-22.56399851,37.81988000
-22.56299851,37.81988000
-22.56199851,37.81988000
-22.56099851,37.81988000
-22.55999851,37.81988000
-22.55899851,35.92520000
-22.55799851,35.92520000
-22.55699851,35.92520000
-22.55599851,34.03666000
-22.55499851,34.03666000
-22.55399851,34.03666000
-22.55299851,35.92520000
-22.55199851,34.03666000
-22.55099851,32.14198000
-22.54999851,32.14198000
-22.54899851,34.03666000
-22.54799851,34.03666000
-22.54699851,34.03666000
-22.54599851,34.03666000
-22.54499851,34.03666000
-22.54399851,35.92520000
-22.54299851,35.92520000
-22.54199851,35.92520000
-22.54099851,35.92520000
-22.53999851,35.92520000
-22.53899851,35.92520000
-22.53799851,35.92520000
-22.53699851,35.92520000
-22.53599851,35.92520000
-22.53499851,35.92520000
-22.53399851,35.92520000
-22.53299851,35.92520000
-22.53199851,35.92520000
-22.53099851,37.81988000
-22.52999851,35.92520000
-22.52899851,35.92520000
-22.52799851,35.92520000
-22.52699851,35.92520000
-22.52599851,35.92520000
-22.52499851,35.92520000
-22.52399851,35.92520000
-22.52299851,35.92520000
-22.52199851,35.92520000
-22.52099851,35.92520000
-22.51999851,35.92520000
-22.51899851,35.92520000
-22.51799851,34.03666000
-22.51699851,34.03666000
-22.51599851,32.14198000
-22.51499851,34.03666000
-22.51399851,34.03666000
-22.51299851,34.03666000
-22.51199851,34.03666000
-22.51099851,34.03666000
-22.50999851,34.03666000
-22.50899851,32.14198000
-22.50799851,32.14198000
-22.50699851,34.03666000
-22.50599851,34.03666000
-22.50499851,34.03666000
-22.50399851,35.92520000
-22.50299851,35.92520000
-22.50199851,35.92520000
-22.50099851,34.03666000
-22.49999851,34.03666000
-22.49899851,32.14198000
-22.49799851,32.14198000
-22.49699851,34.03666000
-22.49599851,34.03666000
-22.49499851,34.03666000
-22.49399851,34.03666000
-22.49299851,34.03666000
-22.49199851,32.14198000
-22.49099851,32.14198000
-22.48999851,32.14198000
-22.48899851,34.03666000
-22.48799851,34.03666000
-22.48699851,35.92520000
-22.48599851,35.92520000
-22.48499851,37.81988000
-22.48399851,37.81988000
-22.48299851,35.92520000
-22.48199851,35.92520000
-22.48099851,35.92520000
-22.47999851,35.92520000
-22.47899851,34.03666000
-22.47799851,34.03666000
-22.47699851,35.92520000
-22.47599851,35.92520000
-22.47499851,35.92520000
-22.47399851,34.03666000
-22.47299851,34.03666000
-22.47199851,32.14198000
-22.47099851,30.25344000
-22.46999851,30.25344000
-22.46899851,32.14198000
-22.46799851,32.14198000
-22.46699851,32.14198000
-22.46599851,34.03666000
-22.46499851,34.03666000
-22.46399851,34.03666000
-22.46299851,35.92520000
-22.46199851,35.92520000
-22.46099851,34.03666000
-22.45999851,34.03666000
-22.45899851,34.03666000
-22.45799851,34.03666000
-22.45699851,35.92520000
-22.45599851,35.92520000
-22.45499851,35.92520000
-22.45399851,34.03666000
-22.45299851,34.03666000
-22.45199851,32.14198000
-22.45099851,32.14198000
-22.44999851,32.14198000
-22.44899851,32.14198000
-22.44799851,32.14198000
-22.44699851,32.14198000
-22.44599851,34.03666000
-22.44499851,34.03666000
-22.44399851,32.14198000
-22.44299851,32.14198000
-22.44199851,32.14198000
-22.44099851,34.03666000
-22.43999851,34.03666000
-22.43899851,35.92520000
-22.43799851,35.92520000
-22.43699851,35.92520000
-22.43599851,35.92520000
-22.43499851,35.92520000
-22.43399851,35.92520000
-22.43299851,34.03666000
-22.43199851,34.03666000
-22.43099851,34.03666000
-22.42999851,34.03666000
-22.42899851,35.92520000
-22.42799851,34.03666000
-22.42699851,34.03666000
-22.42599851,32.14198000
-22.42499851,32.14198000
-22.42399851,32.14198000
-22.42299851,32.14198000
-22.42199851,32.14198000
-22.42099851,32.14198000
-22.41999851,34.03666000
-22.41899851,34.03666000
-22.41799851,34.03666000
-22.41699851,34.03666000
-22.41599851,34.03666000
-22.41499851,34.03666000
-22.41399851,34.03666000
-22.41299851,34.03666000
-22.41199851,34.03666000
-22.41099851,34.03666000
-22.40999851,34.03666000
-22.40899851,35.92520000
-22.40799851,34.03666000
-22.40699851,32.14198000
-22.40599851,32.14198000
-22.40499851,30.25344000
-22.40399851,30.25344000
-22.40299851,30.25344000
-22.40199851,30.25344000
-22.40099851,32.14198000
-22.39999851,32.14198000
-22.39899851,32.14198000
-22.39799851,32.14198000
-22.39699851,32.14198000
-22.39599851,30.25344000
-22.39499851,30.25344000
-22.39399851,30.25344000
-22.39299851,32.14198000
-22.39199851,32.14198000
-22.39099851,32.14198000
-22.38999851,34.03666000
-22.38899851,34.03666000
-22.38799851,34.03666000
-22.38699851,34.03666000
-22.38599851,32.14198000
-22.38499851,32.14198000
-22.38399851,32.14198000
-22.38299851,32.14198000
-22.38199851,32.14198000
-22.38099851,32.14198000
-22.37999851,32.14198000
-22.37899851,32.14198000
-22.37799851,32.14198000
-22.37699851,32.14198000
-22.37599851,30.25344000
-22.37499851,32.14198000
-22.37399851,32.14198000
-22.37299851,32.14198000
-22.37199851,32.14198000
-22.37099851,32.14198000
-22.36999851,34.03666000
-22.36899851,34.03666000
-22.36799851,34.03666000
-22.36699851,34.03666000
-22.36599851,32.14198000
-22.36499851,34.03666000
-22.36399851,34.03666000
-22.36299851,34.03666000
-22.36199851,34.03666000
-22.36099851,32.14198000
-22.35999851,32.14198000
-22.35899851,30.25344000
-22.35799851,30.25344000
-22.35699851,30.25344000
-22.35599851,30.25344000
-22.35499851,30.25344000
-22.35399851,32.14198000
-22.35299851,32.14198000
-22.35199851,32.14198000
-22.35099851,30.25344000
-22.34999851,30.25344000
-22.34899851,30.25344000
-22.34799851,30.25344000
-22.34699851,30.25344000
-22.34599851,30.25344000
-22.34499851,30.25344000
-22.34399851,32.14198000
-22.34299851,32.14198000
-22.34199851,32.14198000
-22.34099851,32.14198000
-22.33999851,30.25344000
-22.33899851,30.25344000
-22.33799851,30.25344000
-22.33699851,30.25344000
-22.33599851,30.25344000
-22.33499851,30.25344000
-22.33399851,30.25344000
-22.33299851,28.36491000
-22.33199851,28.36491000
-22.33099851,28.36491000
-22.32999851,28.36491000
-22.32899851,28.36491000
-22.32799851,28.36491000
-22.32699851,28.36491000
-22.32599851,30.25344000
-22.32499851,30.25344000
-22.32399851,30.25344000
-22.32299851,30.25344000
-22.32199851,30.25344000
-22.32099851,30.25344000
-22.31999851,30.25344000
-22.31899851,30.25344000
-22.31799851,32.14198000
-22.31699851,32.14198000
-22.31599851,32.14198000
-22.31499851,32.14198000
-22.31399851,32.14198000
-22.31299851,32.14198000
-22.31199851,32.14198000
-22.31099851,32.14198000
-22.30999851,30.25344000
-22.30899851,30.25344000
-22.30799851,30.25344000
-22.30699851,30.25344000
-22.30599851,32.14198000
-22.30499851,32.14198000
-22.30399851,32.14198000
-22.30299851,30.25344000
-22.30199851,30.25344000
-22.30099851,30.25344000
-22.29999851,30.25344000
-22.29899851,30.25344000
-22.29799851,30.25344000
-22.29699851,32.14198000
-22.29599851,32.14198000
-22.29499851,32.14198000
-22.29399851,32.14198000
-22.29299851,30.25344000
-22.29199851,30.25344000
-22.29099851,30.25344000
-22.28999851,30.25344000
-22.28899851,30.25344000
-22.28799851,30.25344000
-22.28699851,30.25344000
-22.28599851,30.25344000
-22.28499851,30.25344000
-22.28399851,28.36491000
-22.28299851,28.36491000
-22.28199851,28.36491000
-22.28099851,30.25344000
-22.27999851,30.25344000
-22.27899851,28.36491000
-22.27799851,28.36491000
-22.27699851,28.36491000
-22.27599851,28.36491000
-22.27499851,28.36491000
-22.27399851,28.36491000
-22.27299851,28.36491000
-22.27199852,28.36491000
-22.27099852,28.36491000
-22.26999852,30.25344000
-22.26899852,30.25344000
-22.26799852,30.25344000
-22.26699852,28.36491000
-22.26599852,28.36491000
-22.26499852,28.36491000
-22.26399852,28.36491000
-22.26299852,28.36491000
-22.26199852,28.36491000
-22.26099852,28.36491000
-22.25999852,28.36491000
-22.25899852,30.25344000
-22.25799852,30.25344000
-22.25699852,30.25344000
-22.25599852,28.36491000
-22.25499852,28.36491000
-22.25399852,28.36491000
-22.25299852,28.36491000
-22.25199852,28.36491000
-22.25099852,30.25344000
-22.24999852,28.36491000
-22.24899852,30.25344000
-22.24799852,30.25344000
-22.24699852,30.25344000
-22.24599852,30.25344000
-22.24499852,30.25344000
-22.24399852,28.36491000
-22.24299852,28.36491000
-22.24199852,28.36491000
-22.24099852,28.36491000
-22.23999852,28.36491000
-22.23899852,28.36491000
-22.23799852,30.25344000
-22.23699852,28.36491000
-22.23599852,28.36491000
-22.23499852,28.36491000
-22.23399852,28.36491000
-22.23299852,28.36491000
-22.23199852,28.36491000
-22.23099852,28.36491000
-22.22999852,28.36491000
-22.22899852,28.36491000
-22.22799852,28.36491000
-22.22699852,30.25344000
-22.22599852,30.25344000
-22.22499852,30.25344000
-22.22399852,30.25344000
-22.22299852,28.36491000
-22.22199852,28.36491000
-22.22099852,28.36491000
-22.21999852,28.36491000
-22.21899852,28.36491000
-22.21799852,30.25344000
-22.21699852,30.25344000
-22.21599852,30.25344000
-22.21499852,30.25344000
-22.21399852,30.25344000
-22.21299852,28.36491000
-22.21199852,28.36491000
-22.21099852,28.36491000
-22.20999852,26.47023000
-22.20899852,26.47023000
-22.20799852,28.36491000
-22.20699852,28.36491000
-22.20599852,30.25344000
-22.20499852,30.25344000
-22.20399852,30.25344000
-22.20299852,30.25344000
-22.20199852,28.36491000
-22.20099852,28.36491000
-22.19999852,28.36491000
-22.19899852,28.36491000
-22.19799852,28.36491000
-22.19699852,30.25344000
-22.19599852,30.25344000
-22.19499852,30.25344000
-22.19399852,30.25344000
-22.19299852,30.25344000
-22.19199852,28.36491000
-22.19099852,28.36491000
-22.18999852,28.36491000
-22.18899852,28.36491000
-22.18799852,28.36491000
-22.18699852,28.36491000
-22.18599852,28.36491000
-22.18499852,28.36491000
-22.18399852,28.36491000
-22.18299852,28.36491000
-22.18199852,26.47023000
-22.18099852,28.36491000
-22.17999852,26.47023000
-22.17899852,26.47023000
-22.17799852,26.47023000
-22.17699852,28.36491000
-22.17599852,28.36491000
-22.17499852,28.36491000
-22.17399852,28.36491000
-22.17299852,28.36491000
-22.17199852,28.36491000
-22.17099852,28.36491000
-22.16999852,28.36491000
-22.16899852,28.36491000
-22.16799852,28.36491000
-22.16699852,26.47023000
-22.16599852,26.47023000
-22.16499852,26.47023000
-22.16399852,26.47023000
-22.16299852,28.36491000
-22.16199852,28.36491000
-22.16099852,30.25344000
-22.15999852,30.25344000
-22.15899852,28.36491000
-22.15799852,28.36491000
-22.15699852,28.36491000
-22.15599852,28.36491000
-22.15499852,28.36491000
-22.15399852,28.36491000
-22.15299852,28.36491000
-22.15199852,28.36491000
-22.15099852,28.36491000
-22.14999852,30.25344000
-22.14899852,30.25344000
-22.14799852,30.25344000
-22.14699852,28.36491000
-22.14599852,28.36491000
-22.14499852,26.47023000
-22.14399852,26.47023000
-22.14299852,28.36491000
-22.14199852,28.36491000
-22.14099852,28.36491000
-22.13999852,30.25344000
-22.13899852,30.25344000
-22.13799852,28.36491000
-22.13699852,28.36491000
-22.13599852,26.47023000
-22.13499852,26.47023000
-22.13399852,26.47023000
-22.13299852,26.47023000
-22.13199852,26.47023000
-22.13099852,26.47023000
-22.12999852,26.47023000
-22.12899852,28.36491000
-22.12799852,28.36491000
-22.12699852,28.36491000
-22.12599852,28.36491000
-22.12499852,26.47023000
-22.12399852,26.47023000
-22.12299852,26.47023000
-22.12199852,26.47023000
-22.12099852,26.47023000
-22.11999852,26.47023000
-22.11899852,24.58169000
-22.11799852,24.58169000
-22.11699852,24.58169000
-22.11599852,24.58169000
-22.11499852,26.47023000
-22.11399852,26.47023000
-22.11299852,26.47023000
-22.11199852,26.47023000
-22.11099852,26.47023000
-22.10999852,24.58169000
-22.10899852,24.58169000
-22.10799852,24.58169000
-22.10699852,26.47023000
-22.10599852,26.47023000
-22.10499852,28.36491000
-22.10399852,28.36491000
-22.10299852,28.36491000
-22.10199852,28.36491000
-22.10099852,26.47023000
-22.09999852,26.47023000
-22.09899852,24.58169000
-22.09799852,24.58169000
-22.09699852,26.47023000
-22.09599852,26.47023000
-22.09499852,26.47023000
-22.09399852,26.47023000
-22.09299852,28.36491000
-22.09199852,28.36491000
-22.09099852,26.47023000
-22.08999852,26.47023000
-22.08899852,26.47023000
-22.08799852,26.47023000
-22.08699852,26.47023000
-22.08599852,26.47023000
-22.08499852,26.47023000
-22.08399852,26.47023000
-22.08299852,26.47023000
-22.08199852,26.47023000
-22.08099852,24.58169000
-22.07999852,24.58169000
-22.07899852,24.58169000
-22.07799852,24.58169000
-22.07699852,24.58169000
-22.07599852,24.58169000
-22.07499852,26.47023000
-22.07399852,26.47023000
-22.07299852,26.47023000
-22.07199852,24.58169000
-22.07099852,24.58169000
-22.06999852,24.58169000
-22.06899852,24.58169000
-22.06799852,22.68701000
-22.06699852,24.58169000
-22.06599852,24.58169000
-22.06499852,26.47023000
-22.06399852,26.47023000
-22.06299852,26.47023000
-22.06199852,24.58169000
-22.06099852,24.58169000
-22.05999852,22.68701000
-22.05899852,22.68701000
-22.05799852,22.68701000
-22.05699852,24.58169000
-22.05599852,24.58169000
-22.05499852,24.58169000
-22.05399852,26.47023000
-22.05299852,26.47023000
-22.05199852,24.58169000
-22.05099852,24.58169000
-22.04999852,24.58169000
-22.04899852,26.47023000
-22.04799852,26.47023000
-22.04699852,24.58169000
-22.04599852,24.58169000
-22.04499852,24.58169000
-22.04399852,24.58169000
-22.04299852,24.58169000
-22.04199852,24.58169000
-22.04099852,26.47023000
-22.03999852,26.47023000
-22.03899852,26.47023000
-22.03799852,28.36491000
-22.03699852,28.36491000
-22.03599852,26.47023000
-22.03499852,26.47023000
-22.03399852,24.58169000
-22.03299852,24.58169000
-22.03199852,24.58169000
-22.03099852,26.47023000
-22.02999852,26.47023000
-22.02899852,28.36491000
-22.02799852,28.36491000
-22.02699852,28.36491000
-22.02599852,26.47023000
-22.02499852,26.47023000
-22.02399852,24.58169000
-22.02299852,24.58169000
-22.02199852,24.58169000
-22.02099852,24.58169000
-22.01999852,26.47023000
-22.01899852,28.36491000
-22.01799852,28.36491000
-22.01699852,28.36491000
-22.01599852,26.47023000
-22.01499852,26.47023000
-22.01399852,24.58169000
-22.01299852,24.58169000
-22.01199852,24.58169000
-22.01099852,24.58169000
-22.00999852,24.58169000
-22.00899852,26.47023000
-22.00799852,26.47023000
-22.00699852,26.47023000
-22.00599852,24.58169000
-22.00499852,24.58169000
-22.00399852,24.58169000
-22.00299852,22.68701000
-22.00199852,24.58169000
-22.00099852,24.58169000
-21.99999852,24.58169000
-21.99899852,24.58169000
-21.99799852,24.58169000
-21.99699852,24.58169000
-21.99599852,24.58169000
-21.99499852,24.58169000
-21.99399852,24.58169000
-21.99299852,24.58169000
-21.99199852,24.58169000
-21.99099852,24.58169000
-21.98999852,24.58169000
-21.98899852,24.58169000
-21.98799852,24.58169000
-21.98699852,24.58169000
-21.98599852,24.58169000
-21.98499852,24.58169000
-21.98399852,24.58169000
-21.98299852,26.47023000
-21.98199852,26.47023000
-21.98099852,26.47023000
-21.97999852,26.47023000
-21.97899852,24.58169000
-21.97799852,24.58169000
-21.97699852,24.58169000
-21.97599852,24.58169000
-21.97499852,24.58169000
-21.97399852,24.58169000
-21.97299852,26.47023000
-21.97199852,26.47023000
-21.97099852,26.47023000
-21.96999852,26.47023000
-21.96899852,26.47023000
-21.96799852,24.58169000
-21.96699852,24.58169000
-21.96599852,24.58169000
-21.96499852,26.47023000
-21.96399852,26.47023000
-21.96299852,26.47023000
-21.96199852,26.47023000
-21.96099852,26.47023000
-21.95999852,26.47023000
-21.95899852,26.47023000
-21.95799852,24.58169000
-21.95699852,24.58169000
-21.95599852,24.58169000
-21.95499852,24.58169000
-21.95399852,24.58169000
-21.95299852,26.47023000
-21.95199852,26.47023000
-21.95099852,24.58169000
-21.94999852,24.58169000
-21.94899852,24.58169000
-21.94799852,24.58169000
-21.94699852,24.58169000
-21.94599852,24.58169000
-21.94499852,24.58169000
-21.94399852,24.58169000
-21.94299852,26.47023000
-21.94199852,24.58169000
-21.94099852,24.58169000
-21.93999852,24.58169000
-21.93899852,24.58169000
-21.93799852,24.58169000
-21.93699852,24.58169000
-21.93599852,24.58169000
-21.93499852,24.58169000
-21.93399852,24.58169000
-21.93299852,24.58169000
-21.93199852,24.58169000
-21.93099852,24.58169000
-21.92999852,22.68701000
-21.92899852,22.68701000
-21.92799852,24.58169000
-21.92699852,24.58169000
-21.92599852,24.58169000
-21.92499852,26.47023000
-21.92399852,26.47023000
-21.92299852,26.47023000
-21.92199852,24.58169000
-21.92099852,24.58169000
-21.91999852,24.58169000
-21.91899852,24.58169000
-21.91799853,26.47023000
-21.91699853,26.47023000
-21.91599853,26.47023000
-21.91499853,26.47023000
-21.91399853,24.58169000
-21.91299853,24.58169000
-21.91199853,24.58169000
-21.91099853,24.58169000
-21.90999853,24.58169000
-21.90899853,26.47023000
-21.90799853,26.47023000
-21.90699853,26.47023000
-21.90599853,26.47023000
-21.90499853,26.47023000
-21.90399853,24.58169000
-21.90299853,24.58169000
-21.90199853,24.58169000
-21.90099853,22.68701000
-21.89999853,24.58169000
-21.89899853,24.58169000
-21.89799853,26.47023000
-21.89699853,26.47023000
-21.89599853,26.47023000
-21.89499853,26.47023000
-21.89399853,26.47023000
-21.89299853,24.58169000
-21.89199853,24.58169000
-21.89099853,24.58169000
-21.88999853,22.68701000
-21.88899853,24.58169000
-21.88799853,24.58169000
-21.88699853,26.47023000
-21.88599853,26.47023000
-21.88499853,26.47023000
-21.88399853,26.47023000
-21.88299853,26.47023000
-21.88199853,24.58169000
-21.88099853,24.58169000
-21.87999853,24.58169000
-21.87899853,24.58169000
-21.87799853,24.58169000
-21.87699853,24.58169000
-21.87599853,26.47023000
-21.87499853,26.47023000
-21.87399853,26.47023000
-21.87299853,26.47023000
-21.87199853,24.58169000
-21.87099853,24.58169000
-21.86999853,26.47023000
-21.86899853,26.47023000
-21.86799853,26.47023000
-21.86699853,26.47023000
-21.86599853,26.47023000
-21.86499853,26.47023000
-21.86399853,26.47023000
-21.86299853,26.47023000
-21.86199853,24.58169000
-21.86099853,26.47023000
-21.85999853,26.47023000
-21.85899853,26.47023000
-21.85799853,26.47023000
-21.85699853,26.47023000
-21.85599853,26.47023000
-21.85499853,26.47023000
-21.85399853,26.47023000
-21.85299853,26.47023000
-21.85199853,26.47023000
-21.85099853,26.47023000
-21.84999853,24.58169000
-21.84899853,26.47023000
-21.84799853,26.47023000
-21.84699853,26.47023000
-21.84599853,26.47023000
-21.84499853,26.47023000
-21.84399853,26.47023000
-21.84299853,26.47023000
-21.84199853,26.47023000
-21.84099853,26.47023000
-21.83999853,24.58169000
-21.83899853,24.58169000
-21.83799853,24.58169000
-21.83699853,24.58169000
-21.83599853,26.47023000
-21.83499853,26.47023000
-21.83399853,26.47023000
-21.83299853,26.47023000
-21.83199853,26.47023000
-21.83099853,24.58169000
-21.82999853,24.58169000
-21.82899853,24.58169000
-21.82799853,22.68701000
-21.82699853,24.58169000
-21.82599853,24.58169000
-21.82499853,24.58169000
-21.82399853,24.58169000
-21.82299853,24.58169000
-21.82199853,24.58169000
-21.82099853,22.68701000
-21.81999853,22.68701000
-21.81899853,22.68701000
-21.81799853,22.68701000
-21.81699853,24.58169000
-21.81599853,24.58169000
-21.81499853,24.58169000
-21.81399853,26.47023000
-21.81299853,24.58169000
-21.81199853,24.58169000
-21.81099853,24.58169000
-21.80999853,24.58169000
-21.80899853,24.58169000
-21.80799853,24.58169000
-21.80699853,26.47023000
-21.80599853,26.47023000
-21.80499853,26.47023000
-21.80399853,24.58169000
-21.80299853,24.58169000
-21.80199853,24.58169000
-21.80099853,24.58169000
-21.79999853,24.58169000
-21.79899853,24.58169000
-21.79799853,24.58169000
-21.79699853,24.58169000
-21.79599853,26.47023000
-21.79499853,26.47023000
-21.79399853,24.58169000
-21.79299853,24.58169000
-21.79199853,24.58169000
-21.79099853,26.47023000
-21.78999853,26.47023000
-21.78899853,26.47023000
-21.78799853,26.47023000
-21.78699853,26.47023000
-21.78599853,26.47023000
-21.78499853,26.47023000
-21.78399853,24.58169000
-21.78299853,24.58169000
-21.78199853,24.58169000
-21.78099853,24.58169000
-21.77999853,24.58169000
-21.77899853,26.47023000
-21.77799853,26.47023000
-21.77699853,26.47023000
-21.77599853,26.47023000
-21.77499853,26.47023000
-21.77399853,24.58169000
-21.77299853,24.58169000
-21.77199853,24.58169000
-21.77099853,24.58169000
-21.76999853,24.58169000
-21.76899853,24.58169000
-21.76799853,24.58169000
-21.76699853,24.58169000
-21.76599853,24.58169000
-21.76499853,24.58169000
-21.76399853,24.58169000
-21.76299853,24.58169000
-21.76199853,24.58169000
-21.76099853,24.58169000
-21.75999853,24.58169000
-21.75899853,24.58169000
-21.75799853,26.47023000
-21.75699853,26.47023000
-21.75599853,24.58169000
-21.75499853,24.58169000
-21.75399853,24.58169000
-21.75299853,24.58169000
-21.75199853,24.58169000
-21.75099853,24.58169000
-21.74999853,24.58169000
-21.74899853,24.58169000
-21.74799853,24.58169000
-21.74699853,24.58169000
-21.74599853,24.58169000
-21.74499853,24.58169000
-21.74399853,24.58169000
-21.74299853,24.58169000
-21.74199853,26.47023000
-21.74099853,26.47023000
-21.73999853,24.58169000
-21.73899853,24.58169000
-21.73799853,24.58169000
-21.73699853,24.58169000
-21.73599853,24.58169000
-21.73499853,24.58169000
-21.73399853,24.58169000
-21.73299853,26.47023000
-21.73199853,26.47023000
-21.73099853,26.47023000
-21.72999853,26.47023000
-21.72899853,26.47023000
-21.72799853,24.58169000
-21.72699853,22.68701000
-21.72599853,22.68701000
-21.72499853,24.58169000
-21.72399853,24.58169000
-21.72299853,26.47023000
-21.72199853,26.47023000
-21.72099853,26.47023000
-21.71999853,26.47023000
-21.71899853,24.58169000
-21.71799853,24.58169000
-21.71699853,22.68701000
-21.71599853,22.68701000
-21.71499853,22.68701000
-21.71399853,24.58169000
-21.71299853,24.58169000
-21.71199853,26.47023000
-21.71099853,26.47023000
-21.70999853,24.58169000
-21.70899853,24.58169000
-21.70799853,24.58169000
-21.70699853,24.58169000
-21.70599853,24.58169000
-21.70499853,24.58169000
-21.70399853,24.58169000
-21.70299853,26.47023000
-21.70199853,26.47023000
-21.70099853,24.58169000
-21.69999853,24.58169000
-21.69899853,24.58169000
-21.69799853,24.58169000
-21.69699853,24.58169000
-21.69599853,24.58169000
-21.69499853,24.58169000
-21.69399853,24.58169000
-21.69299853,26.47023000
-21.69199853,26.47023000
-21.69099853,26.47023000
-21.68999853,24.58169000
-21.68899853,24.58169000
-21.68799853,24.58169000
-21.68699853,24.58169000
-21.68599853,24.58169000
-21.68499853,24.58169000
-21.68399853,24.58169000
-21.68299853,24.58169000
-21.68199853,22.68701000
-21.68099853,22.68701000
-21.67999853,22.68701000
-21.67899853,22.68701000
-21.67799853,22.68701000
-21.67699853,22.68701000
-21.67599853,22.68701000
-21.67499853,22.68701000
-21.67399853,22.68701000
-21.67299853,22.68701000
-21.67199853,22.68701000
-21.67099853,22.68701000
-21.66999853,20.79847000
-21.66899853,22.68701000
-21.66799853,20.79847000
-21.66699853,22.68701000
-21.66599853,22.68701000
-21.66499853,22.68701000
-21.66399853,22.68701000
-21.66299853,20.79847000
-21.66199853,18.90994000
-21.66099853,18.90994000
-21.65999853,17.01525000
-21.65899853,17.01525000
-21.65799853,18.90994000
-21.65699853,18.90994000
-21.65599853,18.90994000
-21.65499853,18.90994000
-21.65399853,18.90994000
-21.65299853,17.01525000
-21.65199853,17.01525000
-21.65099853,17.01525000
-21.64999853,17.01525000
-21.64899853,17.01525000
-21.64799853,17.01525000
-21.64699853,18.90994000
-21.64599853,18.90994000
-21.64499853,18.90994000
-21.64399853,18.90994000
-21.64299853,18.90994000
-21.64199853,18.90994000
-21.64099853,18.90994000
-21.63999853,18.90994000
-21.63899853,18.90994000
-21.63799853,20.79847000
-21.63699853,20.79847000
-21.63599853,20.79847000
-21.63499853,22.68701000
-21.63399853,22.68701000
-21.63299853,20.79847000
-21.63199853,20.79847000
-21.63099853,20.79847000
-21.62999853,20.79847000
-21.62899853,20.79847000
-21.62799853,22.68701000
-21.62699853,22.68701000
-21.62599853,22.68701000
-21.62499853,24.58169000
-21.62399853,22.68701000
-21.62299853,22.68701000
-21.62199853,22.68701000
-21.62099853,22.68701000
-21.61999853,22.68701000
-21.61899853,22.68701000
-21.61799853,22.68701000
-21.61699853,24.58169000
-21.61599853,24.58169000
-21.61499853,24.58169000
-21.61399853,24.58169000
-21.61299853,24.58169000
-21.61199853,24.58169000
-21.61099853,24.58169000
-21.60999853,24.58169000
-21.60899853,24.58169000
-21.60799853,24.58169000
-21.60699853,22.68701000
-21.60599853,22.68701000
-21.60499853,22.68701000
-21.60399853,22.68701000
-21.60299853,22.68701000
-21.60199853,22.68701000
-21.60099853,24.58169000
-21.59999853,22.68701000
-21.59899853,22.68701000
-21.59799853,22.68701000
-21.59699853,20.79847000
-21.59599853,20.79847000
-21.59499853,20.79847000
-21.59399853,20.79847000
-21.59299853,22.68701000
-21.59199853,22.68701000
-21.59099853,22.68701000
-21.58999853,22.68701000
-21.58899853,22.68701000
-21.58799853,22.68701000
-21.58699853,22.68701000
-21.58599853,20.79847000
-21.58499853,22.68701000
-21.58399853,22.68701000
-21.58299853,22.68701000
-21.58199853,22.68701000
-21.58099853,24.58169000
-21.57999853,24.58169000
-21.57899853,22.68701000
-21.57799853,22.68701000
-21.57699853,22.68701000
-21.57599853,22.68701000
-21.57499853,22.68701000
-21.57399853,22.68701000
-21.57299853,22.68701000
-21.57199853,24.58169000
-21.57099853,24.58169000
-21.56999853,24.58169000
-21.56899853,24.58169000
-21.56799853,22.68701000
-21.56699853,22.68701000
-21.56599853,22.68701000
-21.56499854,24.58169000
-21.56399854,24.58169000
-21.56299854,24.58169000
-21.56199854,24.58169000
-21.56099854,22.68701000
-21.55999854,22.68701000
-21.55899854,22.68701000
-21.55799854,22.68701000
-21.55699854,24.58169000
-21.55599854,24.58169000
-21.55499854,24.58169000
-21.55399854,24.58169000
-21.55299854,24.58169000
-21.55199854,22.68701000
-21.55099854,22.68701000
-21.54999854,22.68701000
-21.54899854,22.68701000
-21.54799854,22.68701000
-21.54699854,22.68701000
-21.54599854,22.68701000
-21.54499854,22.68701000
-21.54399854,22.68701000
-21.54299854,20.79847000
-21.54199854,20.79847000
-21.54099854,20.79847000
-21.53999854,20.79847000
-21.53899854,20.79847000
-21.53799854,20.79847000
-21.53699854,22.68701000
-21.53599854,22.68701000
-21.53499854,22.68701000
-21.53399854,22.68701000
-21.53299854,22.68701000
-21.53199854,22.68701000
-21.53099854,20.79847000
-21.52999854,20.79847000
-21.52899854,20.79847000
-21.52799854,20.79847000
-21.52699854,22.68701000
-21.52599854,24.58169000
-21.52499854,24.58169000
-21.52399854,24.58169000
-21.52299854,26.47023000
-21.52199854,26.47023000
-21.52099854,26.47023000
-21.51999854,24.58169000
-21.51899854,24.58169000
-21.51799854,22.68701000
-21.51699854,22.68701000
-21.51599854,22.68701000
-21.51499854,24.58169000
-21.51399854,24.58169000
-21.51299854,26.47023000
-21.51199854,28.36491000
-21.51099854,28.36491000
-21.50999854,28.36491000
-21.50899854,28.36491000
-21.50799854,26.47023000
-21.50699854,26.47023000
-21.50599854,24.58169000
-21.50499854,24.58169000
-21.50399854,24.58169000
-21.50299854,24.58169000
-21.50199854,26.47023000
-21.50099854,26.47023000
-21.49999854,28.36491000
-21.49899854,28.36491000
-21.49799854,26.47023000
-21.49699854,26.47023000
-21.49599854,24.58169000
-21.49499854,22.68701000
-21.49399854,20.79847000
-21.49299854,20.79847000
-21.49199854,22.68701000
-21.49099854,22.68701000
-21.48999854,22.68701000
-21.48899854,24.58169000
-21.48799854,24.58169000
-21.48699854,24.58169000
-21.48599854,24.58169000
-21.48499854,22.68701000
-21.48399854,20.79847000
-21.48299854,20.79847000
-21.48199854,20.79847000
-21.48099854,20.79847000
-21.47999854,20.79847000
-21.47899854,20.79847000
-21.47799854,20.79847000
-21.47699854,20.79847000
-21.47599854,20.79847000
-21.47499854,22.68701000
-21.47399854,22.68701000
-21.47299854,22.68701000
-21.47199854,22.68701000
-21.47099854,20.79847000
-21.46999854,20.79847000
-21.46899854,20.79847000
-21.46799854,20.79847000
-21.46699854,20.79847000
-21.46599854,20.79847000
-21.46499854,22.68701000
-21.46399854,22.68701000
-21.46299854,22.68701000
-21.46199854,22.68701000
-21.46099854,22.68701000
-21.45999854,22.68701000
-21.45899854,22.68701000
-21.45799854,20.79847000
-21.45699854,20.79847000
-21.45599854,20.79847000
-21.45499854,20.79847000
-21.45399854,22.68701000
-21.45299854,22.68701000
-21.45199854,24.58169000
-21.45099854,24.58169000
-21.44999854,24.58169000
-21.44899854,24.58169000
-21.44799854,22.68701000
-21.44699854,22.68701000
-21.44599854,20.79847000
-21.44499854,22.68701000
-21.44399854,22.68701000
-21.44299854,22.68701000
-21.44199854,22.68701000
-21.44099854,24.58169000
-21.43999854,24.58169000
-21.43899854,24.58169000
-21.43799854,24.58169000
-21.43699854,22.68701000
-21.43599854,22.68701000
-21.43499854,22.68701000
-21.43399854,22.68701000
-21.43299854,22.68701000
-21.43199854,22.68701000
-21.43099854,22.68701000
-21.42999854,22.68701000
-21.42899854,22.68701000
-21.42799854,22.68701000
-21.42699854,22.68701000
-21.42599854,22.68701000
-21.42499854,24.58169000
-21.42399854,22.68701000
-21.42299854,22.68701000
-21.42199854,20.79847000
-21.42099854,20.79847000
-21.41999854,20.79847000
-21.41899854,20.79847000
-21.41799854,20.79847000
-21.41699854,22.68701000
-21.41599854,22.68701000
-21.41499854,22.68701000
-21.41399854,22.68701000
-21.41299854,22.68701000
-21.41199854,20.79847000
-21.41099854,20.79847000
-21.40999854,20.79847000
-21.40899854,22.68701000
-21.40799854,22.68701000
-21.40699854,22.68701000
-21.40599854,22.68701000
-21.40499854,24.58169000
-21.40399854,24.58169000
-21.40299854,22.68701000
-21.40199854,22.68701000
-21.40099854,20.79847000
-21.39999854,20.79847000
-21.39899854,20.79847000
-21.39799854,22.68701000
-21.39699854,22.68701000
-21.39599854,22.68701000
-21.39499854,22.68701000
-21.39399854,22.68701000
-21.39299854,22.68701000
-21.39199854,20.79847000
-21.39099854,20.79847000
-21.38999854,20.79847000
-21.38899854,20.79847000
-21.38799854,20.79847000
-21.38699854,20.79847000
-21.38599854,20.79847000
-21.38499854,20.79847000
-21.38399854,20.79847000
-21.38299854,20.79847000
-21.38199854,20.79847000
-21.38099854,18.90994000
-21.37999854,18.90994000
-21.37899854,18.90994000
-21.37799854,18.90994000
-21.37699854,20.79847000
-21.37599854,20.79847000
-21.37499854,20.79847000
-21.37399854,20.79847000
-21.37299854,18.90994000
-21.37199854,18.90994000
-21.37099854,18.90994000
-21.36999854,18.90994000
-21.36899854,18.90994000
-21.36799854,18.90994000
-21.36699854,18.90994000
-21.36599854,18.90994000
-21.36499854,18.90994000
-21.36399854,18.90994000
-21.36299854,18.90994000
-21.36199854,18.90994000
-21.36099854,18.90994000
-21.35999854,18.90994000
-21.35899854,18.90994000
-21.35799854,20.79847000
-21.35699854,20.79847000
-21.35599854,18.90994000
-21.35499854,18.90994000
-21.35399854,18.90994000
-21.35299854,18.90994000
-21.35199854,18.90994000
-21.35099854,18.90994000
-21.34999854,20.79847000
-21.34899854,20.79847000
-21.34799854,20.79847000
-21.34699854,18.90994000
-21.34599854,18.90994000
-21.34499854,18.90994000
-21.34399854,18.90994000
-21.34299854,18.90994000
-21.34199854,20.79847000
-21.34099854,20.79847000
-21.33999854,20.79847000
-21.33899854,20.79847000
-21.33799854,20.79847000
-21.33699854,20.79847000
-21.33599854,18.90994000
-21.33499854,18.90994000
-21.33399854,18.90994000
-21.33299854,18.90994000
-21.33199854,18.90994000
-21.33099854,20.79847000
-21.32999854,20.79847000
-21.32899854,20.79847000
-21.32799854,18.90994000
-21.32699854,18.90994000
-21.32599854,18.90994000
-21.32499854,18.90994000
-21.32399854,17.01525000
-21.32299854,17.01525000
-21.32199854,17.01525000
-21.32099854,18.90994000
-21.31999854,18.90994000
-21.31899854,17.01525000
-21.31799854,17.01525000
-21.31699854,18.90994000
-21.31599854,18.90994000
-21.31499854,18.90994000
-21.31399854,17.01525000
-21.31299854,17.01525000
-21.31199854,17.01525000
-21.31099854,17.01525000
-21.30999854,17.01525000
-21.30899854,17.01525000
-21.30799854,17.01525000
-21.30699854,17.01525000
-21.30599854,17.01525000
-21.30499854,18.90994000
-21.30399854,18.90994000
-21.30299854,18.90994000
-21.30199854,18.90994000
-21.30099854,17.01525000
-21.29999854,17.01525000
-21.29899854,17.01525000
-21.29799854,17.01525000
-21.29699854,17.01525000
-21.29599854,17.01525000
-21.29499854,17.01525000
-21.29399854,18.90994000
-21.29299854,18.90994000
-21.29199854,18.90994000
-21.29099854,18.90994000
-21.28999854,17.01525000
-21.28899854,17.01525000
-21.28799854,17.01525000
-21.28699854,17.01525000
-21.28599854,18.90994000
-21.28499854,20.79847000
-21.28399854,20.79847000
-21.28299854,20.79847000
-21.28199854,20.79847000
-21.28099854,20.79847000
-21.27999854,18.90994000
-21.27899854,18.90994000
-21.27799854,18.90994000
-21.27699854,20.79847000
-21.27599854,22.68701000
-21.27499854,22.68701000
-21.27399854,22.68701000
-21.27299854,22.68701000
-21.27199854,22.68701000
-21.27099854,22.68701000
-21.26999854,22.68701000
-21.26899854,20.79847000
-21.26799854,20.79847000
-21.26699854,20.79847000
-21.26599854,20.79847000
-21.26499854,22.68701000
-21.26399854,22.68701000
-21.26299854,22.68701000
-21.26199854,22.68701000
-21.26099854,22.68701000
-21.25999854,22.68701000
-21.25899854,20.79847000
-21.25799854,20.79847000
-21.25699854,18.90994000
-21.25599854,18.90994000
-21.25499854,18.90994000
-21.25399854,18.90994000
-21.25299854,18.90994000
-21.25199854,18.90994000
-21.25099854,18.90994000
-21.24999854,18.90994000
-21.24899854,18.90994000
-21.24799854,18.90994000
-21.24699854,18.90994000
-21.24599854,18.90994000
-21.24499854,17.01525000
-21.24399854,17.01525000
-21.24299854,15.12672000
-21.24199854,15.12672000
-21.24099854,15.12672000
-21.23999854,15.12672000
-21.23899854,17.01525000
-21.23799854,17.01525000
-21.23699854,17.01525000
-21.23599854,17.01525000
-21.23499854,17.01525000
-21.23399854,15.12672000
-21.23299854,15.12672000
-21.23199854,15.12672000
-21.23099854,15.12672000
-21.22999854,15.12672000
-21.22899854,15.12672000
-21.22799854,15.12672000
-21.22699854,15.12672000
-21.22599854,15.12672000
-21.22499854,15.12672000
-21.22399854,15.12672000
-21.22299854,15.12672000
-21.22199854,17.01525000
-21.22099854,17.01525000
-21.21999854,17.01525000
-21.21899854,17.01525000
-21.21799854,15.12672000
-21.21699854,17.01525000
-21.21599854,15.12672000
-21.21499854,15.12672000
-21.21399854,17.01525000
-21.21299854,17.01525000
-21.21199854,17.01525000
-21.21099855,17.01525000
-21.20999855,18.90994000
-21.20899855,18.90994000
-21.20799855,17.01525000
-21.20699855,17.01525000
-21.20599855,15.12672000
-21.20499855,15.12672000
-21.20399855,17.01525000
-21.20299855,17.01525000
-21.20199855,17.01525000
-21.20099855,18.90994000
-21.19999855,18.90994000
-21.19899855,18.90994000
-21.19799855,18.90994000
-21.19699855,17.01525000
-21.19599855,15.12672000
-21.19499855,15.12672000
-21.19399855,15.12672000
-21.19299855,17.01525000
-21.19199855,17.01525000
-21.19099855,17.01525000
-21.18999855,17.01525000
-21.18899855,17.01525000
-21.18799855,17.01525000
-21.18699855,17.01525000
-21.18599855,15.12672000
-21.18499855,15.12672000
-21.18399855,13.23204000
-21.18299855,13.23204000
-21.18199855,13.23204000
-21.18099855,13.23204000
-21.17999855,13.23204000
-21.17899855,13.23204000
-21.17799855,11.34350000
-21.17699855,13.23204000
-21.17599855,11.34350000
-21.17499855,11.34350000
-21.17399855,11.34350000
-21.17299855,11.34350000
-21.17199855,11.34350000
-21.17099855,11.34350000
-21.16999855,9.45496900
-21.16899855,9.45496900
-21.16799855,9.45496900
-21.16699855,9.45496900
-21.16599855,9.45496900
-21.16499855,11.34350000
-21.16399855,11.34350000
-21.16299855,11.34350000
-21.16199855,9.45496900
-21.16099855,9.45496900
-21.15999855,9.45496900
-21.15899855,9.45496900
-21.15799855,9.45496900
-21.15699855,11.34350000
-21.15599855,11.34350000
-21.15499855,11.34350000
-21.15399855,11.34350000
-21.15299855,13.23204000
-21.15199855,13.23204000
-21.15099855,13.23204000
-21.14999855,13.23204000
-21.14899855,11.34350000
-21.14799855,11.34350000
-21.14699855,11.34350000
-21.14599855,13.23204000
-21.14499855,15.12672000
-21.14399855,15.12672000
-21.14299855,15.12672000
-21.14199855,15.12672000
-21.14099855,15.12672000
-21.13999855,15.12672000
-21.13899855,15.12672000
-21.13799855,15.12672000
-21.13699855,15.12672000
-21.13599855,15.12672000
-21.13499855,15.12672000
-21.13399855,15.12672000
-21.13299855,17.01525000
-21.13199855,17.01525000
-21.13099855,17.01525000
-21.12999855,17.01525000
-21.12899855,17.01525000
-21.12799855,17.01525000
-21.12699855,17.01525000
-21.12599855,15.12672000
-21.12499855,15.12672000
-21.12399855,15.12672000
-21.12299855,15.12672000
-21.12199855,15.12672000
-21.12099855,15.12672000
-21.11999855,15.12672000
-21.11899855,15.12672000
-21.11799855,15.12672000
-21.11699855,15.12672000
-21.11599855,15.12672000
-21.11499855,13.23204000
-21.11399855,13.23204000
-21.11299855,13.23204000
-21.11199855,13.23204000
-21.11099855,13.23204000
-21.10999855,15.12672000
-21.10899855,15.12672000
-21.10799855,15.12672000
-21.10699855,13.23204000
-21.10599855,13.23204000
-21.10499855,13.23204000
-21.10399855,11.34350000
-21.10299855,11.34350000
-21.10199855,11.34350000
-21.10099855,11.34350000
-21.09999855,13.23204000
-21.09899855,13.23204000
-21.09799855,13.23204000
-21.09699855,13.23204000
-21.09599855,13.23204000
-21.09499855,13.23204000
-21.09399855,13.23204000
-21.09299855,11.34350000
-21.09199855,11.34350000
-21.09099855,11.34350000
-21.08999855,11.34350000
-21.08899855,13.23204000
-21.08799855,13.23204000
-21.08699855,13.23204000
-21.08599855,13.23204000
-21.08499855,11.34350000
-21.08399855,11.34350000
-21.08299855,11.34350000
-21.08199855,13.23204000
-21.08099855,13.23204000
-21.07999855,15.12672000
-21.07899855,15.12672000
-21.07799855,13.23204000
-21.07699855,13.23204000
-21.07599855,13.23204000
-21.07499855,13.23204000
-21.07399855,13.23204000
-21.07299855,13.23204000
-21.07199855,15.12672000
-21.07099855,15.12672000
-21.06999855,15.12672000
-21.06899855,15.12672000
-21.06799855,15.12672000
-21.06699855,13.23204000
-21.06599855,13.23204000
-21.06499855,13.23204000
-21.06399855,13.23204000
-21.06299855,13.23204000
-21.06199855,15.12672000
-21.06099855,15.12672000
-21.05999855,15.12672000
-21.05899855,15.12672000
-21.05799855,15.12672000
-21.05699855,15.12672000
-21.05599855,13.23204000
-21.05499855,13.23204000
-21.05399855,15.12672000
-21.05299855,15.12672000
-21.05199855,13.23204000
-21.05099855,13.23204000
-21.04999855,13.23204000
-21.04899855,13.23204000
-21.04799855,13.23204000
-21.04699855,13.23204000
-21.04599855,13.23204000
-21.04499855,13.23204000
-21.04399855,15.12672000
-21.04299855,15.12672000
-21.04199855,15.12672000
-21.04099855,13.23204000
-21.03999855,13.23204000
-21.03899855,11.34350000
-21.03799855,11.34350000
-21.03699855,11.34350000
-21.03599855,11.34350000
-21.03499855,13.23204000
-21.03399855,13.23204000
-21.03299855,13.23204000
-21.03199855,13.23204000
-21.03099855,13.23204000
-21.02999855,11.34350000
-21.02899855,11.34350000
-21.02799855,9.45496900
-21.02699855,11.34350000
-21.02599855,11.34350000
-21.02499855,13.23204000
-21.02399855,13.23204000
-21.02299855,13.23204000
-21.02199855,13.23204000
-21.02099855,13.23204000
-21.01999855,11.34350000
-21.01899855,11.34350000
-21.01799855,11.34350000
-21.01699855,11.34350000
-21.01599855,11.34350000
-21.01499855,13.23204000
-21.01399855,13.23204000
-21.01299855,15.12672000
-21.01199855,15.12672000
-21.01099855,13.23204000
-21.00999855,13.23204000
-21.00899855,13.23204000
-21.00799855,11.34350000
-21.00699855,11.34350000
-21.00599855,13.23204000
-21.00499855,13.23204000
-21.00399855,13.23204000
-21.00299855,15.12672000
-21.00199855,13.23204000
-21.00099855,15.12672000
-20.99999855,13.23204000
-20.99899855,13.23204000
-20.99799855,13.23204000
-20.99699855,13.23204000
-20.99599855,13.23204000
-20.99499855,13.23204000
-20.99399855,13.23204000
-20.99299855,13.23204000
-20.99199855,13.23204000
-20.99099855,13.23204000
-20.98999855,13.23204000
-20.98899855,15.12672000
-20.98799855,15.12672000
-20.98699855,15.12672000
-20.98599855,15.12672000
-20.98499855,13.23204000
-20.98399855,13.23204000
-20.98299855,11.34350000
-20.98199855,11.34350000
-20.98099855,11.34350000
-20.97999855,11.34350000
-20.97899855,13.23204000
-20.97799855,13.23204000
-20.97699855,15.12672000
-20.97599855,15.12672000
-20.97499855,15.12672000
-20.97399855,13.23204000
-20.97299855,13.23204000
-20.97199855,11.34350000
-20.97099855,13.23204000
-20.96999855,13.23204000
-20.96899855,13.23204000
-20.96799855,13.23204000
-20.96699855,15.12672000
-20.96599855,15.12672000
-20.96499855,13.23204000
-20.96399855,13.23204000
-20.96299855,11.34350000
-20.96199855,11.34350000
-20.96099855,11.34350000
-20.95999855,11.34350000
-20.95899855,11.34350000
-20.95799855,13.23204000
-20.95699855,13.23204000
-20.95599855,13.23204000
-20.95499855,15.12672000
-20.95399855,15.12672000
-20.95299855,15.12672000
-20.95199855,15.12672000
-20.95099855,15.12672000
-20.94999855,15.12672000
-20.94899855,13.23204000
-20.94799855,13.23204000
-20.94699855,13.23204000
-20.94599855,11.34350000
-20.94499855,13.23204000
-20.94399855,13.23204000
-20.94299855,13.23204000
-20.94199855,13.23204000
-20.94099855,15.12672000
-20.93999855,15.12672000
-20.93899855,15.12672000
-20.93799855,15.12672000
-20.93699855,15.12672000
-20.93599855,13.23204000
-20.93499855,11.34350000
-20.93399855,9.45496900
-20.93299855,11.34350000
-20.93199855,13.23204000
-20.93099855,13.23204000
-20.92999855,15.12672000
-20.92899855,15.12672000
-20.92799855,15.12672000
-20.92699855,15.12672000
-20.92599855,15.12672000
-20.92499855,13.23204000
-20.92399855,13.23204000
-20.92299855,11.34350000
-20.92199855,11.34350000
-20.92099855,11.34350000
-20.91999855,11.34350000
-20.91899855,13.23204000
-20.91799855,13.23204000
-20.91699855,13.23204000
-20.91599855,13.23204000
-20.91499855,13.23204000
-20.91399855,13.23204000
-20.91299855,13.23204000
-20.91199855,13.23204000
-20.91099855,13.23204000
-20.90999855,13.23204000
-20.90899855,11.34350000
-20.90799855,11.34350000
-20.90699855,11.34350000
-20.90599855,11.34350000
-20.90499855,13.23204000
-20.90399855,13.23204000
-20.90299855,13.23204000
-20.90199855,15.12672000
-20.90099855,15.12672000
-20.89999855,13.23204000
-20.89899855,13.23204000
-20.89799855,11.34350000
-20.89699855,11.34350000
-20.89599855,11.34350000
-20.89499855,13.23204000
-20.89399855,13.23204000
-20.89299855,13.23204000
-20.89199855,13.23204000
-20.89099855,13.23204000
-20.88999855,13.23204000
-20.88899855,13.23204000
-20.88799855,13.23204000
-20.88699855,11.34350000
-20.88599855,11.34350000
-20.88499855,11.34350000
-20.88399855,11.34350000
-20.88299855,13.23204000
-20.88199855,13.23204000
-20.88099855,13.23204000
-20.87999855,13.23204000
-20.87899855,13.23204000
-20.87799855,13.23204000
-20.87699855,13.23204000
-20.87599855,13.23204000
-20.87499855,11.34350000
-20.87399855,11.34350000
-20.87299855,11.34350000
-20.87199855,11.34350000
-20.87099855,9.45496900
-20.86999855,11.34350000
-20.86899855,11.34350000
-20.86799855,11.34350000
-20.86699855,11.34350000
-20.86599855,11.34350000
-20.86499855,13.23204000
-20.86399855,13.23204000
-20.86299855,13.23204000
-20.86199855,11.34350000
-20.86099855,11.34350000
-20.85999855,11.34350000
-20.85899855,11.34350000
-20.85799856,11.34350000
-20.85699856,11.34350000
-20.85599856,11.34350000
-20.85499856,11.34350000
-20.85399856,11.34350000
-20.85299856,11.34350000
-20.85199856,11.34350000
-20.85099856,11.34350000
-20.84999856,9.45496900
-20.84899856,11.34350000
-20.84799856,11.34350000
-20.84699856,11.34350000
-20.84599856,11.34350000
-20.84499856,11.34350000
-20.84399856,11.34350000
-20.84299856,11.34350000
-20.84199856,11.34350000
-20.84099856,11.34350000
-20.83999856,11.34350000
-20.83899856,11.34350000
-20.83799856,11.34350000
-20.83699856,13.23204000
-20.83599856,13.23204000
-20.83499856,13.23204000
-20.83399856,13.23204000
-20.83299856,13.23204000
-20.83199856,13.23204000
-20.83099856,13.23204000
-20.82999856,11.34350000
-20.82899856,11.34350000
-20.82799856,11.34350000
-20.82699856,11.34350000
-20.82599856,11.34350000
-20.82499856,13.23204000
-20.82399856,13.23204000
-20.82299856,13.23204000
-20.82199856,15.12672000
-20.82099856,15.12672000
-20.81999856,13.23204000
-20.81899856,13.23204000
-20.81799856,11.34350000
-20.81699856,11.34350000
-20.81599856,11.34350000
-20.81499856,11.34350000
-20.81399856,13.23204000
-20.81299856,13.23204000
-20.81199856,13.23204000
-20.81099856,13.23204000
-20.80999856,13.23204000
-20.80899856,13.23204000
-20.80799856,11.34350000
-20.80699856,11.34350000
-20.80599856,11.34350000
-20.80499856,11.34350000
-20.80399856,11.34350000
-20.80299856,11.34350000
-20.80199856,11.34350000
-20.80099856,11.34350000
-20.79999856,11.34350000
-20.79899856,11.34350000
-20.79799856,9.45496900
-20.79699856,9.45496900
-20.79599856,11.34350000
-20.79499856,11.34350000
-20.79399856,11.34350000
-20.79299856,11.34350000
-20.79199856,11.34350000
-20.79099856,9.45496900
-20.78999856,9.45496900
-20.78899856,9.45496900
-20.78799856,9.45496900
-20.78699856,9.45496900
-20.78599856,11.34350000
-20.78499856,11.34350000
-20.78399856,11.34350000
-20.78299856,11.34350000
-20.78199856,11.34350000
-20.78099856,9.45496900
-20.77999856,9.45496900
-20.77899856,9.45496900
-20.77799856,9.45496900
-20.77699856,9.45496900
-20.77599856,9.45496900
-20.77499856,11.34350000
-20.77399856,11.34350000
-20.77299856,11.34350000
-20.77199856,11.34350000
-20.77099856,9.45496900
-20.76999856,9.45496900
-20.76899856,9.45496900
-20.76799856,9.45496900
-20.76699856,9.45496900
-20.76599856,11.34350000
-20.76499856,11.34350000
-20.76399856,13.23204000
-20.76299856,11.34350000
-20.76199856,11.34350000
-20.76099856,9.45496900
-20.75999856,9.45496900
-20.75899856,9.45496900
-20.75799856,9.45496900
-20.75699856,9.45496900
-20.75599856,9.45496900
-20.75499856,11.34350000
-20.75399856,11.34350000
-20.75299856,11.34350000
-20.75199856,11.34350000
-20.75099856,9.45496900
-20.74999856,9.45496900
-20.74899856,9.45496900
-20.74799856,7.56028500
-20.74699856,7.56028500
-20.74599856,9.45496900
-20.74499856,9.45496900
-20.74399856,11.34350000
-20.74299856,11.34350000
-20.74199856,11.34350000
-20.74099856,9.45496900
-20.73999856,9.45496900
-20.73899856,9.45496900
-20.73799856,9.45496900
-20.73699856,9.45496900
-20.73599856,9.45496900
-20.73499856,9.45496900
-20.73399856,9.45496900
-20.73299856,9.45496900
-20.73199856,9.45496900
-20.73099856,9.45496900
-20.72999856,9.45496900
-20.72899856,9.45496900
-20.72799856,9.45496900
-20.72699856,9.45496900
-20.72599856,9.45496900
-20.72499856,9.45496900
-20.72399856,9.45496900
-20.72299856,9.45496900
-20.72199856,9.45496900
-20.72099856,9.45496900
-20.71999856,9.45496900
-20.71899856,9.45496900
-20.71799856,9.45496900
-20.71699856,11.34350000
-20.71599856,11.34350000
-20.71499856,9.45496900
-20.71399856,9.45496900
-20.71299856,7.56028500
-20.71199856,7.56028500
-20.71099856,9.45496900
-20.70999856,9.45496900
-20.70899856,11.34350000
-20.70799856,11.34350000
-20.70699856,11.34350000
-20.70599856,11.34350000
-20.70499856,9.45496900
-20.70399856,9.45496900
-20.70299856,9.45496900
-20.70199856,9.45496900
-20.70099856,9.45496900
-20.69999856,9.45496900
-20.69899856,9.45496900
-20.69799856,9.45496900
-20.69699856,9.45496900
-20.69599856,9.45496900
-20.69499856,9.45496900
-20.69399856,9.45496900
-20.69299856,7.56028500
-20.69199856,7.56028500
-20.69099856,9.45496900
-20.68999856,9.45496900
-20.68899856,9.45496900
-20.68799856,9.45496900
-20.68699856,9.45496900
-20.68599856,9.45496900
-20.68499856,7.56028500
-20.68399856,7.56028500
-20.68299856,7.56028500
-20.68199856,9.45496900
-20.68099856,9.45496900
-20.67999856,9.45496900
-20.67899856,9.45496900
-20.67799856,9.45496900
-20.67699856,7.56028500
-20.67599856,7.56028500
-20.67499856,7.56028500
-20.67399856,7.56028500
-20.67299856,9.45496900
-20.67199856,9.45496900
-20.67099856,9.45496900
-20.66999856,9.45496900
-20.66899856,9.45496900
-20.66799856,9.45496900
-20.66699856,7.56028500
-20.66599856,7.56028500
-20.66499856,7.56028500
-20.66399856,7.56028500
-20.66299856,9.45496900
-20.66199856,9.45496900
-20.66099856,9.45496900
-20.65999856,9.45496900
-20.65899856,9.45496900
-20.65799856,7.56028500
-20.65699856,7.56028500
-20.65599856,7.56028500
-20.65499856,7.56028500
-20.65399856,7.56028500
-20.65299856,7.56028500
-20.65199856,9.45496900
-20.65099856,9.45496900
-20.64999856,9.45496900
-20.64899856,9.45496900
-20.64799856,7.56028500
-20.64699856,5.67175200
-20.64599856,5.67175200
-20.64499856,7.56028500
-20.64399856,7.56028500
-20.64299856,7.56028500
-20.64199856,7.56028500
-20.64099856,7.56028500
-20.63999856,7.56028500
-20.63899856,7.56028500
-20.63799856,7.56028500
-20.63699856,5.67175200
-20.63599856,5.67175200
-20.63499856,5.67175200
-20.63399856,5.67175200
-20.63299856,7.56028500
-20.63199856,7.56028500
-20.63099856,7.56028500
-20.62999856,5.67175200
-20.62899856,5.67175200
-20.62799856,5.67175200
-20.62699856,5.67175200
-20.62599856,5.67175200
-20.62499856,5.67175200
-20.62399856,5.67175200
-20.62299856,5.67175200
-20.62199856,7.56028500
-20.62099856,7.56028500
-20.61999856,5.67175200
-20.61899856,5.67175200
-20.61799856,5.67175200
-20.61699856,5.67175200
-20.61599856,5.67175200
-20.61499856,5.67175200
-20.61399856,5.67175200
-20.61299856,7.56028500
-20.61199856,7.56028500
-20.61099856,7.56028500
-20.60999856,5.67175200
-20.60899856,5.67175200
-20.60799856,5.67175200
-20.60699856,5.67175200
-20.60599856,7.56028500
-20.60499856,7.56028500
-20.60399856,7.56028500
-20.60299856,7.56028500
-20.60199856,5.67175200
-20.60099856,5.67175200
-20.59999856,5.67175200
-20.59899856,5.67175200
-20.59799856,5.67175200
-20.59699856,5.67175200
-20.59599856,5.67175200
-20.59499856,5.67175200
-20.59399856,5.67175200
-20.59299856,5.67175200
-20.59199856,3.77706700
-20.59099856,1.88853300
-20.58999856,1.88853300
-20.58899856,1.88853300
-20.58799856,1.88853300
-20.58699856,3.77706700
-20.58599856,3.77706700
-20.58499856,3.77706700
-20.58399856,3.77706700
-20.58299856,3.77706700
-20.58199856,1.88853300
-20.58099856,1.88853300
-20.57999856,1.88853300
-20.57899856,1.88853300
-20.57799856,3.77706700
-20.57699856,3.77706700
-20.57599856,3.77706700
-20.57499856,3.77706700
-20.57399856,3.77706700
-20.57299856,3.77706700
-20.57199856,3.77706700
-20.57099856,1.88853300
-20.56999856,1.88853300
-20.56899856,1.88853300
-20.56799856,1.88853300
-20.56699856,1.88853300
-20.56599856,1.88853300
-20.56499856,1.88853300
-20.56399856,3.77706700
-20.56299856,3.77706700
-20.56199856,3.77706700
-20.56099856,3.77706700
-20.55999856,3.77706700
-20.55899856,3.77706700
-20.55799856,3.77706700
-20.55699856,3.77706700
-20.55599856,3.77706700
-20.55499856,3.77706700
-20.55399856,3.77706700
-20.55299856,5.67175200
-20.55199856,5.67175200
-20.55099856,5.67175200
-20.54999856,5.67175200
-20.54899856,5.67175200
-20.54799856,5.67175200
-20.54699856,5.67175200
-20.54599856,3.77706700
-20.54499856,3.77706700
-20.54399856,3.77706700
-20.54299856,3.77706700
-20.54199856,5.67175200
-20.54099856,5.67175200
-20.53999856,5.67175200
-20.53899856,5.67175200
-20.53799856,5.67175200
-20.53699856,5.67175200
-20.53599856,3.77706700
-20.53499856,3.77706700
-20.53399856,3.77706700
-20.53299856,3.77706700
-20.53199856,3.77706700
-20.53099856,5.67175200
-20.52999856,5.67175200
-20.52899856,5.67175200
-20.52799856,5.67175200
-20.52699856,3.77706700
-20.52599856,3.77706700
-20.52499856,1.88853300
-20.52399856,1.88853300
-20.52299856,1.88853300
-20.52199856,1.88853300
-20.52099856,3.77706700
-20.51999856,3.77706700
-20.51899856,1.88853300
-20.51799856,1.88853300
-20.51699856,1.88853300
-20.51599856,1.88853300
-20.51499856,1.88853300
-20.51399856,1.88853300
-20.51299856,1.88853300
-20.51199856,1.88853300
-20.51099856,1.88853300
-20.50999856,1.88853300
-20.50899856,1.88853300
-20.50799856,1.88853300
-20.50699856,1.88853300
-20.50599856,1.88853300
-20.50499856,1.88853300
-20.50399857,1.88853300
-20.50299857,1.88853300
-20.50199857,1.88853300
-20.50099857,3.77706700
-20.49999857,3.77706700
-20.49899857,1.88853300
-20.49799857,1.88853300
-20.49699857,1.88853300
-20.49599857,1.88853300
-20.49499857,3.77706700
-20.49399857,3.77706700
-20.49299857,1.88853300
-20.49199857,1.88853300
-20.49099857,1.88853300
-20.48999857,1.88853300
-20.48899857,1.88853300
-20.48799857,1.88853300
-20.48699857,3.77706700
-20.48599857,3.77706700
-20.48499857,3.77706700
-20.48399857,5.67175200
-20.48299857,3.77706700
-20.48199857,3.77706700
-20.48099857,3.77706700
-20.47999857,3.77706700
-20.47899857,1.88853300
-20.47799857,1.88853300
-20.47699857,3.77706700
-20.47599857,3.77706700
-20.47499857,3.77706700
-20.47399857,5.67175200
-20.47299857,5.67175200
-20.47199857,3.77706700
-20.47099857,3.77706700
-20.46999857,3.77706700
-20.46899857,1.88853300
-20.46799857,1.88853300
-20.46699857,1.88853300
-20.46599857,3.77706700
-20.46499857,3.77706700
-20.46399857,3.77706700
-20.46299857,3.77706700
-20.46199857,3.77706700
-20.46099857,3.77706700
-20.45999857,1.88853300
-20.45899857,1.88853300
-20.45799857,1.88853300
-20.45699857,1.88853300
-20.45599857,1.88853300
-20.45499857,1.88853300
-20.45399857,3.77706700
-20.45299857,3.77706700
-20.45199857,3.77706700
-20.45099857,1.88853300
-20.44999857,1.88853300
-20.44899857,1.88853300
-20.44799857,1.88853300
-20.44699857,1.88853300
-20.44599857,1.88853300
-20.44499857,1.88853300
-20.44399857,3.77706700
-20.44299857,3.77706700
-20.44199857,1.88853300
-20.44099857,3.77706700
-20.43999857,3.77706700
-20.43899857,3.77706700
-20.43799857,3.77706700
-20.43699857,3.77706700
-20.43599857,1.88853300
-20.43499857,1.88853300
-20.43399857,1.88853300
-20.43299857,1.88853300
-20.43199857,1.88853300
-20.43099857,1.88853300
-20.42999857,1.88853300
-20.42899857,1.88853300
-20.42799857,1.88853300
-20.42699857,1.88853300
-20.42599857,1.88853300
-20.42499857,1.88853300
-20.42399857,1.88853300
-20.42299857,1.88853300
-20.42199857,1.88853300
-20.42099857,1.88853300
-20.41999857,1.88853300
-20.41899857,1.88853300
-20.41799857,1.88853300
-20.41699857,1.88853300
-20.41599857,1.88853300
-20.41499857,1.88853300
-20.41399857,1.88853300
-20.41299857,1.88853300
-20.41199857,1.88853300
-20.41099857,1.88853300
-20.40999857,1.88853300
-20.40899857,1.88853300
-20.40799857,1.88853300
-20.40699857,1.88853300
-20.40599857,1.88853300
-20.40499857,1.88853300
-20.40399857,1.88853300
-20.40299857,1.88853300
-20.40199857,1.88853300
-20.40099857,3.77706700
-20.39999857,1.88853300
-20.39899857,1.88853300
-20.39799857,1.88853300
-20.39699857,1.88853300
-20.39599857,1.88853300
-20.39499857,1.88853300
-20.39399857,1.88853300
-20.39299857,1.88853300
-20.39199857,3.77706700
-20.39099857,3.77706700
-20.38999857,3.77706700
-20.38899857,3.77706700
-20.38799857,1.88853300
-20.38699857,1.88853300
-20.38599857,1.88853300
-20.38499857,1.88853300
-20.38399857,1.88853300
-20.38299857,1.88853300
-20.38199857,1.88853300
-20.38099857,3.77706700
-20.37999857,1.88853300
-20.37899857,1.88853300
-20.37799857,1.88853300
-20.37699857,1.88853300
-20.37599857,1.88853300
-20.37499857,1.88853300
-20.37399857,1.88853300
-20.37299857,1.88853300
-20.37199857,1.88853300
-20.37099857,1.88853300
-20.36999857,1.88853300
-20.36899857,1.88853300
-20.36799857,1.88853300
-20.36699857,1.88853300
-20.36599857,1.88853300
-20.36499857,1.88853300
-20.36399857,1.88853300
-20.36299857,1.88853300
-20.36199857,1.88853300
-20.36099857,0.00000000
-20.35999857,0.00000000
-20.35899857,0.00000000
-20.35799857,0.00000000
-20.35699857,0.00000000
-20.35599857,0.00000000
-20.35499857,1.88853300
-20.35399857,1.88853300
-20.35299857,1.88853300
-20.35199857,1.88853300
-20.35099857,1.88853300
-20.34999857,0.00000000
-20.34899857,-1.88853300
-20.34799857,-1.88853300
-20.34699857,-1.88853300
-20.34599857,0.00000000
-20.34499857,0.00000000
-20.34399857,1.88853300
-20.34299857,1.88853300
-20.34199857,1.88853300
-20.34099857,0.00000000
-20.33999857,0.00000000
-20.33899857,0.00000000
-20.33799857,0.00000000
-20.33699857,0.00000000
-20.33599857,0.00000000
-20.33499857,0.00000000
-20.33399857,1.88853300
-20.33299857,1.88853300
-20.33199857,0.00000000
-20.33099857,0.00000000
-20.32999857,0.00000000
-20.32899857,0.00000000
-20.32799857,0.00000000
-20.32699857,0.00000000
-20.32599857,1.88853300
-20.32499857,1.88853300
-20.32399857,1.88853300
-20.32299857,1.88853300
-20.32199857,1.88853300
-20.32099857,1.88853300
-20.31999857,0.00000000
-20.31899857,0.00000000
-20.31799857,0.00000000
-20.31699857,0.00000000
-20.31599857,0.00000000
-20.31499857,0.00000000
-20.31399857,0.00000000
-20.31299857,1.88853300
-20.31199857,1.88853300
-20.31099857,1.88853300
-20.30999857,0.00000000
-20.30899857,0.00000000
-20.30799857,0.00000000
-20.30699857,0.00000000
-20.30599857,0.00000000
-20.30499857,0.00000000
-20.30399857,-1.88853300
-20.30299857,-1.88853300
-20.30199857,-1.88853300
-20.30099857,0.00000000
-20.29999857,0.00000000
-20.29899857,0.00000000
-20.29799857,0.00000000
-20.29699857,0.00000000
-20.29599857,0.00000000
-20.29499857,-1.88853300
-20.29399857,-1.88853300
-20.29299857,-1.88853300
-20.29199857,-1.88853300
-20.29099857,-1.88853300
-20.28999857,0.00000000
-20.28899857,0.00000000
-20.28799857,0.00000000
-20.28699857,0.00000000
-20.28599857,0.00000000
-20.28499857,0.00000000
-20.28399857,-1.88853300
-20.28299857,-1.88853300
-20.28199857,-1.88853300
-20.28099857,-1.88853300
-20.27999857,-1.88853300
-20.27899857,0.00000000
-20.27799857,0.00000000
-20.27699857,0.00000000
-20.27599857,-1.88853300
-20.27499857,-1.88853300
-20.27399857,-1.88853300
-20.27299857,-1.88853300
-20.27199857,-1.88853300
-20.27099857,-1.88853300
-20.26999857,0.00000000
-20.26899857,0.00000000
-20.26799857,0.00000000
-20.26699857,0.00000000
-20.26599857,-1.88853300
-20.26499857,-1.88853300
-20.26399857,-1.88853300
-20.26299857,-1.88853300
-20.26199857,-1.88853300
-20.26099857,0.00000000
-20.25999857,0.00000000
-20.25899857,0.00000000
-20.25799857,0.00000000
-20.25699857,0.00000000
-20.25599857,-1.88853300
-20.25499857,-1.88853300
-20.25399857,0.00000000
-20.25299857,0.00000000
-20.25199857,0.00000000
-20.25099857,-1.88853300
-20.24999857,0.00000000
-20.24899857,0.00000000
-20.24799857,0.00000000
-20.24699857,0.00000000
-20.24599857,0.00000000
-20.24499857,0.00000000
-20.24399857,0.00000000
-20.24299857,0.00000000
-20.24199857,0.00000000
-20.24099857,0.00000000
-20.23999857,-1.88853300
-20.23899857,-1.88853300
-20.23799857,-1.88853300
-20.23699857,-1.88853300
-20.23599857,-1.88853300
-20.23499857,-1.88853300
-20.23399857,0.00000000
-20.23299857,0.00000000
-20.23199857,0.00000000
-20.23099857,0.00000000
-20.22999857,-1.88853300
-20.22899857,-1.88853300
-20.22799857,-1.88853300
-20.22699857,-1.88853300
-20.22599857,-1.88853300
-20.22499857,0.00000000
-20.22399857,0.00000000
-20.22299857,0.00000000
-20.22199857,0.00000000
-20.22099857,0.00000000
-20.21999857,-1.88853300
-20.21899857,-1.88853300
-20.21799857,-1.88853300
-20.21699857,-1.88853300
-20.21599857,-1.88853300
-20.21499857,-1.88853300
-20.21399857,0.00000000
-20.21299857,0.00000000
-20.21199857,0.00000000
-20.21099857,0.00000000
-20.20999857,-1.88853300
-20.20899857,-1.88853300
-20.20799857,-1.88853300
-20.20699857,-1.88853300
-20.20599857,-1.88853300
-20.20499857,0.00000000
-20.20399857,0.00000000
-20.20299857,0.00000000
-20.20199857,0.00000000
-20.20099857,0.00000000
-20.19999857,0.00000000
-20.19899857,0.00000000
-20.19799857,0.00000000
-20.19699857,0.00000000
-20.19599857,0.00000000
-20.19499857,0.00000000
-20.19399857,0.00000000
-20.19299857,0.00000000
-20.19199857,0.00000000
-20.19099857,0.00000000
-20.18999857,0.00000000
-20.18899857,0.00000000
-20.18799857,-1.88853300
-20.18699857,0.00000000
-20.18599857,0.00000000
-20.18499857,0.00000000
-20.18399857,0.00000000
-20.18299857,0.00000000
-20.18199857,0.00000000
-20.18099857,0.00000000
-20.17999857,1.88853300
-20.17899857,1.88853300
-20.17799857,1.88853300
-20.17699857,1.88853300
-20.17599857,0.00000000
-20.17499857,0.00000000
-20.17399857,0.00000000
-20.17299857,-1.88853300
-20.17199857,-1.88853300
-20.17099857,0.00000000
-20.16999857,0.00000000
-20.16899857,1.88853300
-20.16799857,1.88853300
-20.16699857,1.88853300
-20.16599857,0.00000000
-20.16499857,0.00000000
-20.16399857,0.00000000
-20.16299857,0.00000000
-20.16199857,-1.88853300
-20.16099857,0.00000000
-20.15999857,0.00000000
-20.15899857,0.00000000
-20.15799857,0.00000000
-20.15699857,0.00000000
-20.15599857,0.00000000
-20.15499857,-1.88853300
-20.15399857,-1.88853300
-20.15299857,0.00000000
-20.15199857,0.00000000
-20.15099857,0.00000000
-20.14999858,0.00000000
-20.14899858,0.00000000
-20.14799858,0.00000000
-20.14699858,0.00000000
-20.14599858,0.00000000
-20.14499858,0.00000000
-20.14399858,0.00000000
-20.14299858,0.00000000
-20.14199858,0.00000000
-20.14099858,0.00000000
-20.13999858,0.00000000
-20.13899858,0.00000000
-20.13799858,0.00000000
-20.13699858,0.00000000
-20.13599858,0.00000000
-20.13499858,0.00000000
-20.13399858,0.00000000
-20.13299858,0.00000000
-20.13199858,0.00000000
-20.13099858,0.00000000
-20.12999858,0.00000000
-20.12899858,0.00000000
-20.12799858,0.00000000
-20.12699858,0.00000000
-20.12599858,0.00000000
-20.12499858,0.00000000
-20.12399858,0.00000000
-20.12299858,1.88853300
-20.12199858,0.00000000
-20.12099858,0.00000000
-20.11999858,0.00000000
-20.11899858,0.00000000
-20.11799858,0.00000000
-20.11699858,0.00000000
-20.11599858,0.00000000
-20.11499858,0.00000000
-20.11399858,1.88853300
-20.11299858,1.88853300
-20.11199858,1.88853300
-20.11099858,1.88853300
-20.10999858,1.88853300
-20.10899858,0.00000000
-20.10799858,0.00000000
-20.10699858,0.00000000
-20.10599858,0.00000000
-20.10499858,0.00000000
-20.10399858,0.00000000
-20.10299858,0.00000000
-20.10199858,1.88853300
-20.10099858,1.88853300
-20.09999858,0.00000000
-20.09899858,0.00000000
-20.09799858,0.00000000
-20.09699858,0.00000000
-20.09599858,0.00000000
-20.09499858,0.00000000
-20.09399858,-1.88853300
-20.09299858,-1.88853300
-20.09199858,-1.88853300
-20.09099858,-1.88853300
-20.08999858,-1.88853300
-20.08899858,-1.88853300
-20.08799858,-1.88853300
-20.08699858,-1.88853300
-20.08599858,-1.88853300
-20.08499858,-1.88853300
-20.08399858,-1.88853300
-20.08299858,-3.77706700
-20.08199858,-3.77706700
-20.08099858,-1.88853300
-20.07999858,-1.88853300
-20.07899858,-3.77706700
-20.07799858,-3.77706700
-20.07699858,-3.77706700
-20.07599858,-3.77706700
-20.07499858,-3.77706700
-20.07399858,-3.77706700
-20.07299858,-3.77706700
-20.07199858,-5.67175200
-20.07099858,-5.67175200
-20.06999858,-3.77706700
-20.06899858,-3.77706700
-20.06799858,-3.77706700
-20.06699858,-3.77706700
-20.06599858,-3.77706700
-20.06499858,-1.88853300
-20.06399858,-3.77706700
-20.06299858,-3.77706700
-20.06199858,-3.77706700
-20.06099858,-3.77706700
-20.05999858,-3.77706700
-20.05899858,-1.88853300
-20.05799858,0.00000000
-20.05699858,0.00000000
-20.05599858,0.00000000
-20.05499858,-1.88853300
-20.05399858,-1.88853300
-20.05299858,-3.77706700
-20.05199858,-3.77706700
-20.05099858,-3.77706700
-20.04999858,-1.88853300
-20.04899858,0.00000000
-20.04799858,0.00000000
-20.04699858,1.88853300
-20.04599858,1.88853300
-20.04499858,1.88853300
-20.04399858,0.00000000
-20.04299858,0.00000000
-20.04199858,0.00000000
-20.04099858,0.00000000
-20.03999858,0.00000000
-20.03899858,0.00000000
-20.03799858,1.88853300
-20.03699858,1.88853300
-20.03599858,1.88853300
-20.03499858,1.88853300
-20.03399858,1.88853300
-20.03299858,0.00000000
-20.03199858,0.00000000
-20.03099858,0.00000000
-20.02999858,0.00000000
-20.02899858,1.88853300
-20.02799858,1.88853300
-20.02699858,1.88853300
-20.02599858,1.88853300
-20.02499858,1.88853300
-20.02399858,0.00000000
-20.02299858,-1.88853300
-20.02199858,-1.88853300
-20.02099858,0.00000000
-20.01999858,0.00000000
-20.01899858,1.88853300
-20.01799858,1.88853300
-20.01699858,1.88853300
-20.01599858,0.00000000
-20.01499858,0.00000000
-20.01399858,-1.88853300
-20.01299858,-1.88853300
-20.01199858,0.00000000
-20.01099858,0.00000000
-20.00999858,0.00000000
-20.00899858,0.00000000
-20.00799858,0.00000000
-20.00699858,0.00000000
-20.00599858,-1.88853300
-20.00499858,0.00000000
-20.00399858,0.00000000
-20.00299858,0.00000000
-20.00199858,0.00000000
-20.00099858,0.00000000
-19.99999858,0.00000000
-19.99899858,0.00000000
-19.99799858,0.00000000
-19.99699858,0.00000000
-19.99599858,0.00000000
-19.99499858,0.00000000
-19.99399858,0.00000000
-19.99299858,0.00000000
-19.99199858,0.00000000
-19.99099858,1.88853300
-19.98999858,1.88853300
-19.98899858,1.88853300
-19.98799858,1.88853300
-19.98699858,0.00000000
-19.98599858,0.00000000
-19.98499858,0.00000000
-19.98399858,0.00000000
-19.98299858,0.00000000
-19.98199858,1.88853300
-19.98099858,1.88853300
-19.97999858,1.88853300
-19.97899858,1.88853300
-19.97799858,1.88853300
-19.97699858,0.00000000
-19.97599858,0.00000000
-19.97499858,0.00000000
-19.97399858,1.88853300
-19.97299858,1.88853300
-19.97199858,1.88853300
-19.97099858,1.88853300
-19.96999858,1.88853300
-19.96899858,1.88853300
-19.96799858,1.88853300
-19.96699858,1.88853300
-19.96599858,1.88853300
-19.96499858,1.88853300
-19.96399858,3.77706700
-19.96299858,3.77706700
-19.96199858,5.67175200
-19.96099858,5.67175200
-19.95999858,3.77706700
-19.95899858,3.77706700
-19.95799858,3.77706700
-19.95699858,3.77706700
-19.95599858,3.77706700
-19.95499858,3.77706700
-19.95399858,5.67175200
-19.95299858,5.67175200
-19.95199858,5.67175200
-19.95099858,5.67175200
-19.94999858,5.67175200
-19.94899858,5.67175200
-19.94799858,5.67175200
-19.94699858,5.67175200
-19.94599858,5.67175200
-19.94499858,5.67175200
-19.94399858,7.56028500
-19.94299858,7.56028500
-19.94199858,7.56028500
-19.94099858,7.56028500
-19.93999858,5.67175200
-19.93899858,5.67175200
-19.93799858,5.67175200
-19.93699858,5.67175200
-19.93599858,5.67175200
-19.93499858,3.77706700
-19.93399858,3.77706700
-19.93299858,5.67175200
-19.93199858,5.67175200
-19.93099858,5.67175200
-19.92999858,5.67175200
-19.92899858,3.77706700
-19.92799858,3.77706700
-19.92699858,3.77706700
-19.92599858,3.77706700
-19.92499858,3.77706700
-19.92399858,3.77706700
-19.92299858,5.67175200
-19.92199858,3.77706700
-19.92099858,3.77706700
-19.91999858,3.77706700
-19.91899858,1.88853300
-19.91799858,3.77706700
-19.91699858,3.77706700
-19.91599858,3.77706700
-19.91499858,3.77706700
-19.91399858,3.77706700
-19.91299858,1.88853300
-19.91199858,1.88853300
-19.91099858,1.88853300
-19.90999858,1.88853300
-19.90899858,1.88853300
-19.90799858,1.88853300
-19.90699858,3.77706700
-19.90599858,3.77706700
-19.90499858,3.77706700
-19.90399858,3.77706700
-19.90299858,1.88853300
-19.90199858,1.88853300
-19.90099858,1.88853300
-19.89999858,1.88853300
-19.89899858,1.88853300
-19.89799858,3.77706700
-19.89699858,3.77706700
-19.89599858,5.67175200
-19.89499858,5.67175200
-19.89399858,3.77706700
-19.89299858,3.77706700
-19.89199858,3.77706700
-19.89099858,5.67175200
-19.88999858,5.67175200
-19.88899858,5.67175200
-19.88799858,3.77706700
-19.88699858,5.67175200
-19.88599858,5.67175200
-19.88499858,5.67175200
-19.88399858,5.67175200
-19.88299858,5.67175200
-19.88199858,5.67175200
-19.88099858,5.67175200
-19.87999858,5.67175200
-19.87899858,3.77706700
-19.87799858,3.77706700
-19.87699858,3.77706700
-19.87599858,5.67175200
-19.87499858,5.67175200
-19.87399858,5.67175200
-19.87299858,5.67175200
-19.87199858,5.67175200
-19.87099858,5.67175200
-19.86999858,5.67175200
-19.86899858,5.67175200
-19.86799858,5.67175200
-19.86699858,5.67175200
-19.86599858,3.77706700
-19.86499858,5.67175200
-19.86399858,5.67175200
-19.86299858,5.67175200
-19.86199858,5.67175200
-19.86099858,5.67175200
-19.85999858,5.67175200
-19.85899858,5.67175200
-19.85799858,3.77706700
-19.85699858,3.77706700
-19.85599858,3.77706700
-19.85499858,3.77706700
-19.85399858,3.77706700
-19.85299858,3.77706700
-19.85199858,3.77706700
-19.85099858,5.67175200
-19.84999858,5.67175200
-19.84899858,5.67175200
-19.84799858,5.67175200
-19.84699858,3.77706700
-19.84599858,3.77706700
-19.84499858,3.77706700
-19.84399858,3.77706700
-19.84299858,3.77706700
-19.84199858,3.77706700
-19.84099858,5.67175200
-19.83999858,5.67175200
-19.83899858,5.67175200
-19.83799858,3.77706700
-19.83699858,3.77706700
-19.83599858,1.88853300
-19.83499858,1.88853300
-19.83399858,3.77706700
-19.83299858,3.77706700
-19.83199858,3.77706700
-19.83099858,3.77706700
-19.82999858,5.67175200
-19.82899858,5.67175200
-19.82799858,5.67175200
-19.82699858,3.77706700
-19.82599858,3.77706700
-19.82499858,3.77706700
-19.82399858,3.77706700
-19.82299858,3.77706700
-19.82199858,5.67175200
-19.82099858,5.67175200
-19.81999858,5.67175200
-19.81899858,5.67175200
-19.81799858,5.67175200
-19.81699858,5.67175200
-19.81599858,5.67175200
-19.81499858,3.77706700
-19.81399858,3.77706700
-19.81299858,3.77706700
-19.81199858,5.67175200
-19.81099858,5.67175200
-19.80999858,5.67175200
-19.80899858,5.67175200
-19.80799858,5.67175200
-19.80699858,5.67175200
-19.80599858,5.67175200
-19.80499858,5.67175200
-19.80399858,3.77706700
-19.80299858,3.77706700
-19.80199858,5.67175200
-19.80099858,5.67175200
-19.79999858,5.67175200
-19.79899858,5.67175200
-19.79799858,5.67175200
-19.79699859,5.67175200
-19.79599859,5.67175200
-19.79499859,5.67175200
-19.79399859,5.67175200
-19.79299859,5.67175200
-19.79199859,5.67175200
-19.79099859,5.67175200
-19.78999859,5.67175200
-19.78899859,5.67175200
-19.78799859,5.67175200
-19.78699859,7.56028500
-19.78599859,5.67175200
-19.78499859,5.67175200
-19.78399859,5.67175200
-19.78299859,5.67175200
-19.78199859,5.67175200
-19.78099859,5.67175200
-19.77999859,5.67175200
-19.77899859,5.67175200
-19.77799859,5.67175200
-19.77699859,7.56028500
-19.77599859,7.56028500
-19.77499859,5.67175200
-19.77399859,5.67175200
-19.77299859,3.77706700
-19.77199859,3.77706700
-19.77099859,5.67175200
-19.76999859,5.67175200
-19.76899859,5.67175200
-19.76799859,5.67175200
-19.76699859,5.67175200
-19.76599859,3.77706700
-19.76499859,3.77706700
-19.76399859,3.77706700
-19.76299859,3.77706700
-19.76199859,5.67175200
-19.76099859,5.67175200
-19.75999859,5.67175200
-19.75899859,5.67175200
-19.75799859,5.67175200
-19.75699859,5.67175200
-19.75599859,5.67175200
-19.75499859,5.67175200
-19.75399859,5.67175200
-19.75299859,5.67175200
-19.75199859,7.56028500
-19.75099859,7.56028500
-19.74999859,7.56028500
-19.74899859,7.56028500
-19.74799859,5.67175200
-19.74699859,5.67175200
-19.74599859,3.77706700
-19.74499859,5.67175200
-19.74399859,5.67175200
-19.74299859,5.67175200
-19.74199859,7.56028500
-19.74099859,7.56028500
-19.73999859,7.56028500
-19.73899859,7.56028500
-19.73799859,7.56028500
-19.73699859,7.56028500
-19.73599859,7.56028500
-19.73499859,7.56028500
-19.73399859,7.56028500
-19.73299859,7.56028500
-19.73199859,7.56028500
-19.73099859,7.56028500
-19.72999859,7.56028500
-19.72899859,7.56028500
-19.72799859,7.56028500
-19.72699859,7.56028500
-19.72599859,7.56028500
-19.72499859,7.56028500
-19.72399859,7.56028500
-19.72299859,7.56028500
-19.72199859,7.56028500
-19.72099859,9.45496900
-19.71999859,9.45496900
-19.71899859,7.56028500
-19.71799859,7.56028500
-19.71699859,7.56028500
-19.71599859,9.45496900
-19.71499859,9.45496900
-19.71399859,9.45496900
-19.71299859,11.34350000
-19.71199859,11.34350000
-19.71099859,9.45496900
-19.70999859,9.45496900
-19.70899859,9.45496900
-19.70799859,9.45496900
-19.70699859,11.34350000
-19.70599859,11.34350000
-19.70499859,11.34350000
-19.70399859,13.23204000
-19.70299859,13.23204000
-19.70199859,13.23204000
-19.70099859,13.23204000
-19.69999859,11.34350000
-19.69899859,11.34350000
-19.69799859,9.45496900
-19.69699859,11.34350000
-19.69599859,11.34350000
-19.69499859,13.23204000
-19.69399859,13.23204000
-19.69299859,13.23204000
-19.69199859,11.34350000
-19.69099859,11.34350000
-19.68999859,9.45496900
-19.68899859,9.45496900
-19.68799859,9.45496900
-19.68699859,9.45496900
-19.68599859,9.45496900
-19.68499859,11.34350000
-19.68399859,11.34350000
-19.68299859,11.34350000
-19.68199859,9.45496900
-19.68099859,9.45496900
-19.67999859,9.45496900
-19.67899859,7.56028500
-19.67799859,7.56028500
-19.67699859,9.45496900
-19.67599859,9.45496900
-19.67499859,9.45496900
-19.67399859,9.45496900
-19.67299859,9.45496900
-19.67199859,7.56028500
-19.67099859,7.56028500
-19.66999859,7.56028500
-19.66899859,7.56028500
-19.66799859,7.56028500
-19.66699859,9.45496900
-19.66599859,9.45496900
-19.66499859,9.45496900
-19.66399859,9.45496900
-19.66299859,7.56028500
-19.66199859,7.56028500
-19.66099859,5.67175200
-19.65999859,7.56028500
-19.65899859,7.56028500
-19.65799859,7.56028500
-19.65699859,9.45496900
-19.65599859,9.45496900
-19.65499859,9.45496900
-19.65399859,9.45496900
-19.65299859,9.45496900
-19.65199859,7.56028500
-19.65099859,7.56028500
-19.64999859,7.56028500
-19.64899859,9.45496900
-19.64799859,11.34350000
-19.64699859,11.34350000
-19.64599859,11.34350000
-19.64499859,11.34350000
-19.64399859,9.45496900
-19.64299859,9.45496900
-19.64199859,9.45496900
-19.64099859,9.45496900
-19.63999859,9.45496900
-19.63899859,11.34350000
-19.63799859,11.34350000
-19.63699859,11.34350000
-19.63599859,11.34350000
-19.63499859,11.34350000
-19.63399859,11.34350000
-19.63299859,11.34350000
-19.63199859,11.34350000
-19.63099859,9.45496900
-19.62999859,9.45496900
-19.62899859,11.34350000
-19.62799859,11.34350000
-19.62699859,11.34350000
-19.62599859,11.34350000
-19.62499859,9.45496900
-19.62399859,9.45496900
-19.62299859,9.45496900
-19.62199859,9.45496900
-19.62099859,9.45496900
-19.61999859,9.45496900
-19.61899859,9.45496900
-19.61799859,7.56028500
-19.61699859,7.56028500
-19.61599859,7.56028500
-19.61499859,5.67175200
-19.61399859,5.67175200
-19.61299859,5.67175200
-19.61199859,5.67175200
-19.61099859,5.67175200
-19.60999859,5.67175200
-19.60899859,3.77706700
-19.60799859,3.77706700
-19.60699859,3.77706700
-19.60599859,3.77706700
-19.60499859,3.77706700
-19.60399859,1.88853300
-19.60299859,1.88853300
-19.60199859,1.88853300
-19.60099859,1.88853300
-19.59999859,1.88853300
-19.59899859,3.77706700
-19.59799859,3.77706700
-19.59699859,3.77706700
-19.59599859,1.88853300
-19.59499859,1.88853300
-19.59399859,1.88853300
-19.59299859,1.88853300
-19.59199859,3.77706700
-19.59099859,5.67175200
-19.58999859,5.67175200
-19.58899859,5.67175200
-19.58799859,5.67175200
-19.58699859,3.77706700
-19.58599859,3.77706700
-19.58499859,5.67175200
-19.58399859,5.67175200
-19.58299859,5.67175200
-19.58199859,7.56028500
-19.58099859,7.56028500
-19.57999859,7.56028500
-19.57899859,7.56028500
-19.57799859,5.67175200
-19.57699859,7.56028500
-19.57599859,7.56028500
-19.57499859,7.56028500
-19.57399859,7.56028500
-19.57299859,7.56028500
-19.57199859,9.45496900
-19.57099859,9.45496900
-19.56999859,11.34350000
-19.56899859,11.34350000
-19.56799859,9.45496900
-19.56699859,9.45496900
-19.56599859,9.45496900
-19.56499859,11.34350000
-19.56399859,11.34350000
-19.56299859,11.34350000
-19.56199859,11.34350000
-19.56099859,11.34350000
-19.55999859,11.34350000
-19.55899859,9.45496900
-19.55799859,9.45496900
-19.55699859,7.56028500
-19.55599859,7.56028500
-19.55499859,9.45496900
-19.55399859,7.56028500
-19.55299859,7.56028500
-19.55199859,7.56028500
-19.55099859,7.56028500
-19.54999859,7.56028500
-19.54899859,7.56028500
-19.54799859,7.56028500
-19.54699859,7.56028500
-19.54599859,7.56028500
-19.54499859,7.56028500
-19.54399859,7.56028500
-19.54299859,7.56028500
-19.54199859,9.45496900
-19.54099859,9.45496900
-19.53999859,7.56028500
-19.53899859,7.56028500
-19.53799859,7.56028500
-19.53699859,9.45496900
-19.53599859,9.45496900
-19.53499859,11.34350000
-19.53399859,11.34350000
-19.53299859,9.45496900
-19.53199859,7.56028500
-19.53099859,7.56028500
-19.52999859,7.56028500
-19.52899859,7.56028500
-19.52799859,9.45496900
-19.52699859,9.45496900
-19.52599859,9.45496900
-19.52499859,9.45496900
-19.52399859,9.45496900
-19.52299859,9.45496900
-19.52199859,9.45496900
-19.52099859,9.45496900
-19.51999859,9.45496900
-19.51899859,7.56028500
-19.51799859,7.56028500
-19.51699859,7.56028500
-19.51599859,9.45496900
-19.51499859,11.34350000
-19.51399859,13.23204000
-19.51299859,13.23204000
-19.51199859,13.23204000
-19.51099859,11.34350000
-19.50999859,11.34350000
-19.50899859,11.34350000
-19.50799859,11.34350000
-19.50699859,13.23204000
-19.50599859,13.23204000
-19.50499859,13.23204000
-19.50399859,13.23204000
-19.50299859,13.23204000
-19.50199859,13.23204000
-19.50099859,13.23204000
-19.49999859,15.12672000
-19.49899859,13.23204000
-19.49799859,13.23204000
-19.49699859,13.23204000
-19.49599859,11.34350000
-19.49499859,11.34350000
-19.49399859,11.34350000
-19.49299859,13.23204000
-19.49199859,13.23204000
-19.49099859,13.23204000
-19.48999859,13.23204000
-19.48899859,13.23204000
-19.48799859,13.23204000
-19.48699859,13.23204000
-19.48599859,11.34350000
-19.48499859,11.34350000
-19.48399859,9.45496900
-19.48299859,11.34350000
-19.48199859,11.34350000
-19.48099859,11.34350000
-19.47999859,11.34350000
-19.47899859,11.34350000
-19.47799859,9.45496900
-19.47699859,9.45496900
-19.47599859,9.45496900
-19.47499859,7.56028500
-19.47399859,5.67175200
-19.47299859,5.67175200
-19.47199859,5.67175200
-19.47099859,5.67175200
-19.46999859,7.56028500
-19.46899859,7.56028500
-19.46799859,7.56028500
-19.46699859,7.56028500
-19.46599859,7.56028500
-19.46499859,5.67175200
-19.46399859,7.56028500
-19.46299859,7.56028500
-19.46199859,7.56028500
-19.46099859,9.45496900
-19.45999859,9.45496900
-19.45899859,9.45496900
-19.45799859,9.45496900
-19.45699859,11.34350000
-19.45599859,9.45496900
-19.45499859,7.56028500
-19.45399859,7.56028500
-19.45299859,5.67175200
-19.45199859,5.67175200
-19.45099859,5.67175200
-19.44999859,5.67175200
-19.44899859,7.56028500
-19.44799859,7.56028500
-19.44699859,7.56028500
-19.44599859,5.67175200
-19.44499859,5.67175200
-19.44399859,7.56028500
-19.44299860,7.56028500
-19.44199860,7.56028500
-19.44099860,5.67175200
-19.43999860,5.67175200
-19.43899860,5.67175200
-19.43799860,7.56028500
-19.43699860,9.45496900
-19.43599860,9.45496900
-19.43499860,9.45496900
-19.43399860,9.45496900
-19.43299860,7.56028500
-19.43199860,5.67175200
-19.43099860,3.77706700
-19.42999860,3.77706700
-19.42899860,3.77706700
-19.42799860,3.77706700
-19.42699860,3.77706700
-19.42599860,3.77706700
-19.42499860,5.67175200
-19.42399860,5.67175200
-19.42299860,5.67175200
-19.42199860,5.67175200
-19.42099860,5.67175200
-19.41999860,3.77706700
-19.41899860,3.77706700
-19.41799860,3.77706700
-19.41699860,3.77706700
-19.41599860,5.67175200
-19.41499860,5.67175200
-19.41399860,7.56028500
-19.41299860,9.45496900
-19.41199860,9.45496900
-19.41099860,7.56028500
-19.40999860,5.67175200
-19.40899860,5.67175200
-19.40799860,3.77706700
-19.40699860,3.77706700
-19.40599860,5.67175200
-19.40499860,5.67175200
-19.40399860,5.67175200
-19.40299860,5.67175200
-19.40199860,5.67175200
-19.40099860,5.67175200
-19.39999860,5.67175200
-19.39899860,5.67175200
-19.39799860,5.67175200
-19.39699860,5.67175200
-19.39599860,5.67175200
-19.39499860,5.67175200
-19.39399860,5.67175200
-19.39299860,7.56028500
-19.39199860,9.45496900
-19.39099860,9.45496900
-19.38999860,9.45496900
-19.38899860,9.45496900
-19.38799860,9.45496900
-19.38699860,9.45496900
-19.38599860,9.45496900
-19.38499860,9.45496900
-19.38399860,9.45496900
-19.38299860,7.56028500
-19.38199860,9.45496900
-19.38099860,9.45496900
-19.37999860,9.45496900
-19.37899860,9.45496900
-19.37799860,7.56028500
-19.37699860,7.56028500
-19.37599860,7.56028500
-19.37499860,7.56028500
-19.37399860,7.56028500
-19.37299860,7.56028500
-19.37199860,9.45496900
-19.37099860,9.45496900
-19.36999860,11.34350000
-19.36899860,11.34350000
-19.36799860,11.34350000
-19.36699860,11.34350000
-19.36599860,11.34350000
-19.36499860,9.45496900
-19.36399860,9.45496900
-19.36299860,9.45496900
-19.36199860,9.45496900
-19.36099860,11.34350000
-19.35999860,13.23204000
-19.35899860,13.23204000
-19.35799860,13.23204000
-19.35699860,11.34350000
-19.35599860,11.34350000
-19.35499860,9.45496900
-19.35399860,9.45496900
-19.35299860,9.45496900
-19.35199860,9.45496900
-19.35099860,11.34350000
-19.34999860,11.34350000
-19.34899860,13.23204000
-19.34799860,13.23204000
-19.34699860,13.23204000
-19.34599860,13.23204000
-19.34499860,13.23204000
-19.34399860,11.34350000
-19.34299860,11.34350000
-19.34199860,11.34350000
-19.34099860,13.23204000
-19.33999860,13.23204000
-19.33899860,13.23204000
-19.33799860,11.34350000
-19.33699860,11.34350000
-19.33599860,11.34350000
-19.33499860,9.45496900
-19.33399860,11.34350000
-19.33299860,11.34350000
-19.33199860,11.34350000
-19.33099860,9.45496900
-19.32999860,9.45496900
-19.32899860,9.45496900
-19.32799860,9.45496900
-19.32699860,9.45496900
-19.32599860,7.56028500
-19.32499860,9.45496900
-19.32399860,9.45496900
-19.32299860,9.45496900
-19.32199860,9.45496900
-19.32099860,11.34350000
-19.31999860,11.34350000
-19.31899860,11.34350000
-19.31799860,9.45496900
-19.31699860,7.56028500
-19.31599860,7.56028500
-19.31499860,7.56028500
-19.31399860,7.56028500
-19.31299860,9.45496900
-19.31199860,7.56028500
-19.31099860,7.56028500
-19.30999860,7.56028500
-19.30899860,7.56028500
-19.30799860,7.56028500
-19.30699860,5.67175200
-19.30599860,5.67175200
-19.30499860,7.56028500
-19.30399860,7.56028500
-19.30299860,7.56028500
-19.30199860,7.56028500
-19.30099860,7.56028500
-19.29999860,7.56028500
-19.29899860,7.56028500
-19.29799860,7.56028500
-19.29699860,7.56028500
-19.29599860,7.56028500
-19.29499860,7.56028500
-19.29399860,7.56028500
-19.29299860,9.45496900
-19.29199860,9.45496900
-19.29099860,9.45496900
-19.28999860,7.56028500
-19.28899860,7.56028500
-19.28799860,5.67175200
-19.28699860,5.67175200
-19.28599860,5.67175200
-19.28499860,7.56028500
-19.28399860,7.56028500
-19.28299860,7.56028500
-19.28199860,7.56028500
-19.28099860,7.56028500
-19.27999860,7.56028500
-19.27899860,7.56028500
-19.27799860,7.56028500
-19.27699860,7.56028500
-19.27599860,7.56028500
-19.27499860,7.56028500
-19.27399860,7.56028500
-19.27299860,7.56028500
-19.27199860,7.56028500
-19.27099860,7.56028500
-19.26999860,7.56028500
-19.26899860,7.56028500
-19.26799860,7.56028500
-19.26699860,7.56028500
-19.26599860,7.56028500
-19.26499860,7.56028500
-19.26399860,5.67175200
-19.26299860,5.67175200
-19.26199860,5.67175200
-19.26099860,5.67175200
-19.25999860,5.67175200
-19.25899860,5.67175200
-19.25799860,7.56028500
-19.25699860,7.56028500
-19.25599860,7.56028500
-19.25499860,7.56028500
-19.25399860,5.67175200
-19.25299860,5.67175200
-19.25199860,5.67175200
-19.25099860,5.67175200
-19.24999860,5.67175200
-19.24899860,7.56028500
-19.24799860,7.56028500
-19.24699860,9.45496900
-19.24599860,9.45496900
-19.24499860,9.45496900
-19.24399860,7.56028500
-19.24299860,5.67175200
-19.24199860,5.67175200
-19.24099860,5.67175200
-19.23999860,5.67175200
-19.23899860,7.56028500
-19.23799860,9.45496900
-19.23699860,9.45496900
-19.23599860,9.45496900
-19.23499860,7.56028500
-19.23399860,5.67175200
-19.23299860,5.67175200
-19.23199860,5.67175200
-19.23099860,5.67175200
-19.22999860,5.67175200
-19.22899860,7.56028500
-19.22799860,7.56028500
-19.22699860,9.45496900
-19.22599860,7.56028500
-19.22499860,7.56028500
-19.22399860,5.67175200
-19.22299860,5.67175200
-19.22199860,5.67175200
-19.22099860,5.67175200
-19.21999860,5.67175200
-19.21899860,7.56028500
-19.21799860,7.56028500
-19.21699860,9.45496900
-19.21599860,7.56028500
-19.21499860,7.56028500
-19.21399860,7.56028500
-19.21299860,7.56028500
-19.21199860,5.67175200
-19.21099860,5.67175200
-19.20999860,5.67175200
-19.20899860,5.67175200
-19.20799860,5.67175200
-19.20699860,5.67175200
-19.20599860,5.67175200
-19.20499860,5.67175200
-19.20399860,5.67175200
-19.20299860,5.67175200
-19.20199860,5.67175200
-19.20099860,7.56028500
-19.19999860,7.56028500
-19.19899860,7.56028500
-19.19799860,7.56028500
-19.19699860,7.56028500
-19.19599860,7.56028500
-19.19499860,7.56028500
-19.19399860,5.67175200
-19.19299860,5.67175200
-19.19199860,5.67175200
-19.19099860,5.67175200
-19.18999860,7.56028500
-19.18899860,7.56028500
-19.18799860,5.67175200
-19.18699860,5.67175200
-19.18599860,5.67175200
-19.18499860,7.56028500
-19.18399860,5.67175200
-19.18299860,5.67175200
-19.18199860,5.67175200
-19.18099860,5.67175200
-19.17999860,5.67175200
-19.17899860,5.67175200
-19.17799860,5.67175200
-19.17699860,5.67175200
-19.17599860,7.56028500
-19.17499860,7.56028500
-19.17399860,7.56028500
-19.17299860,7.56028500
-19.17199860,7.56028500
-19.17099860,5.67175200
-19.16999860,5.67175200
-19.16899860,5.67175200
-19.16799860,5.67175200
-19.16699860,5.67175200
-19.16599860,5.67175200
-19.16499860,7.56028500
-19.16399860,7.56028500
-19.16299860,5.67175200
-19.16199860,5.67175200
-19.16099860,5.67175200
-19.15999860,3.77706700
-19.15899860,3.77706700
-19.15799860,3.77706700
-19.15699860,3.77706700
-19.15599860,5.67175200
-19.15499860,7.56028500
-19.15399860,7.56028500
-19.15299860,7.56028500
-19.15199860,5.67175200
-19.15099860,5.67175200
-19.14999860,3.77706700
-19.14899860,1.88853300
-19.14799860,1.88853300
-19.14699860,1.88853300
-19.14599860,3.77706700
-19.14499860,5.67175200
-19.14399860,7.56028500
-19.14299860,9.45496900
-19.14199860,9.45496900
-19.14099860,7.56028500
-19.13999860,7.56028500
-19.13899860,5.67175200
-19.13799860,3.77706700
-19.13699860,3.77706700
-19.13599860,3.77706700
-19.13499860,3.77706700
-19.13399860,5.67175200
-19.13299860,7.56028500
-19.13199860,7.56028500
-19.13099860,7.56028500
-19.12999860,7.56028500
-19.12899860,7.56028500
-19.12799860,7.56028500
-19.12699860,5.67175200
-19.12599860,5.67175200
-19.12499860,5.67175200
-19.12399860,5.67175200
-19.12299860,5.67175200
-19.12199860,5.67175200
-19.12099860,5.67175200
-19.11999860,7.56028500
-19.11899860,7.56028500
-19.11799860,7.56028500
-19.11699860,7.56028500
-19.11599860,7.56028500
-19.11499860,5.67175200
-19.11399860,5.67175200
-19.11299860,5.67175200
-19.11199860,3.77706700
-19.11099860,3.77706700
-19.10999860,3.77706700
-19.10899860,5.67175200
-19.10799860,5.67175200
-19.10699860,5.67175200
-19.10599860,5.67175200
-19.10499860,3.77706700
-19.10399860,3.77706700
-19.10299860,1.88853300
-19.10199860,1.88853300
-19.10099860,1.88853300
-19.09999860,1.88853300
-19.09899860,1.88853300
-19.09799860,1.88853300
-19.09699860,1.88853300
-19.09599860,1.88853300
-19.09499860,0.00000000
-19.09399860,0.00000000
-19.09299860,0.00000000
-19.09199860,0.00000000
-19.09099860,1.88853300
-19.08999861,1.88853300
-19.08899861,1.88853300
-19.08799861,1.88853300
-19.08699861,1.88853300
-19.08599861,1.88853300
-19.08499861,0.00000000
-19.08399861,0.00000000
-19.08299861,0.00000000
-19.08199861,0.00000000
-19.08099861,1.88853300
-19.07999861,1.88853300
-19.07899861,1.88853300
-19.07799861,1.88853300
-19.07699861,1.88853300
-19.07599861,1.88853300
-19.07499861,1.88853300
-19.07399861,1.88853300
-19.07299861,1.88853300
-19.07199861,1.88853300
-19.07099861,1.88853300
-19.06999861,1.88853300
-19.06899861,1.88853300
-19.06799861,1.88853300
-19.06699861,1.88853300
-19.06599861,1.88853300
-19.06499861,3.77706700
-19.06399861,3.77706700
-19.06299861,5.67175200
-19.06199861,5.67175200
-19.06099861,5.67175200
-19.05999861,5.67175200
-19.05899861,3.77706700
-19.05799861,1.88853300
-19.05699861,1.88853300
-19.05599861,1.88853300
-19.05499861,1.88853300
-19.05399861,3.77706700
-19.05299861,5.67175200
-19.05199861,5.67175200
-19.05099861,5.67175200
-19.04999861,5.67175200
-19.04899861,5.67175200
-19.04799861,3.77706700
-19.04699861,3.77706700
-19.04599861,1.88853300
-19.04499861,1.88853300
-19.04399861,1.88853300
-19.04299861,1.88853300
-19.04199861,3.77706700
-19.04099861,3.77706700
-19.03999861,3.77706700
-19.03899861,1.88853300
-19.03799861,1.88853300
-19.03699861,1.88853300
-19.03599861,1.88853300
-19.03499861,1.88853300
-19.03399861,1.88853300
-19.03299861,1.88853300
-19.03199861,1.88853300
-19.03099861,1.88853300
-19.02999861,0.00000000
-19.02899861,0.00000000
-19.02799861,-1.88853300
-19.02699861,-1.88853300
-19.02599861,0.00000000
-19.02499861,0.00000000
-19.02399861,0.00000000
-19.02299861,1.88853300
-19.02199861,1.88853300
-19.02099861,1.88853300
-19.01999861,0.00000000
-19.01899861,-1.88853300
-19.01799861,-1.88853300
-19.01699861,-1.88853300
-19.01599861,-1.88853300
-19.01499861,0.00000000
-19.01399861,0.00000000
-19.01299861,0.00000000
-19.01199861,1.88853300
-19.01099861,1.88853300
-19.00999861,1.88853300
-19.00899861,1.88853300
-19.00799861,0.00000000
-19.00699861,1.88853300
-19.00599861,1.88853300
-19.00499861,1.88853300
-19.00399861,1.88853300
-19.00299861,1.88853300
-19.00199861,0.00000000
-19.00099861,1.88853300
-18.99999861,1.88853300
-18.99899861,1.88853300
-18.99799861,3.77706700
-18.99699861,5.67175200
-18.99599861,5.67175200
-18.99499861,5.67175200
-18.99399861,5.67175200
-18.99299861,5.67175200
-18.99199861,3.77706700
-18.99099861,3.77706700
-18.98999861,3.77706700
-18.98899861,3.77706700
-18.98799861,3.77706700
-18.98699861,3.77706700
-18.98599861,5.67175200
-18.98499861,5.67175200
-18.98399861,5.67175200
-18.98299861,5.67175200
-18.98199861,3.77706700
-18.98099861,3.77706700
-18.97999861,3.77706700
-18.97899861,3.77706700
-18.97799861,3.77706700
-18.97699861,5.67175200
-18.97599861,5.67175200
-18.97499861,5.67175200
-18.97399861,3.77706700
-18.97299861,3.77706700
-18.97199861,1.88853300
-18.97099861,3.77706700
-18.96999861,3.77706700
-18.96899861,5.67175200
-18.96799861,5.67175200
-18.96699861,3.77706700
-18.96599861,3.77706700
-18.96499861,3.77706700
-18.96399861,1.88853300
-18.96299861,1.88853300
-18.96199861,1.88853300
-18.96099861,1.88853300
-18.95999861,1.88853300
-18.95899861,3.77706700
-18.95799861,3.77706700
-18.95699861,3.77706700
-18.95599861,3.77706700
-18.95499861,1.88853300
-18.95399861,1.88853300
-18.95299861,1.88853300
-18.95199861,1.88853300
-18.95099861,0.00000000
-18.94999861,1.88853300
-18.94899861,1.88853300
-18.94799861,1.88853300
-18.94699861,1.88853300
-18.94599861,1.88853300
-18.94499861,1.88853300
-18.94399861,1.88853300
-18.94299861,1.88853300
-18.94199861,1.88853300
-18.94099861,1.88853300
-18.93999861,1.88853300
-18.93899861,1.88853300
-18.93799861,1.88853300
-18.93699861,1.88853300
-18.93599861,1.88853300
-18.93499861,0.00000000
-18.93399861,1.88853300
-18.93299861,1.88853300
-18.93199861,1.88853300
-18.93099861,1.88853300
-18.92999861,1.88853300
-18.92899861,3.77706700
-18.92799861,1.88853300
-18.92699861,1.88853300
-18.92599861,1.88853300
-18.92499861,0.00000000
-18.92399861,0.00000000
-18.92299861,1.88853300
-18.92199861,1.88853300
-18.92099861,1.88853300
-18.91999861,1.88853300
-18.91899861,1.88853300
-18.91799861,1.88853300
-18.91699861,1.88853300
-18.91599861,0.00000000
-18.91499861,0.00000000
-18.91399861,0.00000000
-18.91299861,1.88853300
-18.91199861,1.88853300
-18.91099861,1.88853300
-18.90999861,1.88853300
-18.90899861,1.88853300
-18.90799861,1.88853300
-18.90699861,0.00000000
-18.90599861,0.00000000
-18.90499861,0.00000000
-18.90399861,0.00000000
-18.90299861,1.88853300
-18.90199861,1.88853300
-18.90099861,3.77706700
-18.89999861,1.88853300
-18.89899861,1.88853300
-18.89799861,1.88853300
-18.89699861,1.88853300
-18.89599861,0.00000000
-18.89499861,0.00000000
-18.89399861,0.00000000
-18.89299861,1.88853300
-18.89199861,1.88853300
-18.89099861,1.88853300
-18.88999861,1.88853300
-18.88899861,1.88853300
-18.88799861,1.88853300
-18.88699861,0.00000000
-18.88599861,0.00000000
-18.88499861,0.00000000
-18.88399861,0.00000000
-18.88299861,0.00000000
-18.88199861,0.00000000
-18.88099861,0.00000000
-18.87999861,0.00000000
-18.87899861,0.00000000
-18.87799861,0.00000000
-18.87699861,0.00000000
-18.87599861,0.00000000
-18.87499861,0.00000000
-18.87399861,0.00000000
-18.87299861,0.00000000
-18.87199861,0.00000000
-18.87099861,0.00000000
-18.86999861,0.00000000
-18.86899861,0.00000000
-18.86799861,0.00000000
-18.86699861,0.00000000
-18.86599861,0.00000000
-18.86499861,0.00000000
-18.86399861,0.00000000
-18.86299861,0.00000000
-18.86199861,0.00000000
-18.86099861,0.00000000
-18.85999861,0.00000000
-18.85899861,0.00000000
-18.85799861,0.00000000
-18.85699861,0.00000000
-18.85599861,1.88853300
-18.85499861,1.88853300
-18.85399861,1.88853300
-18.85299861,1.88853300
-18.85199861,1.88853300
-18.85099861,1.88853300
-18.84999861,1.88853300
-18.84899861,1.88853300
-18.84799861,1.88853300
-18.84699861,3.77706700
-18.84599861,3.77706700
-18.84499861,3.77706700
-18.84399861,3.77706700
-18.84299861,1.88853300
-18.84199861,1.88853300
-18.84099861,3.77706700
-18.83999861,1.88853300
-18.83899861,1.88853300
-18.83799861,3.77706700
-18.83699861,3.77706700
-18.83599861,3.77706700
-18.83499861,3.77706700
-18.83399861,3.77706700
-18.83299861,3.77706700
-18.83199861,3.77706700
-18.83099861,3.77706700
-18.82999861,3.77706700
-18.82899861,3.77706700
-18.82799861,3.77706700
-18.82699861,3.77706700
-18.82599861,3.77706700
-18.82499861,3.77706700
-18.82399861,3.77706700
-18.82299861,3.77706700
-18.82199861,3.77706700
-18.82099861,3.77706700
-18.81999861,3.77706700
-18.81899861,3.77706700
-18.81799861,1.88853300
-18.81699861,3.77706700
-18.81599861,3.77706700
-18.81499861,3.77706700
-18.81399861,3.77706700
-18.81299861,3.77706700
-18.81199861,1.88853300
-18.81099861,1.88853300
-18.80999861,1.88853300
-18.80899861,1.88853300
-18.80799861,1.88853300
-18.80699861,1.88853300
-18.80599861,1.88853300
-18.80499861,1.88853300
-18.80399861,1.88853300
-18.80299861,1.88853300
-18.80199861,1.88853300
-18.80099861,1.88853300
-18.79999861,1.88853300
-18.79899861,1.88853300
-18.79799861,1.88853300
-18.79699861,1.88853300
-18.79599861,1.88853300
-18.79499861,1.88853300
-18.79399861,1.88853300
-18.79299861,3.77706700
-18.79199861,3.77706700
-18.79099861,3.77706700
-18.78999861,3.77706700
-18.78899861,3.77706700
-18.78799861,1.88853300
-18.78699861,1.88853300
-18.78599861,1.88853300
-18.78499861,3.77706700
-18.78399861,1.88853300
-18.78299861,1.88853300
-18.78199861,3.77706700
-18.78099861,3.77706700
-18.77999861,5.67175200
-18.77899861,5.67175200
-18.77799861,3.77706700
-18.77699861,3.77706700
-18.77599861,3.77706700
-18.77499861,3.77706700
-18.77399861,3.77706700
-18.77299861,3.77706700
-18.77199861,3.77706700
-18.77099861,3.77706700
-18.76999861,3.77706700
-18.76899861,5.67175200
-18.76799861,3.77706700
-18.76699861,3.77706700
-18.76599861,3.77706700
-18.76499861,3.77706700
-18.76399861,3.77706700
-18.76299861,3.77706700
-18.76199861,1.88853300
-18.76099861,1.88853300
-18.75999861,1.88853300
-18.75899861,3.77706700
-18.75799861,3.77706700
-18.75699861,3.77706700
-18.75599861,3.77706700
-18.75499861,3.77706700
-18.75399861,3.77706700
-18.75299861,3.77706700
-18.75199861,1.88853300
-18.75099861,1.88853300
-18.74999861,1.88853300
-18.74899861,1.88853300
-18.74799861,3.77706700
-18.74699861,3.77706700
-18.74599861,3.77706700
-18.74499861,3.77706700
-18.74399861,1.88853300
-18.74299861,1.88853300
-18.74199861,1.88853300
-18.74099861,0.00000000
-18.73999861,0.00000000
-18.73899861,1.88853300
-18.73799861,1.88853300
-18.73699861,3.77706700
-18.73599862,3.77706700
-18.73499862,3.77706700
-18.73399862,3.77706700
-18.73299862,1.88853300
-18.73199862,1.88853300
-18.73099862,1.88853300
-18.72999862,1.88853300
-18.72899862,1.88853300
-18.72799862,3.77706700
-18.72699862,3.77706700
-18.72599862,3.77706700
-18.72499862,5.67175200
-18.72399862,3.77706700
-18.72299862,3.77706700
-18.72199862,3.77706700
-18.72099862,1.88853300
-18.71999862,1.88853300
-18.71899862,1.88853300
-18.71799862,3.77706700
-18.71699862,3.77706700
-18.71599862,3.77706700
-18.71499862,3.77706700
-18.71399862,3.77706700
-18.71299862,3.77706700
-18.71199862,3.77706700
-18.71099862,1.88853300
-18.70999862,3.77706700
-18.70899862,3.77706700
-18.70799862,3.77706700
-18.70699862,3.77706700
-18.70599862,3.77706700
-18.70499862,3.77706700
-18.70399862,3.77706700
-18.70299862,3.77706700
-18.70199862,3.77706700
-18.70099862,3.77706700
-18.69999862,3.77706700
-18.69899862,3.77706700
-18.69799862,5.67175200
-18.69699862,5.67175200
-18.69599862,3.77706700
-18.69499862,3.77706700
-18.69399862,3.77706700
-18.69299862,3.77706700
-18.69199862,5.67175200
-18.69099862,5.67175200
-18.68999862,5.67175200
-18.68899862,3.77706700
-18.68799862,3.77706700
-18.68699862,3.77706700
-18.68599862,5.67175200
-18.68499862,3.77706700
-18.68399862,3.77706700
-18.68299862,1.88853300
-18.68199862,3.77706700
-18.68099862,5.67175200
-18.67999862,5.67175200
-18.67899862,5.67175200
-18.67799862,3.77706700
-18.67699862,3.77706700
-18.67599862,3.77706700
-18.67499862,3.77706700
-18.67399862,3.77706700
-18.67299862,3.77706700
-18.67199862,3.77706700
-18.67099862,3.77706700
-18.66999862,5.67175200
-18.66899862,5.67175200
-18.66799862,3.77706700
-18.66699862,3.77706700
-18.66599862,3.77706700
-18.66499862,3.77706700
-18.66399862,3.77706700
-18.66299862,3.77706700
-18.66199862,3.77706700
-18.66099862,5.67175200
-18.65999862,5.67175200
-18.65899862,5.67175200
-18.65799862,5.67175200
-18.65699862,5.67175200
-18.65599862,5.67175200
-18.65499862,5.67175200
-18.65399862,5.67175200
-18.65299862,3.77706700
-18.65199862,3.77706700
-18.65099862,3.77706700
-18.64999862,5.67175200
-18.64899862,5.67175200
-18.64799862,3.77706700
-18.64699862,3.77706700
-18.64599862,5.67175200
-18.64499862,5.67175200
-18.64399862,5.67175200
-18.64299862,5.67175200
-18.64199862,5.67175200
-18.64099862,5.67175200
-18.63999862,3.77706700
-18.63899862,3.77706700
-18.63799862,3.77706700
-18.63699862,3.77706700
-18.63599862,5.67175200
-18.63499862,5.67175200
-18.63399862,5.67175200
-18.63299862,5.67175200
-18.63199862,5.67175200
-18.63099862,5.67175200
-18.62999862,5.67175200
-18.62899862,3.77706700
-18.62799862,3.77706700
-18.62699862,3.77706700
-18.62599862,5.67175200
-18.62499862,7.56028500
-18.62399862,7.56028500
-18.62299862,7.56028500
-18.62199862,5.67175200
-18.62099862,5.67175200
-18.61999862,3.77706700
-18.61899862,3.77706700
-18.61799862,3.77706700
-18.61699862,3.77706700
-18.61599862,5.67175200
-18.61499862,7.56028500
-18.61399862,7.56028500
-18.61299862,7.56028500
-18.61199862,5.67175200
-18.61099862,5.67175200
-18.60999862,3.77706700
-18.60899862,3.77706700
-18.60799862,5.67175200
-18.60699862,5.67175200
-18.60599862,5.67175200
-18.60499862,7.56028500
-18.60399862,7.56028500
-18.60299862,7.56028500
-18.60199862,5.67175200
-18.60099862,5.67175200
-18.59999862,5.67175200
-18.59899862,5.67175200
-18.59799862,5.67175200
-18.59699862,5.67175200
-18.59599862,5.67175200
-18.59499862,5.67175200
-18.59399862,5.67175200
-18.59299862,7.56028500
-18.59199862,5.67175200
-18.59099862,5.67175200
-18.58999862,5.67175200
-18.58899862,3.77706700
-18.58799862,3.77706700
-18.58699862,5.67175200
-18.58599862,5.67175200
-18.58499862,7.56028500
-18.58399862,7.56028500
-18.58299862,5.67175200
-18.58199862,5.67175200
-18.58099862,5.67175200
-18.57999862,3.77706700
-18.57899862,5.67175200
-18.57799862,5.67175200
-18.57699862,5.67175200
-18.57599862,5.67175200
-18.57499862,5.67175200
-18.57399862,3.77706700
-18.57299862,3.77706700
-18.57199862,3.77706700
-18.57099862,5.67175200
-18.56999862,5.67175200
-18.56899862,5.67175200
-18.56799862,5.67175200
-18.56699862,5.67175200
-18.56599862,5.67175200
-18.56499862,5.67175200
-18.56399862,5.67175200
-18.56299862,3.77706700
-18.56199862,3.77706700
-18.56099862,5.67175200
-18.55999862,5.67175200
-18.55899862,5.67175200
-18.55799862,7.56028500
-18.55699862,7.56028500
-18.55599862,5.67175200
-18.55499862,5.67175200
-18.55399862,3.77706700
-18.55299862,3.77706700
-18.55199862,3.77706700
-18.55099862,3.77706700
-18.54999862,5.67175200
-18.54899862,7.56028500
-18.54799862,7.56028500
-18.54699862,7.56028500
-18.54599862,5.67175200
-18.54499862,5.67175200
-18.54399862,3.77706700
-18.54299862,3.77706700
-18.54199862,3.77706700
-18.54099862,5.67175200
-18.53999862,5.67175200
-18.53899862,7.56028500
-18.53799862,7.56028500
-18.53699862,7.56028500
-18.53599862,5.67175200
-18.53499862,3.77706700
-18.53399862,3.77706700
-18.53299862,3.77706700
-18.53199862,3.77706700
-18.53099862,3.77706700
-18.52999862,5.67175200
-18.52899862,5.67175200
-18.52799862,3.77706700
-18.52699862,3.77706700
-18.52599862,1.88853300
-18.52499862,1.88853300
-18.52399862,1.88853300
-18.52299862,1.88853300
-18.52199862,1.88853300
-18.52099862,1.88853300
-18.51999862,1.88853300
-18.51899862,1.88853300
-18.51799862,1.88853300
-18.51699862,1.88853300
-18.51599862,0.00000000
-18.51499862,0.00000000
-18.51399862,0.00000000
-18.51299862,1.88853300
-18.51199862,0.00000000
-18.51099862,0.00000000
-18.50999862,0.00000000
-18.50899862,0.00000000
-18.50799862,0.00000000
-18.50699862,0.00000000
-18.50599862,0.00000000
-18.50499862,0.00000000
-18.50399862,0.00000000
-18.50299862,0.00000000
-18.50199862,1.88853300
-18.50099862,1.88853300
-18.49999862,0.00000000
-18.49899862,1.88853300
-18.49799862,0.00000000
-18.49699862,1.88853300
-18.49599862,1.88853300
-18.49499862,1.88853300
-18.49399862,1.88853300
-18.49299862,3.77706700
-18.49199862,3.77706700
-18.49099862,3.77706700
-18.48999862,3.77706700
-18.48899862,3.77706700
-18.48799862,1.88853300
-18.48699862,1.88853300
-18.48599862,3.77706700
-18.48499862,3.77706700
-18.48399862,3.77706700
-18.48299862,5.67175200
-18.48199862,5.67175200
-18.48099862,5.67175200
-18.47999862,5.67175200
-18.47899862,5.67175200
-18.47799862,3.77706700
-18.47699862,3.77706700
-18.47599862,3.77706700
-18.47499862,3.77706700
-18.47399862,3.77706700
-18.47299862,3.77706700
-18.47199862,5.67175200
-18.47099862,5.67175200
-18.46999862,5.67175200
-18.46899862,3.77706700
-18.46799862,3.77706700
-18.46699862,3.77706700
-18.46599862,3.77706700
-18.46499862,3.77706700
-18.46399862,3.77706700
-18.46299862,3.77706700
-18.46199862,3.77706700
-18.46099862,3.77706700
-18.45999862,3.77706700
-18.45899862,3.77706700
-18.45799862,1.88853300
-18.45699862,3.77706700
-18.45599862,3.77706700
-18.45499862,3.77706700
-18.45399862,3.77706700
-18.45299862,3.77706700
-18.45199862,3.77706700
-18.45099862,1.88853300
-18.44999862,1.88853300
-18.44899862,1.88853300
-18.44799862,1.88853300
-18.44699862,1.88853300
-18.44599862,3.77706700
-18.44499862,3.77706700
-18.44399862,3.77706700
-18.44299862,1.88853300
-18.44199862,1.88853300
-18.44099862,3.77706700
-18.43999862,3.77706700
-18.43899862,3.77706700
-18.43799862,1.88853300
-18.43699862,3.77706700
-18.43599862,3.77706700
-18.43499862,3.77706700
-18.43399862,3.77706700
-18.43299862,1.88853300
-18.43199862,1.88853300
-18.43099862,1.88853300
-18.42999862,3.77706700
-18.42899862,3.77706700
-18.42799862,3.77706700
-18.42699862,1.88853300
-18.42599862,3.77706700
-18.42499862,3.77706700
-18.42399862,3.77706700
-18.42299862,3.77706700
-18.42199862,3.77706700
-18.42099862,3.77706700
-18.41999862,3.77706700
-18.41899862,3.77706700
-18.41799862,3.77706700
-18.41699862,3.77706700
-18.41599862,3.77706700
-18.41499862,3.77706700
-18.41399862,3.77706700
-18.41299862,3.77706700
-18.41199862,3.77706700
-18.41099862,1.88853300
-18.40999862,3.77706700
-18.40899862,3.77706700
-18.40799862,3.77706700
-18.40699862,3.77706700
-18.40599862,3.77706700
-18.40499862,3.77706700
-18.40399862,3.77706700
-18.40299862,5.67175200
-18.40199862,5.67175200
-18.40099862,5.67175200
-18.39999862,5.67175200
-18.39899862,5.67175200
-18.39799862,5.67175200
-18.39699862,5.67175200
-18.39599862,5.67175200
-18.39499862,5.67175200
-18.39399862,5.67175200
-18.39299862,7.56028500
-18.39199862,7.56028500
-18.39099862,7.56028500
-18.38999862,7.56028500
-18.38899862,7.56028500
-18.38799862,7.56028500
-18.38699862,7.56028500
-18.38599862,7.56028500
-18.38499862,7.56028500
-18.38399862,7.56028500
-18.38299862,7.56028500
-18.38199863,7.56028500
-18.38099863,7.56028500
-18.37999863,7.56028500
-18.37899863,7.56028500
-18.37799863,7.56028500
-18.37699863,9.45496900
-18.37599863,9.45496900
-18.37499863,9.45496900
-18.37399863,9.45496900
-18.37299863,9.45496900
-18.37199863,7.56028500
-18.37099863,7.56028500
-18.36999863,7.56028500
-18.36899863,5.67175200
-18.36799863,5.67175200
-18.36699863,7.56028500
-18.36599863,7.56028500
-18.36499863,7.56028500
-18.36399863,7.56028500
-18.36299863,5.67175200
-18.36199863,5.67175200
-18.36099863,3.77706700
-18.35999863,3.77706700
-18.35899863,3.77706700
-18.35799863,3.77706700
-18.35699863,3.77706700
-18.35599863,5.67175200
-18.35499863,5.67175200
-18.35399863,5.67175200
-18.35299863,5.67175200
-18.35199863,3.77706700
-18.35099863,1.88853300
-18.34999863,1.88853300
-18.34899863,1.88853300
-18.34799863,1.88853300
-18.34699863,1.88853300
-18.34599863,1.88853300
-18.34499863,3.77706700
-18.34399863,3.77706700
-18.34299863,1.88853300
-18.34199863,1.88853300
-18.34099863,1.88853300
-18.33999863,1.88853300
-18.33899863,1.88853300
-18.33799863,1.88853300
-18.33699863,3.77706700
-18.33599863,3.77706700
-18.33499863,3.77706700
-18.33399863,3.77706700
-18.33299863,3.77706700
-18.33199863,3.77706700
-18.33099863,3.77706700
-18.32999863,3.77706700
-18.32899863,3.77706700
-18.32799863,3.77706700
-18.32699863,3.77706700
-18.32599863,5.67175200
-18.32499863,3.77706700
-18.32399863,3.77706700
-18.32299863,3.77706700
-18.32199863,3.77706700
-18.32099863,3.77706700
-18.31999863,3.77706700
-18.31899863,5.67175200
-18.31799863,5.67175200
-18.31699863,5.67175200
-18.31599863,5.67175200
-18.31499863,5.67175200
-18.31399863,5.67175200
-18.31299863,3.77706700
-18.31199863,3.77706700
-18.31099863,3.77706700
-18.30999863,3.77706700
-18.30899863,5.67175200
-18.30799863,5.67175200
-18.30699863,5.67175200
-18.30599863,5.67175200
-18.30499863,5.67175200
-18.30399863,3.77706700
-18.30299863,3.77706700
-18.30199863,3.77706700
-18.30099863,3.77706700
-18.29999863,3.77706700
-18.29899863,3.77706700
-18.29799863,3.77706700
-18.29699863,3.77706700
-18.29599863,3.77706700
-18.29499863,3.77706700
-18.29399863,1.88853300
-18.29299863,1.88853300
-18.29199863,1.88853300
-18.29099863,1.88853300
-18.28999863,1.88853300
-18.28899863,1.88853300
-18.28799863,3.77706700
-18.28699863,3.77706700
-18.28599863,1.88853300
-18.28499863,1.88853300
-18.28399863,1.88853300
-18.28299863,1.88853300
-18.28199863,1.88853300
-18.28099863,1.88853300
-18.27999863,1.88853300
-18.27899863,0.00000000
-18.27799863,0.00000000
-18.27699863,1.88853300
-18.27599863,1.88853300
-18.27499863,1.88853300
-18.27399863,1.88853300
-18.27299863,1.88853300
-18.27199863,1.88853300
-18.27099863,3.77706700
-18.26999863,3.77706700
-18.26899863,1.88853300
-18.26799863,1.88853300
-18.26699863,1.88853300
-18.26599863,1.88853300
-18.26499863,1.88853300
-18.26399863,3.77706700
-18.26299863,3.77706700
-18.26199863,3.77706700
-18.26099863,3.77706700
-18.25999863,3.77706700
-18.25899863,3.77706700
-18.25799863,1.88853300
-18.25699863,1.88853300
-18.25599863,1.88853300
-18.25499863,1.88853300
-18.25399863,3.77706700
-18.25299863,5.67175200
-18.25199863,5.67175200
-18.25099863,5.67175200
-18.24999863,5.67175200
-18.24899863,3.77706700
-18.24799863,3.77706700
-18.24699863,1.88853300
-18.24599863,3.77706700
-18.24499863,3.77706700
-18.24399863,3.77706700
-18.24299863,3.77706700
-18.24199863,3.77706700
-18.24099863,3.77706700
-18.23999863,3.77706700
-18.23899863,3.77706700
-18.23799863,1.88853300
-18.23699863,1.88853300
-18.23599863,1.88853300
-18.23499863,1.88853300
-18.23399863,3.77706700
-18.23299863,3.77706700
-18.23199863,5.67175200
-18.23099863,5.67175200
-18.22999863,3.77706700
-18.22899863,1.88853300
-18.22799863,0.00000000
-18.22699863,0.00000000
-18.22599863,0.00000000
-18.22499863,1.88853300
-18.22399863,1.88853300
-18.22299863,1.88853300
-18.22199863,1.88853300
-18.22099863,1.88853300
-18.21999863,1.88853300
-18.21899863,0.00000000
-18.21799863,0.00000000
-18.21699863,0.00000000
-18.21599863,0.00000000
-18.21499863,0.00000000
-18.21399863,0.00000000
-18.21299863,1.88853300
-18.21199863,1.88853300
-18.21099863,1.88853300
-18.20999863,1.88853300
-18.20899863,1.88853300
-18.20799863,0.00000000
-18.20699863,0.00000000
-18.20599863,0.00000000
-18.20499863,0.00000000
-18.20399863,0.00000000
-18.20299863,1.88853300
-18.20199863,1.88853300
-18.20099863,0.00000000
-18.19999863,0.00000000
-18.19899863,1.88853300
-18.19799863,1.88853300
-18.19699863,3.77706700
-18.19599863,3.77706700
-18.19499863,1.88853300
-18.19399863,1.88853300
-18.19299863,1.88853300
-18.19199863,0.00000000
-18.19099863,0.00000000
-18.18999863,0.00000000
-18.18899863,1.88853300
-18.18799863,1.88853300
-18.18699863,1.88853300
-18.18599863,1.88853300
-18.18499863,1.88853300
-18.18399863,1.88853300
-18.18299863,1.88853300
-18.18199863,1.88853300
-18.18099863,0.00000000
-18.17999863,0.00000000
-18.17899863,1.88853300
-18.17799863,1.88853300
-18.17699863,1.88853300
-18.17599863,1.88853300
-18.17499863,1.88853300
-18.17399863,1.88853300
-18.17299863,1.88853300
-18.17199863,0.00000000
-18.17099863,0.00000000
-18.16999863,0.00000000
-18.16899863,0.00000000
-18.16799863,0.00000000
-18.16699863,1.88853300
-18.16599863,1.88853300
-18.16499863,0.00000000
-18.16399863,0.00000000
-18.16299863,0.00000000
-18.16199863,0.00000000
-18.16099863,0.00000000
-18.15999863,0.00000000
-18.15899863,0.00000000
-18.15799863,0.00000000
-18.15699863,0.00000000
-18.15599863,0.00000000
-18.15499863,0.00000000
-18.15399863,0.00000000
-18.15299863,0.00000000
-18.15199863,0.00000000
-18.15099863,0.00000000
-18.14999863,0.00000000
-18.14899863,0.00000000
-18.14799863,1.88853300
-18.14699863,1.88853300
-18.14599863,1.88853300
-18.14499863,1.88853300
-18.14399863,1.88853300
-18.14299863,3.77706700
-18.14199863,3.77706700
-18.14099863,3.77706700
-18.13999863,3.77706700
-18.13899863,3.77706700
-18.13799863,3.77706700
-18.13699863,3.77706700
-18.13599863,3.77706700
-18.13499863,3.77706700
-18.13399863,3.77706700
-18.13299863,3.77706700
-18.13199863,3.77706700
-18.13099863,3.77706700
-18.12999863,3.77706700
-18.12899863,3.77706700
-18.12799863,3.77706700
-18.12699863,3.77706700
-18.12599863,3.77706700
-18.12499863,3.77706700
-18.12399863,3.77706700
-18.12299863,3.77706700
-18.12199863,3.77706700
-18.12099863,3.77706700
-18.11999863,3.77706700
-18.11899863,3.77706700
-18.11799863,1.88853300
-18.11699863,3.77706700
-18.11599863,3.77706700
-18.11499863,3.77706700
-18.11399863,3.77706700
-18.11299863,1.88853300
-18.11199863,1.88853300
-18.11099863,1.88853300
-18.10999863,1.88853300
-18.10899863,1.88853300
-18.10799863,0.00000000
-18.10699863,0.00000000
-18.10599863,0.00000000
-18.10499863,1.88853300
-18.10399863,1.88853300
-18.10299863,1.88853300
-18.10199863,1.88853300
-18.10099863,1.88853300
-18.09999863,1.88853300
-18.09899863,0.00000000
-18.09799863,0.00000000
-18.09699863,0.00000000
-18.09599863,0.00000000
-18.09499863,0.00000000
-18.09399863,1.88853300
-18.09299863,1.88853300
-18.09199863,1.88853300
-18.09099863,1.88853300
-18.08999863,1.88853300
-18.08899863,1.88853300
-18.08799863,1.88853300
-18.08699863,1.88853300
-18.08599863,0.00000000
-18.08499863,0.00000000
-18.08399863,1.88853300
-18.08299863,1.88853300
-18.08199863,1.88853300
-18.08099863,1.88853300
-18.07999863,1.88853300
-18.07899863,1.88853300
-18.07799863,1.88853300
-18.07699863,1.88853300
-18.07599863,3.77706700
-18.07499863,1.88853300
-18.07399863,1.88853300
-18.07299863,1.88853300
-18.07199863,1.88853300
-18.07099863,1.88853300
-18.06999863,1.88853300
-18.06899863,1.88853300
-18.06799863,1.88853300
-18.06699863,1.88853300
-18.06599863,1.88853300
-18.06499863,3.77706700
-18.06399863,1.88853300
-18.06299863,1.88853300
-18.06199863,1.88853300
-18.06099863,1.88853300
-18.05999863,1.88853300
-18.05899863,1.88853300
-18.05799863,1.88853300
-18.05699863,1.88853300
-18.05599863,1.88853300
-18.05499863,1.88853300
-18.05399863,1.88853300
-18.05299863,0.00000000
-18.05199863,0.00000000
-18.05099863,0.00000000
-18.04999863,0.00000000
-18.04899863,0.00000000
-18.04799863,0.00000000
-18.04699863,0.00000000
-18.04599863,0.00000000
-18.04499863,-1.88853300
-18.04399863,-1.88853300
-18.04299863,-3.77706700
-18.04199863,-3.77706700
-18.04099863,-3.77706700
-18.03999863,-3.77706700
-18.03899863,-3.77706700
-18.03799863,-1.88853300
-18.03699863,-1.88853300
-18.03599863,-3.77706700
-18.03499863,-5.67175200
-18.03399863,-5.67175200
-18.03299863,-3.77706700
-18.03199863,-3.77706700
-18.03099863,-3.77706700
-18.02999863,-3.77706700
-18.02899864,-1.88853300
-18.02799864,-1.88853300
-18.02699864,-1.88853300
-18.02599864,-1.88853300
-18.02499864,-1.88853300
-18.02399864,-3.77706700
-18.02299864,-3.77706700
-18.02199864,-3.77706700
-18.02099864,-3.77706700
-18.01999864,-1.88853300
-18.01899864,-1.88853300
-18.01799864,0.00000000
-18.01699864,0.00000000
-18.01599864,0.00000000
-18.01499864,0.00000000
-18.01399864,-1.88853300
-18.01299864,-1.88853300
-18.01199864,0.00000000
-18.01099864,0.00000000
-18.00999864,0.00000000
-18.00899864,1.88853300
-18.00799864,0.00000000
-18.00699864,0.00000000
-18.00599864,1.88853300
-18.00499864,1.88853300
-18.00399864,1.88853300
-18.00299864,1.88853300
-18.00199864,1.88853300
-18.00099864,1.88853300
-17.99999864,1.88853300
-17.99899864,1.88853300
-17.99799864,0.00000000
-17.99699864,0.00000000
-17.99599864,0.00000000
-17.99499864,0.00000000
-17.99399864,1.88853300
-17.99299864,3.77706700
-17.99199864,1.88853300
-17.99099864,0.00000000
-17.98999864,0.00000000
-17.98899864,0.00000000
-17.98799864,0.00000000
-17.98699864,-1.88853300
-17.98599864,-1.88853300
-17.98499864,0.00000000
-17.98399864,0.00000000
-17.98299864,1.88853300
-17.98199864,1.88853300
-17.98099864,1.88853300
-17.97999864,0.00000000
-17.97899864,0.00000000
-17.97799864,-1.88853300
-17.97699864,-1.88853300
-17.97599864,-1.88853300
-17.97499864,-1.88853300
-17.97399864,-1.88853300
-17.97299864,0.00000000
-17.97199864,0.00000000
-17.97099864,0.00000000
-17.96999864,0.00000000
-17.96899864,0.00000000
-17.96799864,-1.88853300
-17.96699864,-1.88853300
-17.96599864,-1.88853300
-17.96499864,-1.88853300
-17.96399864,-1.88853300
-17.96299864,0.00000000
-17.96199864,0.00000000
-17.96099864,0.00000000
-17.95999864,0.00000000
-17.95899864,0.00000000
-17.95799864,-1.88853300
-17.95699864,0.00000000
-17.95599864,0.00000000
-17.95499864,0.00000000
-17.95399864,0.00000000
-17.95299864,0.00000000
-17.95199864,0.00000000
-17.95099864,0.00000000
-17.94999864,1.88853300
-17.94899864,1.88853300
-17.94799864,0.00000000
-17.94699864,0.00000000
-17.94599864,1.88853300
-17.94499864,1.88853300
-17.94399864,1.88853300
-17.94299864,0.00000000
-17.94199864,0.00000000
-17.94099864,0.00000000
-17.93999864,0.00000000
-17.93899864,0.00000000
-17.93799864,1.88853300
-17.93699864,3.77706700
-17.93599864,3.77706700
-17.93499864,3.77706700
-17.93399864,1.88853300
-17.93299864,1.88853300
-17.93199864,1.88853300
-17.93099864,0.00000000
-17.92999864,0.00000000
-17.92899864,1.88853300
-17.92799864,1.88853300
-17.92699864,1.88853300
-17.92599864,3.77706700
-17.92499864,3.77706700
-17.92399864,1.88853300
-17.92299864,1.88853300
-17.92199864,0.00000000
-17.92099864,0.00000000
-17.91999864,-1.88853300
-17.91899864,-1.88853300
-17.91799864,0.00000000
-17.91699864,0.00000000
-17.91599864,1.88853300
-17.91499864,1.88853300
-17.91399864,1.88853300
-17.91299864,0.00000000
-17.91199864,-1.88853300
-17.91099864,-1.88853300
-17.90999864,0.00000000
-17.90899864,0.00000000
-17.90799864,0.00000000
-17.90699864,0.00000000
-17.90599864,0.00000000
-17.90499864,1.88853300
-17.90399864,0.00000000
-17.90299864,0.00000000
-17.90199864,-1.88853300
-17.90099864,-1.88853300
-17.89999864,0.00000000
-17.89899864,0.00000000
-17.89799864,0.00000000
-17.89699864,0.00000000
-17.89599864,0.00000000
-17.89499864,0.00000000
-17.89399864,1.88853300
-17.89299864,1.88853300
-17.89199864,0.00000000
-17.89099864,0.00000000
-17.88999864,0.00000000
-17.88899864,0.00000000
-17.88799864,0.00000000
-17.88699864,0.00000000
-17.88599864,0.00000000
-17.88499864,0.00000000
-17.88399864,0.00000000
-17.88299864,1.88853300
-17.88199864,1.88853300
-17.88099864,1.88853300
-17.87999864,1.88853300
-17.87899864,1.88853300
-17.87799864,1.88853300
-17.87699864,0.00000000
-17.87599864,0.00000000
-17.87499864,0.00000000
-17.87399864,1.88853300
-17.87299864,1.88853300
-17.87199864,3.77706700
-17.87099864,3.77706700
-17.86999864,3.77706700
-17.86899864,1.88853300
-17.86799864,1.88853300
-17.86699864,0.00000000
-17.86599864,0.00000000
-17.86499864,0.00000000
-17.86399864,0.00000000
-17.86299864,1.88853300
-17.86199864,3.77706700
-17.86099864,5.67175200
-17.85999864,5.67175200
-17.85899864,5.67175200
-17.85799864,3.77706700
-17.85699864,1.88853300
-17.85599864,0.00000000
-17.85499864,-1.88853300
-17.85399864,-1.88853300
-17.85299864,-1.88853300
-17.85199864,-1.88853300
-17.85099864,0.00000000
-17.84999864,1.88853300
-17.84899864,3.77706700
-17.84799864,3.77706700
-17.84699864,3.77706700
-17.84599864,1.88853300
-17.84499864,1.88853300
-17.84399864,0.00000000
-17.84299864,0.00000000
-17.84199864,-1.88853300
-17.84099864,-1.88853300
-17.83999864,-3.77706700
-17.83899864,-1.88853300
-17.83799864,0.00000000
-17.83699864,1.88853300
-17.83599864,1.88853300
-17.83499864,1.88853300
-17.83399864,1.88853300
-17.83299864,1.88853300
-17.83199864,1.88853300
-17.83099864,0.00000000
-17.82999864,-1.88853300
-17.82899864,-3.77706700
-17.82799864,-3.77706700
-17.82699864,-1.88853300
-17.82599864,0.00000000
-17.82499864,1.88853300
-17.82399864,1.88853300
-17.82299864,1.88853300
-17.82199864,1.88853300
-17.82099864,1.88853300
-17.81999864,1.88853300
-17.81899864,0.00000000
-17.81799864,0.00000000
-17.81699864,0.00000000
-17.81599864,0.00000000
-17.81499864,0.00000000
-17.81399864,1.88853300
-17.81299864,1.88853300
-17.81199864,1.88853300
-17.81099864,1.88853300
-17.80999864,1.88853300
-17.80899864,1.88853300
-17.80799864,1.88853300
-17.80699864,1.88853300
-17.80599864,1.88853300
-17.80499864,1.88853300
-17.80399864,1.88853300
-17.80299864,1.88853300
-17.80199864,1.88853300
-17.80099864,1.88853300
-17.79999864,3.77706700
-17.79899864,1.88853300
-17.79799864,1.88853300
-17.79699864,1.88853300
-17.79599864,1.88853300
-17.79499864,3.77706700
-17.79399864,3.77706700
-17.79299864,3.77706700
-17.79199864,1.88853300
-17.79099864,1.88853300
-17.78999864,1.88853300
-17.78899864,1.88853300
-17.78799864,1.88853300
-17.78699864,1.88853300
-17.78599864,3.77706700
-17.78499864,3.77706700
-17.78399864,1.88853300
-17.78299864,1.88853300
-17.78199864,1.88853300
-17.78099864,1.88853300
-17.77999864,0.00000000
-17.77899864,1.88853300
-17.77799864,1.88853300
-17.77699864,1.88853300
-17.77599864,1.88853300
-17.77499864,0.00000000
-17.77399864,0.00000000
-17.77299864,1.88853300
-17.77199864,1.88853300
-17.77099864,1.88853300
-17.76999864,1.88853300
-17.76899864,0.00000000
-17.76799864,1.88853300
-17.76699864,1.88853300
-17.76599864,3.77706700
-17.76499864,3.77706700
-17.76399864,3.77706700
-17.76299864,3.77706700
-17.76199864,1.88853300
-17.76099864,1.88853300
-17.75999864,1.88853300
-17.75899864,1.88853300
-17.75799864,1.88853300
-17.75699864,0.00000000
-17.75599864,1.88853300
-17.75499864,1.88853300
-17.75399864,1.88853300
-17.75299864,3.77706700
-17.75199864,3.77706700
-17.75099864,3.77706700
-17.74999864,3.77706700
-17.74899864,3.77706700
-17.74799864,3.77706700
-17.74699864,3.77706700
-17.74599864,1.88853300
-17.74499864,3.77706700
-17.74399864,3.77706700
-17.74299864,3.77706700
-17.74199864,5.67175200
-17.74099864,5.67175200
-17.73999864,7.56028500
-17.73899864,7.56028500
-17.73799864,7.56028500
-17.73699864,7.56028500
-17.73599864,5.67175200
-17.73499864,3.77706700
-17.73399864,3.77706700
-17.73299864,3.77706700
-17.73199864,3.77706700
-17.73099864,3.77706700
-17.72999864,5.67175200
-17.72899864,5.67175200
-17.72799864,5.67175200
-17.72699864,5.67175200
-17.72599864,5.67175200
-17.72499864,5.67175200
-17.72399864,5.67175200
-17.72299864,5.67175200
-17.72199864,3.77706700
-17.72099864,5.67175200
-17.71999864,3.77706700
-17.71899864,3.77706700
-17.71799864,5.67175200
-17.71699864,5.67175200
-17.71599864,5.67175200
-17.71499864,5.67175200
-17.71399864,5.67175200
-17.71299864,5.67175200
-17.71199864,5.67175200
-17.71099864,5.67175200
-17.70999864,3.77706700
-17.70899864,3.77706700
-17.70799864,3.77706700
-17.70699864,1.88853300
-17.70599864,1.88853300
-17.70499864,3.77706700
-17.70399864,3.77706700
-17.70299864,3.77706700
-17.70199864,5.67175200
-17.70099864,5.67175200
-17.69999864,3.77706700
-17.69899864,3.77706700
-17.69799864,3.77706700
-17.69699864,3.77706700
-17.69599864,3.77706700
-17.69499864,3.77706700
-17.69399864,3.77706700
-17.69299864,3.77706700
-17.69199864,3.77706700
-17.69099864,3.77706700
-17.68999864,3.77706700
-17.68899864,3.77706700
-17.68799864,3.77706700
-17.68699864,5.67175200
-17.68599864,5.67175200
-17.68499864,5.67175200
-17.68399864,5.67175200
-17.68299864,5.67175200
-17.68199864,5.67175200
-17.68099864,3.77706700
-17.67999864,3.77706700
-17.67899864,3.77706700
-17.67799864,3.77706700
-17.67699864,3.77706700
-17.67599864,5.67175200
-17.67499865,5.67175200
-17.67399865,5.67175200
-17.67299865,7.56028500
-17.67199865,7.56028500
-17.67099865,7.56028500
-17.66999865,5.67175200
-17.66899865,5.67175200
-17.66799865,5.67175200
-17.66699865,5.67175200
-17.66599865,5.67175200
-17.66499865,5.67175200
-17.66399865,3.77706700
-17.66299865,5.67175200
-17.66199865,5.67175200
-17.66099865,5.67175200
-17.65999865,5.67175200
-17.65899865,5.67175200
-17.65799865,5.67175200
-17.65699865,7.56028500
-17.65599865,5.67175200
-17.65499865,5.67175200
-17.65399865,5.67175200
-17.65299865,5.67175200
-17.65199865,5.67175200
-17.65099865,5.67175200
-17.64999865,5.67175200
-17.64899865,5.67175200
-17.64799865,5.67175200
-17.64699865,5.67175200
-17.64599865,7.56028500
-17.64499865,5.67175200
-17.64399865,5.67175200
-17.64299865,3.77706700
-17.64199865,3.77706700
-17.64099865,3.77706700
-17.63999865,3.77706700
-17.63899865,3.77706700
-17.63799865,5.67175200
-17.63699865,5.67175200
-17.63599865,3.77706700
-17.63499865,3.77706700
-17.63399865,1.88853300
-17.63299865,3.77706700
-17.63199865,3.77706700
-17.63099865,3.77706700
-17.62999865,5.67175200
-17.62899865,5.67175200
-17.62799865,5.67175200
-17.62699865,3.77706700
-17.62599865,1.88853300
-17.62499865,1.88853300
-17.62399865,0.00000000
-17.62299865,0.00000000
-17.62199865,1.88853300
-17.62099865,1.88853300
-17.61999865,3.77706700
-17.61899865,3.77706700
-17.61799865,3.77706700
-17.61699865,3.77706700
-17.61599865,3.77706700
-17.61499865,1.88853300
-17.61399865,1.88853300
-17.61299865,0.00000000
-17.61199865,1.88853300
-17.61099865,1.88853300
-17.60999865,3.77706700
-17.60899865,5.67175200
-17.60799865,5.67175200
-17.60699865,5.67175200
-17.60599865,5.67175200
-17.60499865,5.67175200
-17.60399865,3.77706700
-17.60299865,3.77706700
-17.60199865,3.77706700
-17.60099865,5.67175200
-17.59999865,5.67175200
-17.59899865,5.67175200
-17.59799865,5.67175200
-17.59699865,5.67175200
-17.59599865,5.67175200
-17.59499865,5.67175200
-17.59399865,5.67175200
-17.59299865,5.67175200
-17.59199865,7.56028500
-17.59099865,7.56028500
-17.58999865,7.56028500
-17.58899865,7.56028500
-17.58799865,7.56028500
-17.58699865,7.56028500
-17.58599865,7.56028500
-17.58499865,7.56028500
-17.58399865,7.56028500
-17.58299865,7.56028500
-17.58199865,7.56028500
-17.58099865,7.56028500
-17.57999865,7.56028500
-17.57899865,7.56028500
-17.57799865,7.56028500
-17.57699865,7.56028500
-17.57599865,7.56028500
-17.57499865,7.56028500
-17.57399865,7.56028500
-17.57299865,7.56028500
-17.57199865,7.56028500
-17.57099865,5.67175200
-17.56999865,5.67175200
-17.56899865,5.67175200
-17.56799865,5.67175200
-17.56699865,5.67175200
-17.56599865,5.67175200
-17.56499865,7.56028500
-17.56399865,7.56028500
-17.56299865,7.56028500
-17.56199865,7.56028500
-17.56099865,7.56028500
-17.55999865,5.67175200
-17.55899865,3.77706700
-17.55799865,3.77706700
-17.55699865,3.77706700
-17.55599865,5.67175200
-17.55499865,5.67175200
-17.55399865,7.56028500
-17.55299865,7.56028500
-17.55199865,7.56028500
-17.55099865,7.56028500
-17.54999865,5.67175200
-17.54899865,5.67175200
-17.54799865,5.67175200
-17.54699865,5.67175200
-17.54599865,5.67175200
-17.54499865,7.56028500
-17.54399865,7.56028500
-17.54299865,7.56028500
-17.54199865,7.56028500
-17.54099865,7.56028500
-17.53999865,7.56028500
-17.53899865,7.56028500
-17.53799865,5.67175200
-17.53699865,7.56028500
-17.53599865,7.56028500
-17.53499865,9.45496900
-17.53399865,9.45496900
-17.53299865,9.45496900
-17.53199865,9.45496900
-17.53099865,9.45496900
-17.52999865,7.56028500
-17.52899865,7.56028500
-17.52799865,7.56028500
-17.52699865,9.45496900
-17.52599865,9.45496900
-17.52499865,11.34350000
-17.52399865,11.34350000
-17.52299865,11.34350000
-17.52199865,9.45496900
-17.52099865,9.45496900
-17.51999865,9.45496900
-17.51899865,9.45496900
-17.51799865,9.45496900
-17.51699865,11.34350000
-17.51599865,11.34350000
-17.51499865,11.34350000
-17.51399865,11.34350000
-17.51299865,11.34350000
-17.51199865,11.34350000
-17.51099865,11.34350000
-17.50999865,11.34350000
-17.50899865,11.34350000
-17.50799865,11.34350000
-17.50699865,11.34350000
-17.50599865,11.34350000
-17.50499865,11.34350000
-17.50399865,11.34350000
-17.50299865,9.45496900
-17.50199865,9.45496900
-17.50099865,9.45496900
-17.49999865,11.34350000
-17.49899865,11.34350000
-17.49799865,11.34350000
-17.49699865,11.34350000
-17.49599865,11.34350000
-17.49499865,11.34350000
-17.49399865,11.34350000
-17.49299865,9.45496900
-17.49199865,9.45496900
-17.49099865,9.45496900
-17.48999865,9.45496900
-17.48899865,11.34350000
-17.48799865,11.34350000
-17.48699865,11.34350000
-17.48599865,11.34350000
-17.48499865,11.34350000
-17.48399865,11.34350000
-17.48299865,9.45496900
-17.48199865,9.45496900
-17.48099865,9.45496900
-17.47999865,9.45496900
-17.47899865,9.45496900
-17.47799865,11.34350000
-17.47699865,11.34350000
-17.47599865,11.34350000
-17.47499865,11.34350000
-17.47399865,11.34350000
-17.47299865,11.34350000
-17.47199865,9.45496900
-17.47099865,9.45496900
-17.46999865,9.45496900
-17.46899865,11.34350000
-17.46799865,11.34350000
-17.46699865,11.34350000
-17.46599865,11.34350000
-17.46499865,11.34350000
-17.46399865,11.34350000
-17.46299865,11.34350000
-17.46199865,11.34350000
-17.46099865,11.34350000
-17.45999865,11.34350000
-17.45899865,11.34350000
-17.45799865,11.34350000
-17.45699865,11.34350000
-17.45599865,11.34350000
-17.45499865,11.34350000
-17.45399865,11.34350000
-17.45299865,11.34350000
-17.45199865,11.34350000
-17.45099865,13.23204000
-17.44999865,13.23204000
-17.44899865,13.23204000
-17.44799865,13.23204000
-17.44699865,13.23204000
-17.44599865,13.23204000
-17.44499865,13.23204000
-17.44399865,13.23204000
-17.44299865,13.23204000
-17.44199865,13.23204000
-17.44099865,13.23204000
-17.43999865,13.23204000
-17.43899865,13.23204000
-17.43799865,13.23204000
-17.43699865,13.23204000
-17.43599865,13.23204000
-17.43499865,13.23204000
-17.43399865,13.23204000
-17.43299865,13.23204000
-17.43199865,13.23204000
-17.43099865,15.12672000
-17.42999865,15.12672000
-17.42899865,13.23204000
-17.42799865,13.23204000
-17.42699865,13.23204000
-17.42599865,13.23204000
-17.42499865,13.23204000
-17.42399865,13.23204000
-17.42299865,13.23204000
-17.42199865,13.23204000
-17.42099865,13.23204000
-17.41999865,13.23204000
-17.41899865,13.23204000
-17.41799865,13.23204000
-17.41699865,13.23204000
-17.41599865,13.23204000
-17.41499865,13.23204000
-17.41399865,13.23204000
-17.41299865,13.23204000
-17.41199865,13.23204000
-17.41099865,15.12672000
-17.40999865,15.12672000
-17.40899865,13.23204000
-17.40799865,13.23204000
-17.40699865,13.23204000
-17.40599865,13.23204000
-17.40499865,13.23204000
-17.40399865,13.23204000
-17.40299865,13.23204000
-17.40199865,13.23204000
-17.40099865,13.23204000
-17.39999865,13.23204000
-17.39899865,13.23204000
-17.39799865,13.23204000
-17.39699865,13.23204000
-17.39599865,13.23204000
-17.39499865,13.23204000
-17.39399865,13.23204000
-17.39299865,13.23204000
-17.39199865,13.23204000
-17.39099865,13.23204000
-17.38999865,13.23204000
-17.38899865,13.23204000
-17.38799865,13.23204000
-17.38699865,13.23204000
-17.38599865,13.23204000
-17.38499865,13.23204000
-17.38399865,13.23204000
-17.38299865,13.23204000
-17.38199865,13.23204000
-17.38099865,13.23204000
-17.37999865,15.12672000
-17.37899865,15.12672000
-17.37799865,15.12672000
-17.37699865,15.12672000
-17.37599865,15.12672000
-17.37499865,15.12672000
-17.37399865,15.12672000
-17.37299865,15.12672000
-17.37199865,15.12672000
-17.37099865,15.12672000
-17.36999865,15.12672000
-17.36899865,15.12672000
-17.36799865,15.12672000
-17.36699865,15.12672000
-17.36599865,15.12672000
-17.36499865,15.12672000
-17.36399865,15.12672000
-17.36299865,15.12672000
-17.36199865,15.12672000
-17.36099865,17.01525000
-17.35999865,15.12672000
-17.35899865,15.12672000
-17.35799865,15.12672000
-17.35699865,15.12672000
-17.35599865,15.12672000
-17.35499865,15.12672000
-17.35399865,17.01525000
-17.35299865,17.01525000
-17.35199865,15.12672000
-17.35099865,15.12672000
-17.34999865,17.01525000
-17.34899865,17.01525000
-17.34799865,17.01525000
-17.34699865,15.12672000
-17.34599865,15.12672000
-17.34499865,15.12672000
-17.34399865,15.12672000
-17.34299865,15.12672000
-17.34199865,17.01525000
-17.34099865,17.01525000
-17.33999865,15.12672000
-17.33899865,15.12672000
-17.33799865,15.12672000
-17.33699865,15.12672000
-17.33599865,15.12672000
-17.33499865,15.12672000
-17.33399865,15.12672000
-17.33299865,15.12672000
-17.33199865,15.12672000
-17.33099865,15.12672000
-17.32999865,15.12672000
-17.32899865,15.12672000
-17.32799865,15.12672000
-17.32699865,15.12672000
-17.32599865,15.12672000
-17.32499865,15.12672000
-17.32399865,15.12672000
-17.32299865,15.12672000
-17.32199866,15.12672000
-17.32099866,15.12672000
-17.31999866,15.12672000
-17.31899866,15.12672000
-17.31799866,15.12672000
-17.31699866,15.12672000
-17.31599866,15.12672000
-17.31499866,15.12672000
-17.31399866,15.12672000
-17.31299866,15.12672000
-17.31199866,15.12672000
-17.31099866,15.12672000
-17.30999866,15.12672000
-17.30899866,15.12672000
-17.30799866,15.12672000
-17.30699866,15.12672000
-17.30599866,15.12672000
-17.30499866,17.01525000
-17.30399866,17.01525000
-17.30299866,17.01525000
-17.30199866,17.01525000
-17.30099866,17.01525000
-17.29999866,15.12672000
-17.29899866,15.12672000
-17.29799866,15.12672000
-17.29699866,17.01525000
-17.29599866,17.01525000
-17.29499866,18.90994000
-17.29399866,18.90994000
-17.29299866,18.90994000
-17.29199866,18.90994000
-17.29099866,17.01525000
-17.28999866,17.01525000
-17.28899866,17.01525000
-17.28799866,17.01525000
-17.28699866,17.01525000
-17.28599866,17.01525000
-17.28499866,18.90994000
-17.28399866,18.90994000
-17.28299866,20.79847000
-17.28199866,18.90994000
-17.28099866,18.90994000
-17.27999866,17.01525000
-17.27899866,17.01525000
-17.27799866,17.01525000
-17.27699866,17.01525000
-17.27599866,17.01525000
-17.27499866,17.01525000
-17.27399866,18.90994000
-17.27299866,18.90994000
-17.27199866,17.01525000
-17.27099866,17.01525000
-17.26999866,17.01525000
-17.26899866,15.12672000
-17.26799866,15.12672000
-17.26699866,15.12672000
-17.26599866,15.12672000
-17.26499866,17.01525000
-17.26399866,17.01525000
-17.26299866,17.01525000
-17.26199866,17.01525000
-17.26099866,15.12672000
-17.25999866,15.12672000
-17.25899866,15.12672000
-17.25799866,15.12672000
-17.25699866,15.12672000
-17.25599866,15.12672000
-17.25499866,15.12672000
-17.25399866,15.12672000
-17.25299866,15.12672000
-17.25199866,15.12672000
-17.25099866,15.12672000
-17.24999866,15.12672000
-17.24899866,15.12672000
-17.24799866,15.12672000
-17.24699866,17.01525000
-17.24599866,17.01525000
-17.24499866,17.01525000
-17.24399866,15.12672000
-17.24299866,15.12672000
-17.24199866,15.12672000
-17.24099866,15.12672000
-17.23999866,15.12672000
-17.23899866,17.01525000
-17.23799866,17.01525000
-17.23699866,17.01525000
-17.23599866,17.01525000
-17.23499866,17.01525000
-17.23399866,17.01525000
-17.23299866,17.01525000
-17.23199866,17.01525000
-17.23099866,17.01525000
-17.22999866,17.01525000
-17.22899866,17.01525000
-17.22799866,17.01525000
-17.22699866,17.01525000
-17.22599866,17.01525000
-17.22499866,17.01525000
-17.22399866,17.01525000
-17.22299866,17.01525000
-17.22199866,17.01525000
-17.22099866,17.01525000
-17.21999866,17.01525000
-17.21899866,17.01525000
-17.21799866,18.90994000
-17.21699866,18.90994000
-17.21599866,17.01525000
-17.21499866,17.01525000
-17.21399866,17.01525000
-17.21299866,17.01525000
-17.21199866,17.01525000
-17.21099866,17.01525000
-17.20999866,17.01525000
-17.20899866,17.01525000
-17.20799866,17.01525000
-17.20699866,17.01525000
-17.20599866,17.01525000
-17.20499866,17.01525000
-17.20399866,17.01525000
-17.20299866,17.01525000
-17.20199866,17.01525000
-17.20099866,17.01525000
-17.19999866,17.01525000
-17.19899866,17.01525000
-17.19799866,17.01525000
-17.19699866,15.12672000
-17.19599866,15.12672000
-17.19499866,15.12672000
-17.19399866,17.01525000
-17.19299866,17.01525000
-17.19199866,17.01525000
-17.19099866,17.01525000
-17.18999866,17.01525000
-17.18899866,17.01525000
-17.18799866,15.12672000
-17.18699866,15.12672000
-17.18599866,15.12672000
-17.18499866,15.12672000
-17.18399866,17.01525000
-17.18299866,17.01525000
-17.18199866,17.01525000
-17.18099866,18.90994000
-17.17999866,17.01525000
-17.17899866,17.01525000
-17.17799866,15.12672000
-17.17699866,15.12672000
-17.17599866,15.12672000
-17.17499866,15.12672000
-17.17399866,15.12672000
-17.17299866,17.01525000
-17.17199866,18.90994000
-17.17099866,18.90994000
-17.16999866,18.90994000
-17.16899866,17.01525000
-17.16799866,15.12672000
-17.16699866,15.12672000
-17.16599866,15.12672000
-17.16499866,15.12672000
-17.16399866,15.12672000
-17.16299866,17.01525000
-17.16199866,17.01525000
-17.16099866,18.90994000
-17.15999866,18.90994000
-17.15899866,17.01525000
-17.15799866,17.01525000
-17.15699866,17.01525000
-17.15599866,15.12672000
-17.15499866,15.12672000
-17.15399866,15.12672000
-17.15299866,17.01525000
-17.15199866,17.01525000
-17.15099866,17.01525000
-17.14999866,18.90994000
-17.14899866,18.90994000
-17.14799866,17.01525000
-17.14699866,17.01525000
-17.14599866,15.12672000
-17.14499866,15.12672000
-17.14399866,15.12672000
-17.14299866,15.12672000
-17.14199866,15.12672000
-17.14099866,15.12672000
-17.13999866,15.12672000
-17.13899866,17.01525000
-17.13799866,17.01525000
-17.13699866,17.01525000
-17.13599866,15.12672000
-17.13499866,15.12672000
-17.13399866,15.12672000
-17.13299866,15.12672000
-17.13199866,15.12672000
-17.13099866,15.12672000
-17.12999866,15.12672000
-17.12899866,17.01525000
-17.12799866,18.90994000
-17.12699866,18.90994000
-17.12599866,18.90994000
-17.12499866,17.01525000
-17.12399866,15.12672000
-17.12299866,13.23204000
-17.12199866,13.23204000
-17.12099866,13.23204000
-17.11999866,13.23204000
-17.11899866,15.12672000
-17.11799866,17.01525000
-17.11699866,18.90994000
-17.11599866,18.90994000
-17.11499866,18.90994000
-17.11399866,18.90994000
-17.11299866,17.01525000
-17.11199866,15.12672000
-17.11099866,13.23204000
-17.10999866,11.34350000
-17.10899866,13.23204000
-17.10799866,15.12672000
-17.10699866,17.01525000
-17.10599866,18.90994000
-17.10499866,20.79847000
-17.10399866,18.90994000
-17.10299866,18.90994000
-17.10199866,17.01525000
-17.10099866,17.01525000
-17.09999866,15.12672000
-17.09899866,13.23204000
-17.09799866,13.23204000
-17.09699866,13.23204000
-17.09599866,13.23204000
-17.09499866,15.12672000
-17.09399866,17.01525000
-17.09299866,17.01525000
-17.09199866,17.01525000
-17.09099866,17.01525000
-17.08999866,17.01525000
-17.08899866,15.12672000
-17.08799866,13.23204000
-17.08699866,13.23204000
-17.08599866,11.34350000
-17.08499866,11.34350000
-17.08399866,13.23204000
-17.08299866,15.12672000
-17.08199866,17.01525000
-17.08099866,18.90994000
-17.07999866,18.90994000
-17.07899866,18.90994000
-17.07799866,18.90994000
-17.07699866,17.01525000
-17.07599866,15.12672000
-17.07499866,13.23204000
-17.07399866,13.23204000
-17.07299866,13.23204000
-17.07199866,13.23204000
-17.07099866,15.12672000
-17.06999866,17.01525000
-17.06899866,17.01525000
-17.06799866,17.01525000
-17.06699866,17.01525000
-17.06599866,15.12672000
-17.06499866,15.12672000
-17.06399866,13.23204000
-17.06299866,13.23204000
-17.06199866,13.23204000
-17.06099866,13.23204000
-17.05999866,15.12672000
-17.05899866,15.12672000
-17.05799866,15.12672000
-17.05699866,17.01525000
-17.05599866,17.01525000
-17.05499866,17.01525000
-17.05399866,15.12672000
-17.05299866,15.12672000
-17.05199866,15.12672000
-17.05099866,13.23204000
-17.04999866,13.23204000
-17.04899866,13.23204000
-17.04799866,13.23204000
-17.04699866,13.23204000
-17.04599866,13.23204000
-17.04499866,15.12672000
-17.04399866,15.12672000
-17.04299866,15.12672000
-17.04199866,13.23204000
-17.04099866,13.23204000
-17.03999866,13.23204000
-17.03899866,11.34350000
-17.03799866,11.34350000
-17.03699866,13.23204000
-17.03599866,13.23204000
-17.03499866,13.23204000
-17.03399866,13.23204000
-17.03299866,13.23204000
-17.03199866,15.12672000
-17.03099866,13.23204000
-17.02999866,13.23204000
-17.02899866,13.23204000
-17.02799866,13.23204000
-17.02699866,13.23204000
-17.02599866,13.23204000
-17.02499866,13.23204000
-17.02399866,11.34350000
-17.02299866,11.34350000
-17.02199866,13.23204000
-17.02099866,13.23204000
-17.01999866,13.23204000
-17.01899866,13.23204000
-17.01799866,13.23204000
-17.01699866,13.23204000
-17.01599866,13.23204000
-17.01499866,13.23204000
-17.01399866,13.23204000
-17.01299866,11.34350000
-17.01199866,11.34350000
-17.01099866,11.34350000
-17.00999866,13.23204000
-17.00899866,13.23204000
-17.00799866,13.23204000
-17.00699866,13.23204000
-17.00599866,15.12672000
-17.00499866,15.12672000
-17.00399866,15.12672000
-17.00299866,13.23204000
-17.00199866,11.34350000
-17.00099866,11.34350000
-16.99999866,11.34350000
-16.99899866,11.34350000
-16.99799866,11.34350000
-16.99699866,13.23204000
-16.99599866,13.23204000
-16.99499866,15.12672000
-16.99399866,13.23204000
-16.99299866,15.12672000
-16.99199866,13.23204000
-16.99099866,13.23204000
-16.98999866,11.34350000
-16.98899866,11.34350000
-16.98799866,11.34350000
-16.98699866,13.23204000
-16.98599866,13.23204000
-16.98499866,13.23204000
-16.98399866,13.23204000
-16.98299866,13.23204000
-16.98199866,13.23204000
-16.98099866,13.23204000
-16.97999866,13.23204000
-16.97899866,13.23204000
-16.97799866,11.34350000
-16.97699866,13.23204000
-16.97599866,11.34350000
-16.97499866,11.34350000
-16.97399866,11.34350000
-16.97299866,11.34350000
-16.97199866,11.34350000
-16.97099866,11.34350000
-16.96999866,11.34350000
-16.96899866,11.34350000
-16.96799867,9.45496900
-16.96699867,9.45496900
-16.96599867,9.45496900
-16.96499867,9.45496900
-16.96399867,9.45496900
-16.96299867,7.56028500
-16.96199867,7.56028500
-16.96099867,7.56028500
-16.95999867,7.56028500
-16.95899867,7.56028500
-16.95799867,7.56028500
-16.95699867,7.56028500
-16.95599867,7.56028500
-16.95499867,5.67175200
-16.95399867,5.67175200
-16.95299867,5.67175200
-16.95199867,5.67175200
-16.95099867,5.67175200
-16.94999867,7.56028500
-16.94899867,7.56028500
-16.94799867,7.56028500
-16.94699867,7.56028500
-16.94599867,5.67175200
-16.94499867,5.67175200
-16.94399867,5.67175200
-16.94299867,5.67175200
-16.94199867,5.67175200
-16.94099867,5.67175200
-16.93999867,5.67175200
-16.93899867,5.67175200
-16.93799867,5.67175200
-16.93699867,7.56028500
-16.93599867,5.67175200
-16.93499867,5.67175200
-16.93399867,5.67175200
-16.93299867,7.56028500
-16.93199867,7.56028500
-16.93099867,9.45496900
-16.92999867,9.45496900
-16.92899867,9.45496900
-16.92799867,9.45496900
-16.92699867,9.45496900
-16.92599867,9.45496900
-16.92499867,9.45496900
-16.92399867,11.34350000
-16.92299867,11.34350000
-16.92199867,11.34350000
-16.92099867,11.34350000
-16.91999867,11.34350000
-16.91899867,11.34350000
-16.91799867,11.34350000
-16.91699867,11.34350000
-16.91599867,9.45496900
-16.91499867,11.34350000
-16.91399867,11.34350000
-16.91299867,13.23204000
-16.91199867,13.23204000
-16.91099867,13.23204000
-16.90999867,13.23204000
-16.90899867,13.23204000
-16.90799867,13.23204000
-16.90699867,11.34350000
-16.90599867,9.45496900
-16.90499867,9.45496900
-16.90399867,11.34350000
-16.90299867,11.34350000
-16.90199867,11.34350000
-16.90099867,11.34350000
-16.89999867,9.45496900
-16.89899867,9.45496900
-16.89799867,7.56028500
-16.89699867,7.56028500
-16.89599867,7.56028500
-16.89499867,7.56028500
-16.89399867,9.45496900
-16.89299867,9.45496900
-16.89199867,9.45496900
-16.89099867,7.56028500
-16.88999867,7.56028500
-16.88899867,7.56028500
-16.88799867,5.67175200
-16.88699867,5.67175200
-16.88599867,5.67175200
-16.88499867,7.56028500
-16.88399867,7.56028500
-16.88299867,7.56028500
-16.88199867,7.56028500
-16.88099867,7.56028500
-16.87999867,5.67175200
-16.87899867,5.67175200
-16.87799867,5.67175200
-16.87699867,7.56028500
-16.87599867,7.56028500
-16.87499867,7.56028500
-16.87399867,7.56028500
-16.87299867,9.45496900
-16.87199867,7.56028500
-16.87099867,7.56028500
-16.86999867,7.56028500
-16.86899867,7.56028500
-16.86799867,7.56028500
-16.86699867,7.56028500
-16.86599867,9.45496900
-16.86499867,9.45496900
-16.86399867,9.45496900
-16.86299867,9.45496900
-16.86199867,9.45496900
-16.86099867,9.45496900
-16.85999867,9.45496900
-16.85899867,9.45496900
-16.85799867,11.34350000
-16.85699867,11.34350000
-16.85599867,11.34350000
-16.85499867,11.34350000
-16.85399867,11.34350000
-16.85299867,11.34350000
-16.85199867,9.45496900
-16.85099867,9.45496900
-16.84999867,9.45496900
-16.84899867,9.45496900
-16.84799867,9.45496900
-16.84699867,9.45496900
-16.84599867,11.34350000
-16.84499867,11.34350000
-16.84399867,11.34350000
-16.84299867,11.34350000
-16.84199867,11.34350000
-16.84099867,11.34350000
-16.83999867,9.45496900
-16.83899867,9.45496900
-16.83799867,9.45496900
-16.83699867,11.34350000
-16.83599867,11.34350000
-16.83499867,11.34350000
-16.83399867,11.34350000
-16.83299867,11.34350000
-16.83199867,11.34350000
-16.83099867,11.34350000
-16.82999867,11.34350000
-16.82899867,11.34350000
-16.82799867,11.34350000
-16.82699867,11.34350000
-16.82599867,11.34350000
-16.82499867,11.34350000
-16.82399867,11.34350000
-16.82299867,11.34350000
-16.82199867,11.34350000
-16.82099867,13.23204000
-16.81999867,13.23204000
-16.81899867,13.23204000
-16.81799867,11.34350000
-16.81699867,11.34350000
-16.81599867,11.34350000
-16.81499867,11.34350000
-16.81399867,11.34350000
-16.81299867,11.34350000
-16.81199867,11.34350000
-16.81099867,13.23204000
-16.80999867,13.23204000
-16.80899867,15.12672000
-16.80799867,13.23204000
-16.80699867,13.23204000
-16.80599867,11.34350000
-16.80499867,11.34350000
-16.80399867,11.34350000
-16.80299867,11.34350000
-16.80199867,11.34350000
-16.80099867,11.34350000
-16.79999867,13.23204000
-16.79899867,13.23204000
-16.79799867,13.23204000
-16.79699867,11.34350000
-16.79599867,11.34350000
-16.79499867,9.45496900
-16.79399867,9.45496900
-16.79299867,9.45496900
-16.79199867,9.45496900
-16.79099867,11.34350000
-16.78999867,11.34350000
-16.78899867,13.23204000
-16.78799867,13.23204000
-16.78699867,13.23204000
-16.78599867,11.34350000
-16.78499867,9.45496900
-16.78399867,9.45496900
-16.78299867,9.45496900
-16.78199867,11.34350000
-16.78099867,11.34350000
-16.77999867,11.34350000
-16.77899867,11.34350000
-16.77799867,11.34350000
-16.77699867,11.34350000
-16.77599867,9.45496900
-16.77499867,9.45496900
-16.77399867,9.45496900
-16.77299867,9.45496900
-16.77199867,11.34350000
-16.77099867,11.34350000
-16.76999867,11.34350000
-16.76899867,11.34350000
-16.76799867,9.45496900
-16.76699867,11.34350000
-16.76599867,11.34350000
-16.76499867,11.34350000
-16.76399867,11.34350000
-16.76299867,11.34350000
-16.76199867,11.34350000
-16.76099867,9.45496900
-16.75999867,9.45496900
-16.75899867,9.45496900
-16.75799867,9.45496900
-16.75699867,9.45496900
-16.75599867,9.45496900
-16.75499867,9.45496900
-16.75399867,9.45496900
-16.75299867,11.34350000
-16.75199867,9.45496900
-16.75099867,9.45496900
-16.74999867,9.45496900
-16.74899867,9.45496900
-16.74799867,9.45496900
-16.74699867,9.45496900
-16.74599867,9.45496900
-16.74499867,9.45496900
-16.74399867,9.45496900
-16.74299867,9.45496900
-16.74199867,9.45496900
-16.74099867,9.45496900
-16.73999867,9.45496900
-16.73899867,7.56028500
-16.73799867,7.56028500
-16.73699867,7.56028500
-16.73599867,9.45496900
-16.73499867,9.45496900
-16.73399867,9.45496900
-16.73299867,9.45496900
-16.73199867,9.45496900
-16.73099867,9.45496900
-16.72999867,9.45496900
-16.72899867,9.45496900
-16.72799867,9.45496900
-16.72699867,7.56028500
-16.72599867,9.45496900
-16.72499867,9.45496900
-16.72399867,9.45496900
-16.72299867,9.45496900
-16.72199867,9.45496900
-16.72099867,9.45496900
-16.71999867,9.45496900
-16.71899867,9.45496900
-16.71799867,9.45496900
-16.71699867,9.45496900
-16.71599867,9.45496900
-16.71499867,9.45496900
-16.71399867,9.45496900
-16.71299867,9.45496900
-16.71199867,9.45496900
-16.71099867,9.45496900
-16.70999867,9.45496900
-16.70899867,9.45496900
-16.70799867,9.45496900
-16.70699867,9.45496900
-16.70599867,7.56028500
-16.70499867,7.56028500
-16.70399867,7.56028500
-16.70299867,9.45496900
-16.70199867,9.45496900
-16.70099867,9.45496900
-16.69999867,9.45496900
-16.69899867,9.45496900
-16.69799867,9.45496900
-16.69699867,9.45496900
-16.69599867,7.56028500
-16.69499867,7.56028500
-16.69399867,7.56028500
-16.69299867,7.56028500
-16.69199867,9.45496900
-16.69099867,9.45496900
-16.68999867,9.45496900
-16.68899867,9.45496900
-16.68799867,9.45496900
-16.68699867,7.56028500
-16.68599867,7.56028500
-16.68499867,7.56028500
-16.68399867,7.56028500
-16.68299867,7.56028500
-16.68199867,7.56028500
-16.68099867,7.56028500
-16.67999867,7.56028500
-16.67899867,7.56028500
-16.67799867,7.56028500
-16.67699867,7.56028500
-16.67599867,7.56028500
-16.67499867,7.56028500
-16.67399867,7.56028500
-16.67299867,7.56028500
-16.67199867,9.45496900
-16.67099867,9.45496900
-16.66999867,9.45496900
-16.66899867,7.56028500
-16.66799867,7.56028500
-16.66699867,7.56028500
-16.66599867,7.56028500
-16.66499867,7.56028500
-16.66399867,7.56028500
-16.66299867,7.56028500
-16.66199867,9.45496900
-16.66099867,9.45496900
-16.65999867,9.45496900
-16.65899867,9.45496900
-16.65799867,9.45496900
-16.65699867,9.45496900
-16.65599867,9.45496900
-16.65499867,7.56028500
-16.65399867,9.45496900
-16.65299867,9.45496900
-16.65199867,9.45496900
-16.65099867,9.45496900
-16.64999867,7.56028500
-16.64899867,7.56028500
-16.64799867,7.56028500
-16.64699867,7.56028500
-16.64599867,7.56028500
-16.64499867,9.45496900
-16.64399867,9.45496900
-16.64299867,9.45496900
-16.64199867,9.45496900
-16.64099867,11.34350000
-16.63999867,9.45496900
-16.63899867,9.45496900
-16.63799867,9.45496900
-16.63699867,11.34350000
-16.63599867,11.34350000
-16.63499867,11.34350000
-16.63399867,11.34350000
-16.63299867,11.34350000
-16.63199867,9.45496900
-16.63099867,9.45496900
-16.62999867,7.56028500
-16.62899867,7.56028500
-16.62799867,7.56028500
-16.62699867,7.56028500
-16.62599867,5.67175200
-16.62499867,5.67175200
-16.62399867,5.67175200
-16.62299867,5.67175200
-16.62199867,7.56028500
-16.62099867,5.67175200
-16.61999867,5.67175200
-16.61899867,5.67175200
-16.61799867,7.56028500
-16.61699867,7.56028500
-16.61599867,7.56028500
-16.61499868,9.45496900
-16.61399868,9.45496900
-16.61299868,9.45496900
-16.61199868,7.56028500
-16.61099868,7.56028500
-16.60999868,7.56028500
-16.60899868,9.45496900
-16.60799868,7.56028500
-16.60699868,7.56028500
-16.60599868,9.45496900
-16.60499868,9.45496900
-16.60399868,7.56028500
-16.60299868,7.56028500
-16.60199868,7.56028500
-16.60099868,7.56028500
-16.59999868,7.56028500
-16.59899868,7.56028500
-16.59799868,9.45496900
-16.59699868,9.45496900
-16.59599868,9.45496900
-16.59499868,9.45496900
-16.59399868,7.56028500
-16.59299868,7.56028500
-16.59199868,5.67175200
-16.59099868,5.67175200
-16.58999868,5.67175200
-16.58899868,7.56028500
-16.58799868,9.45496900
-16.58699868,9.45496900
-16.58599868,7.56028500
-16.58499868,7.56028500
-16.58399868,7.56028500
-16.58299868,7.56028500
-16.58199868,7.56028500
-16.58099868,7.56028500
-16.57999868,7.56028500
-16.57899868,9.45496900
-16.57799868,11.34350000
-16.57699868,13.23204000
-16.57599868,13.23204000
-16.57499868,11.34350000
-16.57399868,11.34350000
-16.57299868,9.45496900
-16.57199868,9.45496900
-16.57099868,9.45496900
-16.56999868,11.34350000
-16.56899868,13.23204000
-16.56799868,15.12672000
-16.56699868,15.12672000
-16.56599868,13.23204000
-16.56499868,11.34350000
-16.56399868,9.45496900
-16.56299868,11.34350000
-16.56199868,11.34350000
-16.56099868,13.23204000
-16.55999868,15.12672000
-16.55899868,15.12672000
-16.55799868,15.12672000
-16.55699868,17.01525000
-16.55599868,15.12672000
-16.55499868,15.12672000
-16.55399868,13.23204000
-16.55299868,11.34350000
-16.55199868,11.34350000
-16.55099868,9.45496900
-16.54999868,9.45496900
-16.54899868,11.34350000
-16.54799868,11.34350000
-16.54699868,9.45496900
-16.54599868,9.45496900
-16.54499868,7.56028500
-16.54399868,7.56028500
-16.54299868,7.56028500
-16.54199868,7.56028500
-16.54099868,7.56028500
-16.53999868,7.56028500
-16.53899868,7.56028500
-16.53799868,9.45496900
-16.53699868,9.45496900
-16.53599868,9.45496900
-16.53499868,7.56028500
-16.53399868,7.56028500
-16.53299868,7.56028500
-16.53199868,7.56028500
-16.53099868,9.45496900
-16.52999868,9.45496900
-16.52899868,7.56028500
-16.52799868,7.56028500
-16.52699868,5.67175200
-16.52599868,5.67175200
-16.52499868,5.67175200
-16.52399868,5.67175200
-16.52299868,5.67175200
-16.52199868,7.56028500
-16.52099868,7.56028500
-16.51999868,7.56028500
-16.51899868,7.56028500
-16.51799868,7.56028500
-16.51699868,7.56028500
-16.51599868,7.56028500
-16.51499868,7.56028500
-16.51399868,7.56028500
-16.51299868,9.45496900
-16.51199868,11.34350000
-16.51099868,11.34350000
-16.50999868,13.23204000
-16.50899868,11.34350000
-16.50799868,11.34350000
-16.50699868,9.45496900
-16.50599868,9.45496900
-16.50499868,9.45496900
-16.50399868,9.45496900
-16.50299868,9.45496900
-16.50199868,9.45496900
-16.50099868,9.45496900
-16.49999868,9.45496900
-16.49899868,9.45496900
-16.49799868,7.56028500
-16.49699868,7.56028500
-16.49599868,7.56028500
-16.49499868,7.56028500
-16.49399868,9.45496900
-16.49299868,9.45496900
-16.49199868,9.45496900
-16.49099868,11.34350000
-16.48999868,11.34350000
-16.48899868,9.45496900
-16.48799868,9.45496900
-16.48699868,9.45496900
-16.48599868,9.45496900
-16.48499868,9.45496900
-16.48399868,9.45496900
-16.48299868,9.45496900
-16.48199868,9.45496900
-16.48099868,7.56028500
-16.47999868,7.56028500
-16.47899868,5.67175200
-16.47799868,5.67175200
-16.47699868,3.77706700
-16.47599868,1.88853300
-16.47499868,1.88853300
-16.47399868,3.77706700
-16.47299868,3.77706700
-16.47199868,3.77706700
-16.47099868,3.77706700
-16.46999868,3.77706700
-16.46899868,1.88853300
-16.46799868,1.88853300
-16.46699868,3.77706700
-16.46599868,3.77706700
-16.46499868,5.67175200
-16.46399868,5.67175200
-16.46299868,5.67175200
-16.46199868,5.67175200
-16.46099868,5.67175200
-16.45999868,3.77706700
-16.45899868,3.77706700
-16.45799868,3.77706700
-16.45699868,5.67175200
-16.45599868,5.67175200
-16.45499868,5.67175200
-16.45399868,5.67175200
-16.45299868,5.67175200
-16.45199868,5.67175200
-16.45099868,5.67175200
-16.44999868,5.67175200
-16.44899868,7.56028500
-16.44799868,5.67175200
-16.44699868,7.56028500
-16.44599868,7.56028500
-16.44499868,7.56028500
-16.44399868,9.45496900
-16.44299868,9.45496900
-16.44199868,9.45496900
-16.44099868,9.45496900
-16.43999868,9.45496900
-16.43899868,9.45496900
-16.43799868,9.45496900
-16.43699868,11.34350000
-16.43599868,11.34350000
-16.43499868,11.34350000
-16.43399868,9.45496900
-16.43299868,9.45496900
-16.43199868,9.45496900
-16.43099868,9.45496900
-16.42999868,9.45496900
-16.42899868,9.45496900
-16.42799868,9.45496900
-16.42699868,11.34350000
-16.42599868,11.34350000
-16.42499868,9.45496900
-16.42399868,9.45496900
-16.42299868,9.45496900
-16.42199868,9.45496900
-16.42099868,9.45496900
-16.41999868,9.45496900
-16.41899868,9.45496900
-16.41799868,11.34350000
-16.41699868,11.34350000
-16.41599868,11.34350000
-16.41499868,11.34350000
-16.41399868,9.45496900
-16.41299868,9.45496900
-16.41199868,7.56028500
-16.41099868,7.56028500
-16.40999868,9.45496900
-16.40899868,9.45496900
-16.40799868,9.45496900
-16.40699868,7.56028500
-16.40599868,7.56028500
-16.40499868,7.56028500
-16.40399868,7.56028500
-16.40299868,7.56028500
-16.40199868,7.56028500
-16.40099868,7.56028500
-16.39999868,9.45496900
-16.39899868,9.45496900
-16.39799868,9.45496900
-16.39699868,9.45496900
-16.39599868,11.34350000
-16.39499868,11.34350000
-16.39399868,11.34350000
-16.39299868,11.34350000
-16.39199868,11.34350000
-16.39099868,11.34350000
-16.38999868,11.34350000
-16.38899868,11.34350000
-16.38799868,11.34350000
-16.38699868,9.45496900
-16.38599868,9.45496900
-16.38499868,11.34350000
-16.38399868,11.34350000
-16.38299868,11.34350000
-16.38199868,11.34350000
-16.38099868,9.45496900
-16.37999868,9.45496900
-16.37899868,11.34350000
-16.37799868,11.34350000
-16.37699868,11.34350000
-16.37599868,11.34350000
-16.37499868,11.34350000
-16.37399868,13.23204000
-16.37299868,13.23204000
-16.37199868,13.23204000
-16.37099868,13.23204000
-16.36999868,13.23204000
-16.36899868,11.34350000
-16.36799868,11.34350000
-16.36699868,11.34350000
-16.36599868,11.34350000
-16.36499868,11.34350000
-16.36399868,11.34350000
-16.36299868,13.23204000
-16.36199868,13.23204000
-16.36099868,13.23204000
-16.35999868,11.34350000
-16.35899868,11.34350000
-16.35799868,11.34350000
-16.35699868,11.34350000
-16.35599868,9.45496900
-16.35499868,9.45496900
-16.35399868,11.34350000
-16.35299868,11.34350000
-16.35199868,13.23204000
-16.35099868,11.34350000
-16.34999868,11.34350000
-16.34899868,11.34350000
-16.34799868,11.34350000
-16.34699868,11.34350000
-16.34599868,11.34350000
-16.34499868,11.34350000
-16.34399868,11.34350000
-16.34299868,11.34350000
-16.34199868,11.34350000
-16.34099868,13.23204000
-16.33999868,13.23204000
-16.33899868,13.23204000
-16.33799868,11.34350000
-16.33699868,11.34350000
-16.33599868,11.34350000
-16.33499868,11.34350000
-16.33399868,11.34350000
-16.33299868,11.34350000
-16.33199868,11.34350000
-16.33099868,11.34350000
-16.32999868,11.34350000
-16.32899868,11.34350000
-16.32799868,13.23204000
-16.32699868,13.23204000
-16.32599868,11.34350000
-16.32499868,11.34350000
-16.32399868,11.34350000
-16.32299868,11.34350000
-16.32199868,13.23204000
-16.32099868,13.23204000
-16.31999868,13.23204000
-16.31899868,13.23204000
-16.31799868,15.12672000
-16.31699868,15.12672000
-16.31599868,15.12672000
-16.31499868,13.23204000
-16.31399868,13.23204000
-16.31299868,11.34350000
-16.31199868,11.34350000
-16.31099868,13.23204000
-16.30999868,13.23204000
-16.30899868,13.23204000
-16.30799868,13.23204000
-16.30699868,15.12672000
-16.30599868,15.12672000
-16.30499868,15.12672000
-16.30399868,13.23204000
-16.30299868,13.23204000
-16.30199868,13.23204000
-16.30099868,13.23204000
-16.29999868,13.23204000
-16.29899868,15.12672000
-16.29799868,15.12672000
-16.29699868,15.12672000
-16.29599868,15.12672000
-16.29499868,15.12672000
-16.29399868,13.23204000
-16.29299868,13.23204000
-16.29199868,13.23204000
-16.29099868,13.23204000
-16.28999868,13.23204000
-16.28899868,13.23204000
-16.28799868,13.23204000
-16.28699868,13.23204000
-16.28599868,13.23204000
-16.28499868,13.23204000
-16.28399868,13.23204000
-16.28299868,13.23204000
-16.28199868,13.23204000
-16.28099868,13.23204000
-16.27999868,15.12672000
-16.27899868,15.12672000
-16.27799868,15.12672000
-16.27699868,15.12672000
-16.27599868,13.23204000
-16.27499868,13.23204000
-16.27399868,13.23204000
-16.27299868,15.12672000
-16.27199868,15.12672000
-16.27099868,15.12672000
-16.26999868,15.12672000
-16.26899868,15.12672000
-16.26799868,15.12672000
-16.26699868,15.12672000
-16.26599868,13.23204000
-16.26499868,15.12672000
-16.26399868,15.12672000
-16.26299868,15.12672000
-16.26199868,17.01525000
-16.26099869,17.01525000
-16.25999869,17.01525000
-16.25899869,15.12672000
-16.25799869,15.12672000
-16.25699869,15.12672000
-16.25599869,15.12672000
-16.25499869,15.12672000
-16.25399869,15.12672000
-16.25299869,17.01525000
-16.25199869,17.01525000
-16.25099869,17.01525000
-16.24999869,17.01525000
-16.24899869,17.01525000
-16.24799869,15.12672000
-16.24699869,15.12672000
-16.24599869,15.12672000
-16.24499869,15.12672000
-16.24399869,15.12672000
-16.24299869,17.01525000
-16.24199869,17.01525000
-16.24099869,17.01525000
-16.23999869,17.01525000
-16.23899869,15.12672000
-16.23799869,15.12672000
-16.23699869,15.12672000
-16.23599869,15.12672000
-16.23499869,15.12672000
-16.23399869,15.12672000
-16.23299869,17.01525000
-16.23199869,17.01525000
-16.23099869,17.01525000
-16.22999869,17.01525000
-16.22899869,17.01525000
-16.22799869,17.01525000
-16.22699869,17.01525000
-16.22599869,17.01525000
-16.22499869,17.01525000
-16.22399869,17.01525000
-16.22299869,17.01525000
-16.22199869,18.90994000
-16.22099869,17.01525000
-16.21999869,17.01525000
-16.21899869,17.01525000
-16.21799869,17.01525000
-16.21699869,18.90994000
-16.21599869,18.90994000
-16.21499869,17.01525000
-16.21399869,17.01525000
-16.21299869,17.01525000
-16.21199869,17.01525000
-16.21099869,17.01525000
-16.20999869,17.01525000
-16.20899869,17.01525000
-16.20799869,18.90994000
-16.20699869,18.90994000
-16.20599869,18.90994000
-16.20499869,18.90994000
-16.20399869,18.90994000
-16.20299869,18.90994000
-16.20199869,18.90994000
-16.20099869,18.90994000
-16.19999869,18.90994000
-16.19899869,18.90994000
-16.19799869,18.90994000
-16.19699869,20.79847000
-16.19599869,20.79847000
-16.19499869,20.79847000
-16.19399869,18.90994000
-16.19299869,17.01525000
-16.19199869,17.01525000
-16.19099869,17.01525000
-16.18999869,17.01525000
-16.18899869,17.01525000
-16.18799869,18.90994000
-16.18699869,18.90994000
-16.18599869,18.90994000
-16.18499869,20.79847000
-16.18399869,18.90994000
-16.18299869,18.90994000
-16.18199869,17.01525000
-16.18099869,17.01525000
-16.17999869,17.01525000
-16.17899869,17.01525000
-16.17799869,18.90994000
-16.17699869,18.90994000
-16.17599869,18.90994000
-16.17499869,18.90994000
-16.17399869,18.90994000
-16.17299869,18.90994000
-16.17199869,18.90994000
-16.17099869,17.01525000
-16.16999869,17.01525000
-16.16899869,17.01525000
-16.16799869,17.01525000
-16.16699869,18.90994000
-16.16599869,18.90994000
-16.16499869,18.90994000
-16.16399869,18.90994000
-16.16299869,17.01525000
-16.16199869,17.01525000
-16.16099869,17.01525000
-16.15999869,17.01525000
-16.15899869,17.01525000
-16.15799869,18.90994000
-16.15699869,18.90994000
-16.15599869,18.90994000
-16.15499869,18.90994000
-16.15399869,18.90994000
-16.15299869,18.90994000
-16.15199869,17.01525000
-16.15099869,17.01525000
-16.14999869,17.01525000
-16.14899869,17.01525000
-16.14799869,17.01525000
-16.14699869,17.01525000
-16.14599869,17.01525000
-16.14499869,17.01525000
-16.14399869,17.01525000
-16.14299869,17.01525000
-16.14199869,17.01525000
-16.14099869,17.01525000
-16.13999869,17.01525000
-16.13899869,17.01525000
-16.13799869,17.01525000
-16.13699869,17.01525000
-16.13599869,17.01525000
-16.13499869,17.01525000
-16.13399869,17.01525000
-16.13299869,17.01525000
-16.13199869,18.90994000
-16.13099869,18.90994000
-16.12999869,18.90994000
-16.12899869,18.90994000
-16.12799869,17.01525000
-16.12699869,17.01525000
-16.12599869,17.01525000
-16.12499869,15.12672000
-16.12399869,17.01525000
-16.12299869,17.01525000
-16.12199869,18.90994000
-16.12099869,18.90994000
-16.11999869,18.90994000
-16.11899869,17.01525000
-16.11799869,17.01525000
-16.11699869,17.01525000
-16.11599869,17.01525000
-16.11499869,17.01525000
-16.11399869,17.01525000
-16.11299869,18.90994000
-16.11199869,18.90994000
-16.11099869,20.79847000
-16.10999869,20.79847000
-16.10899869,18.90994000
-16.10799869,18.90994000
-16.10699869,17.01525000
-16.10599869,17.01525000
-16.10499869,18.90994000
-16.10399869,18.90994000
-16.10299869,18.90994000
-16.10199869,18.90994000
-16.10099869,18.90994000
-16.09999869,18.90994000
-16.09899869,18.90994000
-16.09799869,17.01525000
-16.09699869,17.01525000
-16.09599869,17.01525000
-16.09499869,17.01525000
-16.09399869,18.90994000
-16.09299869,18.90994000
-16.09199869,18.90994000
-16.09099869,18.90994000
-16.08999869,18.90994000
-16.08899869,18.90994000
-16.08799869,17.01525000
-16.08699869,17.01525000
-16.08599869,17.01525000
-16.08499869,17.01525000
-16.08399869,17.01525000
-16.08299869,17.01525000
-16.08199869,17.01525000
-16.08099869,18.90994000
-16.07999869,17.01525000
-16.07899869,17.01525000
-16.07799869,17.01525000
-16.07699869,17.01525000
-16.07599869,17.01525000
-16.07499869,17.01525000
-16.07399869,17.01525000
-16.07299869,18.90994000
-16.07199869,17.01525000
-16.07099869,17.01525000
-16.06999869,17.01525000
-16.06899869,18.90994000
-16.06799869,18.90994000
-16.06699869,18.90994000
-16.06599869,18.90994000
-16.06499869,20.79847000
-16.06399869,20.79847000
-16.06299869,18.90994000
-16.06199869,18.90994000
-16.06099869,18.90994000
-16.05999869,17.01525000
-16.05899869,17.01525000
-16.05799869,18.90994000
-16.05699869,18.90994000
-16.05599869,18.90994000
-16.05499869,20.79847000
-16.05399869,20.79847000
-16.05299869,20.79847000
-16.05199869,20.79847000
-16.05099869,18.90994000
-16.04999869,18.90994000
-16.04899869,18.90994000
-16.04799869,18.90994000
-16.04699869,20.79847000
-16.04599869,20.79847000
-16.04499869,20.79847000
-16.04399869,20.79847000
-16.04299869,20.79847000
-16.04199869,20.79847000
-16.04099869,20.79847000
-16.03999869,20.79847000
-16.03899869,18.90994000
-16.03799869,20.79847000
-16.03699869,20.79847000
-16.03599869,20.79847000
-16.03499869,20.79847000
-16.03399869,20.79847000
-16.03299869,20.79847000
-16.03199869,20.79847000
-16.03099869,20.79847000
-16.02999869,20.79847000
-16.02899869,20.79847000
-16.02799869,20.79847000
-16.02699869,20.79847000
-16.02599869,20.79847000
-16.02499869,18.90994000
-16.02399869,18.90994000
-16.02299869,18.90994000
-16.02199869,18.90994000
-16.02099869,18.90994000
-16.01999869,18.90994000
-16.01899869,18.90994000
-16.01799869,18.90994000
-16.01699869,18.90994000
-16.01599869,17.01525000
-16.01499869,17.01525000
-16.01399869,17.01525000
-16.01299869,18.90994000
-16.01199869,18.90994000
-16.01099869,18.90994000
-16.00999869,18.90994000
-16.00899869,18.90994000
-16.00799869,17.01525000
-16.00699869,17.01525000
-16.00599869,15.12672000
-16.00499869,15.12672000
-16.00399869,15.12672000
-16.00299869,15.12672000
-16.00199869,17.01525000
-16.00099869,17.01525000
-15.99999869,17.01525000
-15.99899869,17.01525000
-15.99799869,17.01525000
-15.99699869,17.01525000
-15.99599869,15.12672000
-15.99499869,15.12672000
-15.99399869,15.12672000
-15.99299869,15.12672000
-15.99199869,17.01525000
-15.99099869,17.01525000
-15.98999869,17.01525000
-15.98899869,17.01525000
-15.98799869,17.01525000
-15.98699869,17.01525000
-15.98599869,17.01525000
-15.98499869,17.01525000
-15.98399869,15.12672000
-15.98299869,17.01525000
-15.98199869,17.01525000
-15.98099869,18.90994000
-15.97999869,18.90994000
-15.97899869,18.90994000
-15.97799869,18.90994000
-15.97699869,18.90994000
-15.97599869,18.90994000
-15.97499869,18.90994000
-15.97399869,18.90994000
-15.97299869,18.90994000
-15.97199869,18.90994000
-15.97099869,18.90994000
-15.96999869,18.90994000
-15.96899869,20.79847000
-15.96799869,20.79847000
-15.96699869,18.90994000
-15.96599869,18.90994000
-15.96499869,18.90994000
-15.96399869,18.90994000
-15.96299869,18.90994000
-15.96199869,18.90994000
-15.96099869,18.90994000
-15.95999869,18.90994000
-15.95899869,18.90994000
-15.95799869,20.79847000
-15.95699869,22.68701000
-15.95599869,22.68701000
-15.95499869,20.79847000
-15.95399869,20.79847000
-15.95299869,18.90994000
-15.95199869,18.90994000
-15.95099869,17.01525000
-15.94999869,17.01525000
-15.94899869,18.90994000
-15.94799869,18.90994000
-15.94699869,20.79847000
-15.94599869,20.79847000
-15.94499869,22.68701000
-15.94399869,22.68701000
-15.94299869,22.68701000
-15.94199869,20.79847000
-15.94099869,18.90994000
-15.93999869,17.01525000
-15.93899869,17.01525000
-15.93799869,17.01525000
-15.93699869,17.01525000
-15.93599869,18.90994000
-15.93499869,20.79847000
-15.93399869,22.68701000
-15.93299869,22.68701000
-15.93199869,20.79847000
-15.93099869,20.79847000
-15.92999869,18.90994000
-15.92899869,17.01525000
-15.92799869,17.01525000
-15.92699869,15.12672000
-15.92599869,17.01525000
-15.92499869,18.90994000
-15.92399869,18.90994000
-15.92299869,20.79847000
-15.92199869,20.79847000
-15.92099869,20.79847000
-15.91999869,20.79847000
-15.91899869,20.79847000
-15.91799869,18.90994000
-15.91699869,18.90994000
-15.91599869,17.01525000
-15.91499869,17.01525000
-15.91399869,17.01525000
-15.91299869,17.01525000
-15.91199869,17.01525000
-15.91099869,18.90994000
-15.90999869,20.79847000
-15.90899869,20.79847000
-15.90799869,20.79847000
-15.90699870,20.79847000
-15.90599870,18.90994000
-15.90499870,18.90994000
-15.90399870,17.01525000
-15.90299870,17.01525000
-15.90199870,18.90994000
-15.90099870,18.90994000
-15.89999870,20.79847000
-15.89899870,20.79847000
-15.89799870,20.79847000
-15.89699870,20.79847000
-15.89599870,18.90994000
-15.89499870,18.90994000
-15.89399870,18.90994000
-15.89299870,17.01525000
-15.89199870,18.90994000
-15.89099870,18.90994000
-15.88999870,20.79847000
-15.88899870,22.68701000
-15.88799870,22.68701000
-15.88699870,20.79847000
-15.88599870,20.79847000
-15.88499870,18.90994000
-15.88399870,18.90994000
-15.88299870,17.01525000
-15.88199870,18.90994000
-15.88099870,18.90994000
-15.87999870,20.79847000
-15.87899870,20.79847000
-15.87799870,20.79847000
-15.87699870,20.79847000
-15.87599870,20.79847000
-15.87499870,18.90994000
-15.87399870,18.90994000
-15.87299870,18.90994000
-15.87199870,18.90994000
-15.87099870,18.90994000
-15.86999870,18.90994000
-15.86899870,18.90994000
-15.86799870,20.79847000
-15.86699870,18.90994000
-15.86599870,18.90994000
-15.86499870,20.79847000
-15.86399870,20.79847000
-15.86299870,20.79847000
-15.86199870,20.79847000
-15.86099870,18.90994000
-15.85999870,18.90994000
-15.85899870,18.90994000
-15.85799870,18.90994000
-15.85699870,18.90994000
-15.85599870,17.01525000
-15.85499870,18.90994000
-15.85399870,18.90994000
-15.85299870,20.79847000
-15.85199870,20.79847000
-15.85099870,20.79847000
-15.84999870,20.79847000
-15.84899870,20.79847000
-15.84799870,18.90994000
-15.84699870,18.90994000
-15.84599870,18.90994000
-15.84499870,18.90994000
-15.84399870,18.90994000
-15.84299870,20.79847000
-15.84199870,20.79847000
-15.84099870,20.79847000
-15.83999870,20.79847000
-15.83899870,20.79847000
-15.83799870,18.90994000
-15.83699870,18.90994000
-15.83599870,18.90994000
-15.83499870,18.90994000
-15.83399870,18.90994000
-15.83299870,20.79847000
-15.83199870,20.79847000
-15.83099870,20.79847000
-15.82999870,20.79847000
-15.82899870,18.90994000
-15.82799870,18.90994000
-15.82699870,18.90994000
-15.82599870,18.90994000
-15.82499870,20.79847000
-15.82399870,20.79847000
-15.82299870,22.68701000
-15.82199870,22.68701000
-15.82099870,20.79847000
-15.81999870,20.79847000
-15.81899870,20.79847000
-15.81799870,18.90994000
-15.81699870,18.90994000
-15.81599870,18.90994000
-15.81499870,18.90994000
-15.81399870,20.79847000
-15.81299870,20.79847000
-15.81199870,20.79847000
-15.81099870,20.79847000
-15.80999870,20.79847000
-15.80899870,20.79847000
-15.80799870,20.79847000
-15.80699870,20.79847000
-15.80599870,20.79847000
-15.80499870,20.79847000
-15.80399870,20.79847000
-15.80299870,20.79847000
-15.80199870,20.79847000
-15.80099870,20.79847000
-15.79999870,20.79847000
-15.79899870,20.79847000
-15.79799870,20.79847000
-15.79699870,20.79847000
-15.79599870,22.68701000
-15.79499870,22.68701000
-15.79399870,20.79847000
-15.79299870,20.79847000
-15.79199870,18.90994000
-15.79099870,18.90994000
-15.78999870,18.90994000
-15.78899870,18.90994000
-15.78799870,18.90994000
-15.78699870,20.79847000
-15.78599870,20.79847000
-15.78499870,20.79847000
-15.78399870,20.79847000
-15.78299870,20.79847000
-15.78199870,18.90994000
-15.78099870,18.90994000
-15.77999870,18.90994000
-15.77899870,18.90994000
-15.77799870,18.90994000
-15.77699870,18.90994000
-15.77599870,20.79847000
-15.77499870,20.79847000
-15.77399870,20.79847000
-15.77299870,20.79847000
-15.77199870,20.79847000
-15.77099870,18.90994000
-15.76999870,18.90994000
-15.76899870,18.90994000
-15.76799870,18.90994000
-15.76699870,18.90994000
-15.76599870,18.90994000
-15.76499870,20.79847000
-15.76399870,20.79847000
-15.76299870,20.79847000
-15.76199870,20.79847000
-15.76099870,20.79847000
-15.75999870,20.79847000
-15.75899870,20.79847000
-15.75799870,20.79847000
-15.75699870,20.79847000
-15.75599870,20.79847000
-15.75499870,20.79847000
-15.75399870,18.90994000
-15.75299870,18.90994000
-15.75199870,18.90994000
-15.75099870,20.79847000
-15.74999870,20.79847000
-15.74899870,20.79847000
-15.74799870,20.79847000
-15.74699870,20.79847000
-15.74599870,20.79847000
-15.74499870,20.79847000
-15.74399870,18.90994000
-15.74299870,18.90994000
-15.74199870,20.79847000
-15.74099870,20.79847000
-15.73999870,20.79847000
-15.73899870,20.79847000
-15.73799870,20.79847000
-15.73699870,20.79847000
-15.73599870,20.79847000
-15.73499870,20.79847000
-15.73399870,20.79847000
-15.73299870,20.79847000
-15.73199870,20.79847000
-15.73099870,20.79847000
-15.72999870,20.79847000
-15.72899870,20.79847000
-15.72799870,20.79847000
-15.72699870,20.79847000
-15.72599870,20.79847000
-15.72499870,20.79847000
-15.72399870,18.90994000
-15.72299870,18.90994000
-15.72199870,18.90994000
-15.72099870,20.79847000
-15.71999870,20.79847000
-15.71899870,22.68701000
-15.71799870,20.79847000
-15.71699870,20.79847000
-15.71599870,20.79847000
-15.71499870,20.79847000
-15.71399870,18.90994000
-15.71299870,18.90994000
-15.71199870,18.90994000
-15.71099870,18.90994000
-15.70999870,20.79847000
-15.70899870,20.79847000
-15.70799870,20.79847000
-15.70699870,20.79847000
-15.70599870,20.79847000
-15.70499870,20.79847000
-15.70399870,20.79847000
-15.70299870,20.79847000
-15.70199870,20.79847000
-15.70099870,20.79847000
-15.69999870,20.79847000
-15.69899870,20.79847000
-15.69799870,20.79847000
-15.69699870,22.68701000
-15.69599870,22.68701000
-15.69499870,22.68701000
-15.69399870,20.79847000
-15.69299870,20.79847000
-15.69199870,20.79847000
-15.69099870,20.79847000
-15.68999870,20.79847000
-15.68899870,20.79847000
-15.68799870,20.79847000
-15.68699870,22.68701000
-15.68599870,22.68701000
-15.68499870,22.68701000
-15.68399870,22.68701000
-15.68299870,22.68701000
-15.68199870,20.79847000
-15.68099870,20.79847000
-15.67999870,20.79847000
-15.67899870,20.79847000
-15.67799870,20.79847000
-15.67699870,22.68701000
-15.67599870,22.68701000
-15.67499870,22.68701000
-15.67399870,24.58169000
-15.67299870,22.68701000
-15.67199870,22.68701000
-15.67099870,22.68701000
-15.66999870,20.79847000
-15.66899870,20.79847000
-15.66799870,20.79847000
-15.66699870,22.68701000
-15.66599870,22.68701000
-15.66499870,24.58169000
-15.66399870,24.58169000
-15.66299870,22.68701000
-15.66199870,22.68701000
-15.66099870,22.68701000
-15.65999870,22.68701000
-15.65899870,22.68701000
-15.65799870,20.79847000
-15.65699870,22.68701000
-15.65599870,20.79847000
-15.65499870,22.68701000
-15.65399870,22.68701000
-15.65299870,22.68701000
-15.65199870,22.68701000
-15.65099870,22.68701000
-15.64999870,20.79847000
-15.64899870,22.68701000
-15.64799870,22.68701000
-15.64699870,22.68701000
-15.64599870,22.68701000
-15.64499870,22.68701000
-15.64399870,22.68701000
-15.64299870,22.68701000
-15.64199870,22.68701000
-15.64099870,22.68701000
-15.63999870,22.68701000
-15.63899870,22.68701000
-15.63799870,22.68701000
-15.63699870,22.68701000
-15.63599870,22.68701000
-15.63499870,20.79847000
-15.63399870,20.79847000
-15.63299870,20.79847000
-15.63199870,22.68701000
-15.63099870,22.68701000
-15.62999870,22.68701000
-15.62899870,24.58169000
-15.62799870,22.68701000
-15.62699870,22.68701000
-15.62599870,22.68701000
-15.62499870,22.68701000
-15.62399870,22.68701000
-15.62299870,22.68701000
-15.62199870,22.68701000
-15.62099870,22.68701000
-15.61999870,24.58169000
-15.61899870,24.58169000
-15.61799870,24.58169000
-15.61699870,24.58169000
-15.61599870,22.68701000
-15.61499870,22.68701000
-15.61399870,22.68701000
-15.61299870,22.68701000
-15.61199870,22.68701000
-15.61099870,22.68701000
-15.60999870,22.68701000
-15.60899870,22.68701000
-15.60799870,22.68701000
-15.60699870,22.68701000
-15.60599870,22.68701000
-15.60499870,22.68701000
-15.60399870,22.68701000
-15.60299870,22.68701000
-15.60199870,22.68701000
-15.60099870,24.58169000
-15.59999870,24.58169000
-15.59899870,24.58169000
-15.59799870,24.58169000
-15.59699870,24.58169000
-15.59599870,22.68701000
-15.59499870,22.68701000
-15.59399870,22.68701000
-15.59299870,24.58169000
-15.59199870,24.58169000
-15.59099870,24.58169000
-15.58999870,24.58169000
-15.58899870,22.68701000
-15.58799870,22.68701000
-15.58699870,22.68701000
-15.58599870,22.68701000
-15.58499870,24.58169000
-15.58399870,24.58169000
-15.58299870,24.58169000
-15.58199870,24.58169000
-15.58099870,24.58169000
-15.57999870,24.58169000
-15.57899870,22.68701000
-15.57799870,22.68701000
-15.57699870,22.68701000
-15.57599870,22.68701000
-15.57499870,24.58169000
-15.57399870,24.58169000
-15.57299870,24.58169000
-15.57199870,24.58169000
-15.57099870,24.58169000
-15.56999870,24.58169000
-15.56899870,24.58169000
-15.56799870,22.68701000
-15.56699870,22.68701000
-15.56599870,22.68701000
-15.56499870,24.58169000
-15.56399870,24.58169000
-15.56299870,24.58169000
-15.56199870,24.58169000
-15.56099870,24.58169000
-15.55999870,24.58169000
-15.55899870,24.58169000
-15.55799870,22.68701000
-15.55699870,22.68701000
-15.55599870,22.68701000
-15.55499870,24.58169000
-15.55399871,24.58169000
-15.55299871,26.47023000
-15.55199871,26.47023000
-15.55099871,26.47023000
-15.54999871,24.58169000
-15.54899871,24.58169000
-15.54799871,24.58169000
-15.54699871,24.58169000
-15.54599871,22.68701000
-15.54499871,24.58169000
-15.54399871,24.58169000
-15.54299871,24.58169000
-15.54199871,24.58169000
-15.54099871,24.58169000
-15.53999871,24.58169000
-15.53899871,24.58169000
-15.53799871,24.58169000
-15.53699871,24.58169000
-15.53599871,24.58169000
-15.53499871,24.58169000
-15.53399871,24.58169000
-15.53299871,24.58169000
-15.53199871,24.58169000
-15.53099871,26.47023000
-15.52999871,26.47023000
-15.52899871,26.47023000
-15.52799871,26.47023000
-15.52699871,26.47023000
-15.52599871,26.47023000
-15.52499871,26.47023000
-15.52399871,26.47023000
-15.52299871,26.47023000
-15.52199871,24.58169000
-15.52099871,24.58169000
-15.51999871,24.58169000
-15.51899871,26.47023000
-15.51799871,26.47023000
-15.51699871,26.47023000
-15.51599871,26.47023000
-15.51499871,26.47023000
-15.51399871,26.47023000
-15.51299871,26.47023000
-15.51199871,24.58169000
-15.51099871,24.58169000
-15.50999871,26.47023000
-15.50899871,26.47023000
-15.50799871,28.36491000
-15.50699871,28.36491000
-15.50599871,28.36491000
-15.50499871,28.36491000
-15.50399871,26.47023000
-15.50299871,26.47023000
-15.50199871,26.47023000
-15.50099871,26.47023000
-15.49999871,26.47023000
-15.49899871,26.47023000
-15.49799871,28.36491000
-15.49699871,28.36491000
-15.49599871,28.36491000
-15.49499871,26.47023000
-15.49399871,26.47023000
-15.49299871,24.58169000
-15.49199871,24.58169000
-15.49099871,24.58169000
-15.48999871,24.58169000
-15.48899871,26.47023000
-15.48799871,28.36491000
-15.48699871,28.36491000
-15.48599871,28.36491000
-15.48499871,26.47023000
-15.48399871,26.47023000
-15.48299871,24.58169000
-15.48199871,24.58169000
-15.48099871,26.47023000
-15.47999871,26.47023000
-15.47899871,26.47023000
-15.47799871,26.47023000
-15.47699871,26.47023000
-15.47599871,26.47023000
-15.47499871,26.47023000
-15.47399871,26.47023000
-15.47299871,26.47023000
-15.47199871,26.47023000
-15.47099871,26.47023000
-15.46999871,26.47023000
-15.46899871,26.47023000
-15.46799871,26.47023000
-15.46699871,26.47023000
-15.46599871,26.47023000
-15.46499871,26.47023000
-15.46399871,26.47023000
-15.46299871,26.47023000
-15.46199871,26.47023000
-15.46099871,26.47023000
-15.45999871,26.47023000
-15.45899871,28.36491000
-15.45799871,28.36491000
-15.45699871,26.47023000
-15.45599871,26.47023000
-15.45499871,26.47023000
-15.45399871,24.58169000
-15.45299871,26.47023000
-15.45199871,26.47023000
-15.45099871,28.36491000
-15.44999871,28.36491000
-15.44899871,26.47023000
-15.44799871,26.47023000
-15.44699871,26.47023000
-15.44599871,26.47023000
-15.44499871,26.47023000
-15.44399871,26.47023000
-15.44299871,26.47023000
-15.44199871,28.36491000
-15.44099871,28.36491000
-15.43999871,28.36491000
-15.43899871,28.36491000
-15.43799871,28.36491000
-15.43699871,26.47023000
-15.43599871,26.47023000
-15.43499871,26.47023000
-15.43399871,26.47023000
-15.43299871,28.36491000
-15.43199871,28.36491000
-15.43099871,28.36491000
-15.42999871,30.25344000
-15.42899871,28.36491000
-15.42799871,28.36491000
-15.42699871,28.36491000
-15.42599871,26.47023000
-15.42499871,28.36491000
-15.42399871,26.47023000
-15.42299871,28.36491000
-15.42199871,28.36491000
-15.42099871,28.36491000
-15.41999871,28.36491000
-15.41899871,28.36491000
-15.41799871,28.36491000
-15.41699871,28.36491000
-15.41599871,28.36491000
-15.41499871,28.36491000
-15.41399871,28.36491000
-15.41299871,28.36491000
-15.41199871,28.36491000
-15.41099871,26.47023000
-15.40999871,26.47023000
-15.40899871,28.36491000
-15.40799871,28.36491000
-15.40699871,28.36491000
-15.40599871,28.36491000
-15.40499871,28.36491000
-15.40399871,26.47023000
-15.40299871,26.47023000
-15.40199871,26.47023000
-15.40099871,24.58169000
-15.39999871,24.58169000
-15.39899871,24.58169000
-15.39799871,24.58169000
-15.39699871,26.47023000
-15.39599871,26.47023000
-15.39499871,26.47023000
-15.39399871,24.58169000
-15.39299871,22.68701000
-15.39199871,22.68701000
-15.39099871,22.68701000
-15.38999871,22.68701000
-15.38899871,22.68701000
-15.38799871,22.68701000
-15.38699871,22.68701000
-15.38599871,22.68701000
-15.38499871,22.68701000
-15.38399871,22.68701000
-15.38299871,20.79847000
-15.38199871,20.79847000
-15.38099871,20.79847000
-15.37999871,20.79847000
-15.37899871,20.79847000
-15.37799871,20.79847000
-15.37699871,22.68701000
-15.37599871,22.68701000
-15.37499871,20.79847000
-15.37399871,20.79847000
-15.37299871,20.79847000
-15.37199871,20.79847000
-15.37099871,20.79847000
-15.36999871,20.79847000
-15.36899871,20.79847000
-15.36799871,22.68701000
-15.36699871,22.68701000
-15.36599871,22.68701000
-15.36499871,24.58169000
-15.36399871,22.68701000
-15.36299871,22.68701000
-15.36199871,22.68701000
-15.36099871,24.58169000
-15.35999871,24.58169000
-15.35899871,24.58169000
-15.35799871,26.47023000
-15.35699871,26.47023000
-15.35599871,26.47023000
-15.35499871,26.47023000
-15.35399871,26.47023000
-15.35299871,26.47023000
-15.35199871,26.47023000
-15.35099871,26.47023000
-15.34999871,26.47023000
-15.34899871,26.47023000
-15.34799871,26.47023000
-15.34699871,28.36491000
-15.34599871,28.36491000
-15.34499871,28.36491000
-15.34399871,28.36491000
-15.34299871,28.36491000
-15.34199871,28.36491000
-15.34099871,28.36491000
-15.33999871,28.36491000
-15.33899871,28.36491000
-15.33799871,26.47023000
-15.33699871,28.36491000
-15.33599871,26.47023000
-15.33499871,28.36491000
-15.33399871,28.36491000
-15.33299871,28.36491000
-15.33199871,28.36491000
-15.33099871,28.36491000
-15.32999871,28.36491000
-15.32899871,28.36491000
-15.32799871,28.36491000
-15.32699871,26.47023000
-15.32599871,26.47023000
-15.32499871,26.47023000
-15.32399871,26.47023000
-15.32299871,26.47023000
-15.32199871,26.47023000
-15.32099871,26.47023000
-15.31999871,26.47023000
-15.31899871,26.47023000
-15.31799871,26.47023000
-15.31699871,26.47023000
-15.31599871,26.47023000
-15.31499871,26.47023000
-15.31399871,26.47023000
-15.31299871,28.36491000
-15.31199871,28.36491000
-15.31099871,28.36491000
-15.30999871,26.47023000
-15.30899871,26.47023000
-15.30799871,26.47023000
-15.30699871,26.47023000
-15.30599871,26.47023000
-15.30499871,28.36491000
-15.30399871,28.36491000
-15.30299871,28.36491000
-15.30199871,28.36491000
-15.30099871,28.36491000
-15.29999871,28.36491000
-15.29899871,28.36491000
-15.29799871,28.36491000
-15.29699871,28.36491000
-15.29599871,28.36491000
-15.29499871,28.36491000
-15.29399871,28.36491000
-15.29299871,28.36491000
-15.29199871,30.25344000
-15.29099871,30.25344000
-15.28999871,30.25344000
-15.28899871,30.25344000
-15.28799871,30.25344000
-15.28699871,30.25344000
-15.28599871,30.25344000
-15.28499871,30.25344000
-15.28399871,28.36491000
-15.28299871,28.36491000
-15.28199871,28.36491000
-15.28099871,30.25344000
-15.27999871,30.25344000
-15.27899871,30.25344000
-15.27799871,30.25344000
-15.27699871,30.25344000
-15.27599871,30.25344000
-15.27499871,30.25344000
-15.27399871,28.36491000
-15.27299871,28.36491000
-15.27199871,28.36491000
-15.27099871,26.47023000
-15.26999871,28.36491000
-15.26899871,28.36491000
-15.26799871,30.25344000
-15.26699871,32.14198000
-15.26599871,30.25344000
-15.26499871,30.25344000
-15.26399871,30.25344000
-15.26299871,28.36491000
-15.26199871,30.25344000
-15.26099871,30.25344000
-15.25999871,30.25344000
-15.25899871,30.25344000
-15.25799871,30.25344000
-15.25699871,32.14198000
-15.25599871,32.14198000
-15.25499871,32.14198000
-15.25399871,30.25344000
-15.25299871,30.25344000
-15.25199871,28.36491000
-15.25099871,28.36491000
-15.24999871,28.36491000
-15.24899871,30.25344000
-15.24799871,32.14198000
-15.24699871,32.14198000
-15.24599871,34.03666000
-15.24499871,34.03666000
-15.24399871,32.14198000
-15.24299871,32.14198000
-15.24199871,30.25344000
-15.24099871,30.25344000
-15.23999871,32.14198000
-15.23899871,32.14198000
-15.23799871,32.14198000
-15.23699871,32.14198000
-15.23599871,32.14198000
-15.23499871,32.14198000
-15.23399871,32.14198000
-15.23299871,32.14198000
-15.23199871,30.25344000
-15.23099871,30.25344000
-15.22999871,30.25344000
-15.22899871,30.25344000
-15.22799871,30.25344000
-15.22699871,30.25344000
-15.22599871,30.25344000
-15.22499871,30.25344000
-15.22399871,30.25344000
-15.22299871,30.25344000
-15.22199871,30.25344000
-15.22099871,30.25344000
-15.21999871,30.25344000
-15.21899871,30.25344000
-15.21799871,30.25344000
-15.21699871,30.25344000
-15.21599871,28.36491000
-15.21499871,28.36491000
-15.21399871,28.36491000
-15.21299871,28.36491000
-15.21199871,28.36491000
-15.21099871,30.25344000
-15.20999871,28.36491000
-15.20899871,30.25344000
-15.20799871,28.36491000
-15.20699871,28.36491000
-15.20599871,28.36491000
-15.20499871,28.36491000
-15.20399871,28.36491000
-15.20299871,28.36491000
-15.20199871,30.25344000
-15.20099871,30.25344000
-15.19999872,30.25344000
-15.19899872,30.25344000
-15.19799872,30.25344000
-15.19699872,30.25344000
-15.19599872,28.36491000
-15.19499872,28.36491000
-15.19399872,28.36491000
-15.19299872,30.25344000
-15.19199872,32.14198000
-15.19099872,32.14198000
-15.18999872,32.14198000
-15.18899872,32.14198000
-15.18799872,32.14198000
-15.18699872,32.14198000
-15.18599872,30.25344000
-15.18499872,30.25344000
-15.18399872,30.25344000
-15.18299872,32.14198000
-15.18199872,32.14198000
-15.18099872,32.14198000
-15.17999872,32.14198000
-15.17899872,32.14198000
-15.17799872,32.14198000
-15.17699872,32.14198000
-15.17599872,32.14198000
-15.17499872,32.14198000
-15.17399872,32.14198000
-15.17299872,34.03666000
-15.17199872,34.03666000
-15.17099872,34.03666000
-15.16999872,32.14198000
-15.16899872,32.14198000
-15.16799872,32.14198000
-15.16699872,32.14198000
-15.16599872,34.03666000
-15.16499872,34.03666000
-15.16399872,34.03666000
-15.16299872,34.03666000
-15.16199872,34.03666000
-15.16099872,32.14198000
-15.15999872,32.14198000
-15.15899872,30.25344000
-15.15799872,30.25344000
-15.15699872,30.25344000
-15.15599872,32.14198000
-15.15499872,34.03666000
-15.15399872,34.03666000
-15.15299872,34.03666000
-15.15199872,32.14198000
-15.15099872,32.14198000
-15.14999872,30.25344000
-15.14899872,30.25344000
-15.14799872,30.25344000
-15.14699872,32.14198000
-15.14599872,32.14198000
-15.14499872,34.03666000
-15.14399872,34.03666000
-15.14299872,32.14198000
-15.14199872,32.14198000
-15.14099872,32.14198000
-15.13999872,30.25344000
-15.13899872,30.25344000
-15.13799872,30.25344000
-15.13699872,30.25344000
-15.13599872,32.14198000
-15.13499872,32.14198000
-15.13399872,32.14198000
-15.13299872,32.14198000
-15.13199872,30.25344000
-15.13099872,30.25344000
-15.12999872,28.36491000
-15.12899872,28.36491000
-15.12799872,28.36491000
-15.12699872,30.25344000
-15.12599872,32.14198000
-15.12499872,32.14198000
-15.12399872,32.14198000
-15.12299872,32.14198000
-15.12199872,30.25344000
-15.12099872,28.36491000
-15.11999872,28.36491000
-15.11899872,28.36491000
-15.11799872,30.25344000
-15.11699872,30.25344000
-15.11599872,32.14198000
-15.11499872,32.14198000
-15.11399872,32.14198000
-15.11299872,32.14198000
-15.11199872,32.14198000
-15.11099872,30.25344000
-15.10999872,30.25344000
-15.10899872,30.25344000
-15.10799872,30.25344000
-15.10699872,32.14198000
-15.10599872,32.14198000
-15.10499872,34.03666000
-15.10399872,34.03666000
-15.10299872,34.03666000
-15.10199872,32.14198000
-15.10099872,32.14198000
-15.09999872,32.14198000
-15.09899872,32.14198000
-15.09799872,32.14198000
-15.09699872,34.03666000
-15.09599872,34.03666000
-15.09499872,34.03666000
-15.09399872,34.03666000
-15.09299872,34.03666000
-15.09199872,34.03666000
-15.09099872,34.03666000
-15.08999872,34.03666000
-15.08899872,34.03666000
-15.08799872,34.03666000
-15.08699872,34.03666000
-15.08599872,34.03666000
-15.08499872,34.03666000
-15.08399872,34.03666000
-15.08299872,34.03666000
-15.08199872,34.03666000
-15.08099872,34.03666000
-15.07999872,35.92520000
-15.07899872,35.92520000
-15.07799872,35.92520000
-15.07699872,35.92520000
-15.07599872,34.03666000
-15.07499872,34.03666000
-15.07399872,34.03666000
-15.07299872,34.03666000
-15.07199872,34.03666000
-15.07099872,35.92520000
-15.06999872,35.92520000
-15.06899872,35.92520000
-15.06799872,35.92520000
-15.06699872,34.03666000
-15.06599872,34.03666000
-15.06499872,34.03666000
-15.06399872,32.14198000
-15.06299872,32.14198000
-15.06199872,34.03666000
-15.06099872,34.03666000
-15.05999872,34.03666000
-15.05899872,35.92520000
-15.05799872,34.03666000
-15.05699872,34.03666000
-15.05599872,34.03666000
-15.05499872,34.03666000
-15.05399872,34.03666000
-15.05299872,34.03666000
-15.05199872,34.03666000
-15.05099872,34.03666000
-15.04999872,34.03666000
-15.04899872,35.92520000
-15.04799872,34.03666000
-15.04699872,34.03666000
-15.04599872,34.03666000
-15.04499872,34.03666000
-15.04399872,34.03666000
-15.04299872,34.03666000
-15.04199872,34.03666000
-15.04099872,35.92520000
-15.03999872,35.92520000
-15.03899872,35.92520000
-15.03799872,35.92520000
-15.03699872,35.92520000
-15.03599872,34.03666000
-15.03499872,35.92520000
-15.03399872,35.92520000
-15.03299872,35.92520000
-15.03199872,35.92520000
-15.03099872,35.92520000
-15.02999872,35.92520000
-15.02899872,35.92520000
-15.02799872,35.92520000
-15.02699872,35.92520000
-15.02599872,34.03666000
-15.02499872,35.92520000
-15.02399872,35.92520000
-15.02299872,35.92520000
-15.02199872,35.92520000
-15.02099872,35.92520000
-15.01999872,35.92520000
-15.01899872,35.92520000
-15.01799872,35.92520000
-15.01699872,37.81988000
-15.01599872,37.81988000
-15.01499872,37.81988000
-15.01399872,37.81988000
-15.01299872,37.81988000
-15.01199872,39.70842000
-15.01099872,39.70842000
-15.00999872,39.70842000
-15.00899872,41.59695000
-15.00799872,39.70842000
-15.00699872,39.70842000
-15.00599872,39.70842000
-15.00499872,39.70842000
-15.00399872,41.59695000
-15.00299872,41.59695000
-15.00199872,41.59695000
-15.00099872,43.49163000
-14.99999872,41.59695000
-14.99899872,41.59695000
-14.99799872,41.59695000
-14.99699872,41.59695000
-14.99599872,41.59695000
-14.99499872,41.59695000
-14.99399872,41.59695000
-14.99299872,41.59695000
-14.99199872,41.59695000
-14.99099872,39.70842000
-14.98999872,39.70842000
-14.98899872,39.70842000
-14.98799872,39.70842000
-14.98699872,39.70842000
-14.98599872,39.70842000
-14.98499872,39.70842000
-14.98399872,37.81988000
-14.98299872,37.81988000
-14.98199872,39.70842000
-14.98099872,39.70842000
-14.97999872,37.81988000
-14.97899872,37.81988000
-14.97799872,37.81988000
-14.97699872,37.81988000
-14.97599872,37.81988000
-14.97499872,37.81988000
-14.97399872,35.92520000
-14.97299872,35.92520000
-14.97199872,35.92520000
-14.97099872,35.92520000
-14.96999872,35.92520000
-14.96899872,35.92520000
-14.96799872,35.92520000
-14.96699872,35.92520000
-14.96599872,35.92520000
-14.96499872,35.92520000
-14.96399872,35.92520000
-14.96299872,35.92520000
-14.96199872,35.92520000
-14.96099872,35.92520000
-14.95999872,35.92520000
-14.95899872,35.92520000
-14.95799872,37.81988000
-14.95699872,37.81988000
-14.95599872,37.81988000
-14.95499872,37.81988000
-14.95399872,37.81988000
-14.95299872,37.81988000
-14.95199872,37.81988000
-14.95099872,37.81988000
-14.94999872,37.81988000
-14.94899872,39.70842000
-14.94799872,39.70842000
-14.94699872,39.70842000
-14.94599872,39.70842000
-14.94499872,39.70842000
-14.94399872,39.70842000
-14.94299872,39.70842000
-14.94199872,39.70842000
-14.94099872,41.59695000
-14.93999872,41.59695000
-14.93899872,41.59695000
-14.93799872,41.59695000
-14.93699872,41.59695000
-14.93599872,39.70842000
-14.93499872,39.70842000
-14.93399872,41.59695000
-14.93299872,41.59695000
-14.93199872,41.59695000
-14.93099872,41.59695000
-14.92999872,41.59695000
-14.92899872,41.59695000
-14.92799872,39.70842000
-14.92699872,39.70842000
-14.92599872,39.70842000
-14.92499872,39.70842000
-14.92399872,39.70842000
-14.92299872,39.70842000
-14.92199872,39.70842000
-14.92099872,41.59695000
-14.91999872,41.59695000
-14.91899872,39.70842000
-14.91799872,39.70842000
-14.91699872,37.81988000
-14.91599872,37.81988000
-14.91499872,37.81988000
-14.91399872,37.81988000
-14.91299872,37.81988000
-14.91199872,37.81988000
-14.91099872,35.92520000
-14.90999872,35.92520000
-14.90899872,35.92520000
-14.90799872,35.92520000
-14.90699872,35.92520000
-14.90599872,34.03666000
-14.90499872,34.03666000
-14.90399872,34.03666000
-14.90299872,34.03666000
-14.90199872,32.14198000
-14.90099872,32.14198000
-14.89999872,32.14198000
-14.89899872,32.14198000
-14.89799872,32.14198000
-14.89699872,34.03666000
-14.89599872,34.03666000
-14.89499872,34.03666000
-14.89399872,34.03666000
-14.89299872,32.14198000
-14.89199872,32.14198000
-14.89099872,32.14198000
-14.88999872,32.14198000
-14.88899872,32.14198000
-14.88799872,34.03666000
-14.88699872,34.03666000
-14.88599872,35.92520000
-14.88499872,35.92520000
-14.88399872,37.81988000
-14.88299872,37.81988000
-14.88199872,35.92520000
-14.88099872,35.92520000
-14.87999872,34.03666000
-14.87899872,34.03666000
-14.87799872,35.92520000
-14.87699872,35.92520000
-14.87599872,35.92520000
-14.87499872,37.81988000
-14.87399872,37.81988000
-14.87299872,37.81988000
-14.87199872,37.81988000
-14.87099872,37.81988000
-14.86999872,35.92520000
-14.86899872,37.81988000
-14.86799872,37.81988000
-14.86699872,37.81988000
-14.86599872,39.70842000
-14.86499872,39.70842000
-14.86399872,39.70842000
-14.86299872,39.70842000
-14.86199872,39.70842000
-14.86099872,39.70842000
-14.85999872,37.81988000
-14.85899872,37.81988000
-14.85799872,37.81988000
-14.85699872,39.70842000
-14.85599872,39.70842000
-14.85499872,37.81988000
-14.85399872,37.81988000
-14.85299872,37.81988000
-14.85199872,37.81988000
-14.85099872,37.81988000
-14.84999872,37.81988000
-14.84899872,37.81988000
-14.84799872,37.81988000
-14.84699873,37.81988000
-14.84599873,37.81988000
-14.84499873,37.81988000
-14.84399873,37.81988000
-14.84299873,37.81988000
-14.84199873,35.92520000
-14.84099873,35.92520000
-14.83999873,35.92520000
-14.83899873,35.92520000
-14.83799873,37.81988000
-14.83699873,37.81988000
-14.83599873,37.81988000
-14.83499873,37.81988000
-14.83399873,35.92520000
-14.83299873,35.92520000
-14.83199873,35.92520000
-14.83099873,35.92520000
-14.82999873,35.92520000
-14.82899873,37.81988000
-14.82799873,37.81988000
-14.82699873,37.81988000
-14.82599873,37.81988000
-14.82499873,37.81988000
-14.82399873,35.92520000
-14.82299873,34.03666000
-14.82199873,34.03666000
-14.82099873,35.92520000
-14.81999873,35.92520000
-14.81899873,37.81988000
-14.81799873,37.81988000
-14.81699873,37.81988000
-14.81599873,37.81988000
-14.81499873,37.81988000
-14.81399873,35.92520000
-14.81299873,35.92520000
-14.81199873,35.92520000
-14.81099873,37.81988000
-14.80999873,37.81988000
-14.80899873,37.81988000
-14.80799873,37.81988000
-14.80699873,37.81988000
-14.80599873,37.81988000
-14.80499873,37.81988000
-14.80399873,37.81988000
-14.80299873,37.81988000
-14.80199873,37.81988000
-14.80099873,37.81988000
-14.79999873,37.81988000
-14.79899873,37.81988000
-14.79799873,37.81988000
-14.79699873,37.81988000
-14.79599873,37.81988000
-14.79499873,37.81988000
-14.79399873,37.81988000
-14.79299873,37.81988000
-14.79199873,37.81988000
-14.79099873,37.81988000
-14.78999873,37.81988000
-14.78899873,37.81988000
-14.78799873,37.81988000
-14.78699873,37.81988000
-14.78599873,37.81988000
-14.78499873,37.81988000
-14.78399873,37.81988000
-14.78299873,37.81988000
-14.78199873,37.81988000
-14.78099873,37.81988000
-14.77999873,37.81988000
-14.77899873,37.81988000
-14.77799873,37.81988000
-14.77699873,37.81988000
-14.77599873,37.81988000
-14.77499873,37.81988000
-14.77399873,37.81988000
-14.77299873,37.81988000
-14.77199873,37.81988000
-14.77099873,37.81988000
-14.76999873,37.81988000
-14.76899873,37.81988000
-14.76799873,37.81988000
-14.76699873,35.92520000
-14.76599873,37.81988000
-14.76499873,37.81988000
-14.76399873,37.81988000
-14.76299873,37.81988000
-14.76199873,37.81988000
-14.76099873,37.81988000
-14.75999873,35.92520000
-14.75899873,35.92520000
-14.75799873,35.92520000
-14.75699873,35.92520000
-14.75599873,37.81988000
-14.75499873,37.81988000
-14.75399873,39.70842000
-14.75299873,39.70842000
-14.75199873,39.70842000
-14.75099873,39.70842000
-14.74999873,37.81988000
-14.74899873,37.81988000
-14.74799873,37.81988000
-14.74699873,37.81988000
-14.74599873,35.92520000
-14.74499873,37.81988000
-14.74399873,37.81988000
-14.74299873,37.81988000
-14.74199873,39.70842000
-14.74099873,39.70842000
-14.73999873,37.81988000
-14.73899873,37.81988000
-14.73799873,35.92520000
-14.73699873,35.92520000
-14.73599873,35.92520000
-14.73499873,35.92520000
-14.73399873,37.81988000
-14.73299873,37.81988000
-14.73199873,37.81988000
-14.73099873,37.81988000
-14.72999873,37.81988000
-14.72899873,37.81988000
-14.72799873,39.70842000
-14.72699873,39.70842000
-14.72599873,39.70842000
-14.72499873,37.81988000
-14.72399873,37.81988000
-14.72299873,37.81988000
-14.72199873,35.92520000
-14.72099873,37.81988000
-14.71999873,35.92520000
-14.71899873,35.92520000
-14.71799873,35.92520000
-14.71699873,37.81988000
-14.71599873,35.92520000
-14.71499873,35.92520000
-14.71399873,35.92520000
-14.71299873,35.92520000
-14.71199873,37.81988000
-14.71099873,35.92520000
-14.70999873,35.92520000
-14.70899873,35.92520000
-14.70799873,35.92520000
-14.70699873,37.81988000
-14.70599873,37.81988000
-14.70499873,37.81988000
-14.70399873,37.81988000
-14.70299873,37.81988000
-14.70199873,37.81988000
-14.70099873,37.81988000
-14.69999873,37.81988000
-14.69899873,37.81988000
-14.69799873,37.81988000
-14.69699873,37.81988000
-14.69599873,35.92520000
-14.69499873,35.92520000
-14.69399873,35.92520000
-14.69299873,35.92520000
-14.69199873,35.92520000
-14.69099873,35.92520000
-14.68999873,35.92520000
-14.68899873,37.81988000
-14.68799873,37.81988000
-14.68699873,37.81988000
-14.68599873,37.81988000
-14.68499873,35.92520000
-14.68399873,35.92520000
-14.68299873,35.92520000
-14.68199873,35.92520000
-14.68099873,35.92520000
-14.67999873,35.92520000
-14.67899873,37.81988000
-14.67799873,37.81988000
-14.67699873,37.81988000
-14.67599873,35.92520000
-14.67499873,35.92520000
-14.67399873,35.92520000
-14.67299873,35.92520000
-14.67199873,35.92520000
-14.67099873,35.92520000
-14.66999873,35.92520000
-14.66899873,35.92520000
-14.66799873,35.92520000
-14.66699873,35.92520000
-14.66599873,35.92520000
-14.66499873,35.92520000
-14.66399873,35.92520000
-14.66299873,35.92520000
-14.66199873,35.92520000
-14.66099873,35.92520000
-14.65999873,35.92520000
-14.65899873,37.81988000
-14.65799873,35.92520000
-14.65699873,35.92520000
-14.65599873,35.92520000
-14.65499873,37.81988000
-14.65399873,37.81988000
-14.65299873,37.81988000
-14.65199873,37.81988000
-14.65099873,37.81988000
-14.64999873,35.92520000
-14.64899873,35.92520000
-14.64799873,35.92520000
-14.64699873,35.92520000
-14.64599873,37.81988000
-14.64499873,37.81988000
-14.64399873,37.81988000
-14.64299873,37.81988000
-14.64199873,37.81988000
-14.64099873,37.81988000
-14.63999873,37.81988000
-14.63899873,37.81988000
-14.63799873,37.81988000
-14.63699873,37.81988000
-14.63599873,37.81988000
-14.63499873,39.70842000
-14.63399873,39.70842000
-14.63299873,39.70842000
-14.63199873,39.70842000
-14.63099873,39.70842000
-14.62999873,37.81988000
-14.62899873,37.81988000
-14.62799873,37.81988000
-14.62699873,37.81988000
-14.62599873,37.81988000
-14.62499873,37.81988000
-14.62399873,37.81988000
-14.62299873,37.81988000
-14.62199873,37.81988000
-14.62099873,37.81988000
-14.61999873,37.81988000
-14.61899873,35.92520000
-14.61799873,35.92520000
-14.61699873,35.92520000
-14.61599873,35.92520000
-14.61499873,37.81988000
-14.61399873,35.92520000
-14.61299873,35.92520000
-14.61199873,34.03666000
-14.61099873,34.03666000
-14.60999873,34.03666000
-14.60899873,34.03666000
-14.60799873,34.03666000
-14.60699873,34.03666000
-14.60599873,34.03666000
-14.60499873,34.03666000
-14.60399873,34.03666000
-14.60299873,34.03666000
-14.60199873,34.03666000
-14.60099873,34.03666000
-14.59999873,34.03666000
-14.59899873,34.03666000
-14.59799873,34.03666000
-14.59699873,34.03666000
-14.59599873,34.03666000
-14.59499873,35.92520000
-14.59399873,35.92520000
-14.59299873,34.03666000
-14.59199873,34.03666000
-14.59099873,34.03666000
-14.58999873,34.03666000
-14.58899873,34.03666000
-14.58799873,34.03666000
-14.58699873,34.03666000
-14.58599873,34.03666000
-14.58499873,34.03666000
-14.58399873,34.03666000
-14.58299873,34.03666000
-14.58199873,34.03666000
-14.58099873,34.03666000
-14.57999873,34.03666000
-14.57899873,35.92520000
-14.57799873,35.92520000
-14.57699873,35.92520000
-14.57599873,35.92520000
-14.57499873,35.92520000
-14.57399873,35.92520000
-14.57299873,35.92520000
-14.57199873,34.03666000
-14.57099873,35.92520000
-14.56999873,35.92520000
-14.56899873,35.92520000
-14.56799873,35.92520000
-14.56699873,37.81988000
-14.56599873,35.92520000
-14.56499873,35.92520000
-14.56399873,35.92520000
-14.56299873,35.92520000
-14.56199873,34.03666000
-14.56099873,35.92520000
-14.55999873,35.92520000
-14.55899873,35.92520000
-14.55799873,37.81988000
-14.55699873,35.92520000
-14.55599873,35.92520000
-14.55499873,35.92520000
-14.55399873,35.92520000
-14.55299873,35.92520000
-14.55199873,34.03666000
-14.55099873,34.03666000
-14.54999873,35.92520000
-14.54899873,35.92520000
-14.54799873,35.92520000
-14.54699873,35.92520000
-14.54599873,34.03666000
-14.54499873,34.03666000
-14.54399873,34.03666000
-14.54299873,34.03666000
-14.54199873,34.03666000
-14.54099873,34.03666000
-14.53999873,34.03666000
-14.53899873,34.03666000
-14.53799873,35.92520000
-14.53699873,35.92520000
-14.53599873,34.03666000
-14.53499873,32.14198000
-14.53399873,32.14198000
-14.53299873,34.03666000
-14.53199873,34.03666000
-14.53099873,34.03666000
-14.52999873,34.03666000
-14.52899873,34.03666000
-14.52799873,34.03666000
-14.52699873,34.03666000
-14.52599873,34.03666000
-14.52499873,34.03666000
-14.52399873,34.03666000
-14.52299873,34.03666000
-14.52199873,34.03666000
-14.52099873,35.92520000
-14.51999873,34.03666000
-14.51899873,34.03666000
-14.51799873,34.03666000
-14.51699873,32.14198000
-14.51599873,32.14198000
-14.51499873,34.03666000
-14.51399873,34.03666000
-14.51299873,35.92520000
-14.51199873,35.92520000
-14.51099873,35.92520000
-14.50999873,37.81988000
-14.50899873,35.92520000
-14.50799873,34.03666000
-14.50699873,34.03666000
-14.50599873,34.03666000
-14.50499873,34.03666000
-14.50399873,35.92520000
-14.50299873,37.81988000
-14.50199873,37.81988000
-14.50099873,39.70842000
-14.49999873,39.70842000
-14.49899873,37.81988000
-14.49799873,37.81988000
-14.49699873,35.92520000
-14.49599873,35.92520000
-14.49499873,35.92520000
-14.49399873,37.81988000
-14.49299874,37.81988000
-14.49199874,37.81988000
-14.49099874,37.81988000
-14.48999874,37.81988000
-14.48899874,37.81988000
-14.48799874,37.81988000
-14.48699874,37.81988000
-14.48599874,37.81988000
-14.48499874,37.81988000
-14.48399874,37.81988000
-14.48299874,37.81988000
-14.48199874,37.81988000
-14.48099874,39.70842000
-14.47999874,37.81988000
-14.47899874,37.81988000
-14.47799874,37.81988000
-14.47699874,37.81988000
-14.47599874,37.81988000
-14.47499874,37.81988000
-14.47399874,37.81988000
-14.47299874,37.81988000
-14.47199874,37.81988000
-14.47099874,37.81988000
-14.46999874,37.81988000
-14.46899874,35.92520000
-14.46799874,35.92520000
-14.46699874,35.92520000
-14.46599874,37.81988000
-14.46499874,37.81988000
-14.46399874,37.81988000
-14.46299874,35.92520000
-14.46199874,35.92520000
-14.46099874,35.92520000
-14.45999874,35.92520000
-14.45899874,37.81988000
-14.45799874,37.81988000
-14.45699874,37.81988000
-14.45599874,37.81988000
-14.45499874,37.81988000
-14.45399874,37.81988000
-14.45299874,35.92520000
-14.45199874,34.03666000
-14.45099874,34.03666000
-14.44999874,34.03666000
-14.44899874,35.92520000
-14.44799874,37.81988000
-14.44699874,37.81988000
-14.44599874,37.81988000
-14.44499874,37.81988000
-14.44399874,35.92520000
-14.44299874,35.92520000
-14.44199874,34.03666000
-14.44099874,34.03666000
-14.43999874,34.03666000
-14.43899874,34.03666000
-14.43799874,35.92520000
-14.43699874,37.81988000
-14.43599874,37.81988000
-14.43499874,37.81988000
-14.43399874,37.81988000
-14.43299874,37.81988000
-14.43199874,35.92520000
-14.43099874,35.92520000
-14.42999874,35.92520000
-14.42899874,35.92520000
-14.42799874,37.81988000
-14.42699874,39.70842000
-14.42599874,39.70842000
-14.42499874,39.70842000
-14.42399874,39.70842000
-14.42299874,37.81988000
-14.42199874,37.81988000
-14.42099874,37.81988000
-14.41999874,37.81988000
-14.41899874,37.81988000
-14.41799874,37.81988000
-14.41699874,39.70842000
-14.41599874,39.70842000
-14.41499874,39.70842000
-14.41399874,39.70842000
-14.41299874,39.70842000
-14.41199874,37.81988000
-14.41099874,39.70842000
-14.40999874,39.70842000
-14.40899874,39.70842000
-14.40799874,39.70842000
-14.40699874,39.70842000
-14.40599874,39.70842000
-14.40499874,39.70842000
-14.40399874,39.70842000
-14.40299874,39.70842000
-14.40199874,39.70842000
-14.40099874,39.70842000
-14.39999874,37.81988000
-14.39899874,37.81988000
-14.39799874,37.81988000
-14.39699874,35.92520000
-14.39599874,35.92520000
-14.39499874,35.92520000
-14.39399874,35.92520000
-14.39299874,37.81988000
-14.39199874,37.81988000
-14.39099874,37.81988000
-14.38999874,37.81988000
-14.38899874,37.81988000
-14.38799874,37.81988000
-14.38699874,37.81988000
-14.38599874,35.92520000
-14.38499874,35.92520000
-14.38399874,35.92520000
-14.38299874,35.92520000
-14.38199874,37.81988000
-14.38099874,37.81988000
-14.37999874,37.81988000
-14.37899874,37.81988000
-14.37799874,37.81988000
-14.37699874,35.92520000
-14.37599874,35.92520000
-14.37499874,35.92520000
-14.37399874,35.92520000
-14.37299874,35.92520000
-14.37199874,35.92520000
-14.37099874,37.81988000
-14.36999874,39.70842000
-14.36899874,39.70842000
-14.36799874,39.70842000
-14.36699874,39.70842000
-14.36599874,37.81988000
-14.36499874,37.81988000
-14.36399874,37.81988000
-14.36299874,37.81988000
-14.36199874,37.81988000
-14.36099874,39.70842000
-14.35999874,39.70842000
-14.35899874,39.70842000
-14.35799874,39.70842000
-14.35699874,39.70842000
-14.35599874,39.70842000
-14.35499874,39.70842000
-14.35399874,39.70842000
-14.35299874,39.70842000
-14.35199874,39.70842000
-14.35099874,39.70842000
-14.34999874,39.70842000
-14.34899874,39.70842000
-14.34799874,39.70842000
-14.34699874,39.70842000
-14.34599874,39.70842000
-14.34499874,39.70842000
-14.34399874,39.70842000
-14.34299874,39.70842000
-14.34199874,39.70842000
-14.34099874,39.70842000
-14.33999874,39.70842000
-14.33899874,39.70842000
-14.33799874,39.70842000
-14.33699874,41.59695000
-14.33599874,39.70842000
-14.33499874,39.70842000
-14.33399874,39.70842000
-14.33299874,39.70842000
-14.33199874,39.70842000
-14.33099874,39.70842000
-14.32999874,37.81988000
-14.32899874,37.81988000
-14.32799874,37.81988000
-14.32699874,39.70842000
-14.32599874,39.70842000
-14.32499874,39.70842000
-14.32399874,39.70842000
-14.32299874,39.70842000
-14.32199874,39.70842000
-14.32099874,39.70842000
-14.31999874,37.81988000
-14.31899874,37.81988000
-14.31799874,37.81988000
-14.31699874,37.81988000
-14.31599874,39.70842000
-14.31499874,39.70842000
-14.31399874,39.70842000
-14.31299874,41.59695000
-14.31199874,41.59695000
-14.31099874,39.70842000
-14.30999874,39.70842000
-14.30899874,37.81988000
-14.30799874,37.81988000
-14.30699874,37.81988000
-14.30599874,39.70842000
-14.30499874,39.70842000
-14.30399874,39.70842000
-14.30299874,39.70842000
-14.30199874,39.70842000
-14.30099874,39.70842000
-14.29999874,39.70842000
-14.29899874,39.70842000
-14.29799874,39.70842000
-14.29699874,39.70842000
-14.29599874,39.70842000
-14.29499874,39.70842000
-14.29399874,41.59695000
-14.29299874,41.59695000
-14.29199874,41.59695000
-14.29099874,41.59695000
-14.28999874,41.59695000
-14.28899874,41.59695000
-14.28799874,39.70842000
-14.28699874,39.70842000
-14.28599874,41.59695000
-14.28499874,41.59695000
-14.28399874,41.59695000
-14.28299874,41.59695000
-14.28199874,41.59695000
-14.28099874,41.59695000
-14.27999874,41.59695000
-14.27899874,41.59695000
-14.27799874,41.59695000
-14.27699874,41.59695000
-14.27599874,39.70842000
-14.27499874,41.59695000
-14.27399874,41.59695000
-14.27299874,41.59695000
-14.27199874,41.59695000
-14.27099874,41.59695000
-14.26999874,41.59695000
-14.26899874,39.70842000
-14.26799874,39.70842000
-14.26699874,39.70842000
-14.26599874,39.70842000
-14.26499874,41.59695000
-14.26399874,39.70842000
-14.26299874,39.70842000
-14.26199874,39.70842000
-14.26099874,41.59695000
-14.25999874,41.59695000
-14.25899874,41.59695000
-14.25799874,39.70842000
-14.25699874,41.59695000
-14.25599874,39.70842000
-14.25499874,39.70842000
-14.25399874,41.59695000
-14.25299874,39.70842000
-14.25199874,39.70842000
-14.25099874,39.70842000
-14.24999874,39.70842000
-14.24899874,39.70842000
-14.24799874,39.70842000
-14.24699874,39.70842000
-14.24599874,39.70842000
-14.24499874,39.70842000
-14.24399874,41.59695000
-14.24299874,41.59695000
-14.24199874,39.70842000
-14.24099874,39.70842000
-14.23999874,39.70842000
-14.23899874,39.70842000
-14.23799874,39.70842000
-14.23699874,39.70842000
-14.23599874,39.70842000
-14.23499874,41.59695000
-14.23399874,41.59695000
-14.23299874,41.59695000
-14.23199874,39.70842000
-14.23099874,39.70842000
-14.22999874,37.81988000
-14.22899874,37.81988000
-14.22799874,37.81988000
-14.22699874,39.70842000
-14.22599874,39.70842000
-14.22499874,41.59695000
-14.22399874,41.59695000
-14.22299874,41.59695000
-14.22199874,41.59695000
-14.22099874,39.70842000
-14.21999874,39.70842000
-14.21899874,39.70842000
-14.21799874,39.70842000
-14.21699874,39.70842000
-14.21599874,41.59695000
-14.21499874,41.59695000
-14.21399874,41.59695000
-14.21299874,41.59695000
-14.21199874,39.70842000
-14.21099874,39.70842000
-14.20999874,39.70842000
-14.20899874,39.70842000
-14.20799874,39.70842000
-14.20699874,41.59695000
-14.20599874,41.59695000
-14.20499874,43.49163000
-14.20399874,41.59695000
-14.20299874,41.59695000
-14.20199874,39.70842000
-14.20099874,39.70842000
-14.19999874,39.70842000
-14.19899874,39.70842000
-14.19799874,39.70842000
-14.19699874,39.70842000
-14.19599874,41.59695000
-14.19499874,41.59695000
-14.19399874,43.49163000
-14.19299874,43.49163000
-14.19199874,43.49163000
-14.19099874,41.59695000
-14.18999874,41.59695000
-14.18899874,39.70842000
-14.18799874,39.70842000
-14.18699874,39.70842000
-14.18599874,39.70842000
-14.18499874,39.70842000
-14.18399874,41.59695000
-14.18299874,41.59695000
-14.18199874,41.59695000
-14.18099874,43.49163000
-14.17999874,43.49163000
-14.17899874,43.49163000
-14.17799874,43.49163000
-14.17699874,41.59695000
-14.17599874,39.70842000
-14.17499874,37.81988000
-14.17399874,37.81988000
-14.17299874,37.81988000
-14.17199874,39.70842000
-14.17099874,41.59695000
-14.16999874,41.59695000
-14.16899874,43.49163000
-14.16799874,43.49163000
-14.16699874,43.49163000
-14.16599874,41.59695000
-14.16499874,39.70842000
-14.16399874,37.81988000
-14.16299874,37.81988000
-14.16199874,37.81988000
-14.16099874,39.70842000
-14.15999874,41.59695000
-14.15899874,41.59695000
-14.15799874,43.49163000
-14.15699874,43.49163000
-14.15599874,43.49163000
-14.15499874,41.59695000
-14.15399874,39.70842000
-14.15299874,39.70842000
-14.15199874,39.70842000
-14.15099874,39.70842000
-14.14999874,39.70842000
-14.14899874,41.59695000
-14.14799874,41.59695000
-14.14699874,41.59695000
-14.14599874,43.49163000
-14.14499874,43.49163000
-14.14399874,43.49163000
-14.14299874,41.59695000
-14.14199874,41.59695000
-14.14099874,41.59695000
-14.13999874,41.59695000
-14.13899875,41.59695000
-14.13799875,41.59695000
-14.13699875,41.59695000
-14.13599875,41.59695000
-14.13499875,39.70842000
-14.13399875,41.59695000
-14.13299875,43.49163000
-14.13199875,43.49163000
-14.13099875,43.49163000
-14.12999875,43.49163000
-14.12899875,43.49163000
-14.12799875,41.59695000
-14.12699875,39.70842000
-14.12599875,39.70842000
-14.12499875,41.59695000
-14.12399875,41.59695000
-14.12299875,43.49163000
-14.12199875,43.49163000
-14.12099875,43.49163000
-14.11999875,43.49163000
-14.11899875,43.49163000
-14.11799875,43.49163000
-14.11699875,41.59695000
-14.11599875,39.70842000
-14.11499875,39.70842000
-14.11399875,39.70842000
-14.11299875,41.59695000
-14.11199875,41.59695000
-14.11099875,43.49163000
-14.10999875,43.49163000
-14.10899875,43.49163000
-14.10799875,43.49163000
-14.10699875,41.59695000
-14.10599875,41.59695000
-14.10499875,41.59695000
-14.10399875,41.59695000
-14.10299875,41.59695000
-14.10199875,41.59695000
-14.10099875,41.59695000
-14.09999875,41.59695000
-14.09899875,43.49163000
-14.09799875,41.59695000
-14.09699875,43.49163000
-14.09599875,41.59695000
-14.09499875,41.59695000
-14.09399875,43.49163000
-14.09299875,43.49163000
-14.09199875,41.59695000
-14.09099875,41.59695000
-14.08999875,41.59695000
-14.08899875,41.59695000
-14.08799875,41.59695000
-14.08699875,41.59695000
-14.08599875,43.49163000
-14.08499875,43.49163000
-14.08399875,43.49163000
-14.08299875,43.49163000
-14.08199875,43.49163000
-14.08099875,43.49163000
-14.07999875,41.59695000
-14.07899875,41.59695000
-14.07799875,41.59695000
-14.07699875,41.59695000
-14.07599875,43.49163000
-14.07499875,43.49163000
-14.07399875,43.49163000
-14.07299875,43.49163000
-14.07199875,43.49163000
-14.07099875,43.49163000
-14.06999875,41.59695000
-14.06899875,41.59695000
-14.06799875,41.59695000
-14.06699875,41.59695000
-14.06599875,43.49163000
-14.06499875,45.38017000
-14.06399875,43.49163000
-14.06299875,43.49163000
-14.06199875,43.49163000
-14.06099875,43.49163000
-14.05999875,41.59695000
-14.05899875,41.59695000
-14.05799875,41.59695000
-14.05699875,43.49163000
-14.05599875,43.49163000
-14.05499875,45.38017000
-14.05399875,45.38017000
-14.05299875,45.38017000
-14.05199875,43.49163000
-14.05099875,41.59695000
-14.04999875,41.59695000
-14.04899875,43.49163000
-14.04799875,43.49163000
-14.04699875,43.49163000
-14.04599875,45.38017000
-14.04499875,45.38017000
-14.04399875,45.38017000
-14.04299875,45.38017000
-14.04199875,43.49163000
-14.04099875,43.49163000
-14.03999875,43.49163000
-14.03899875,43.49163000
-14.03799875,43.49163000
-14.03699875,45.38017000
-14.03599875,45.38017000
-14.03499875,45.38017000
-14.03399875,45.38017000
-14.03299875,45.38017000
-14.03199875,45.38017000
-14.03099875,43.49163000
-14.02999875,43.49163000
-14.02899875,43.49163000
-14.02799875,43.49163000
-14.02699875,43.49163000
-14.02599875,43.49163000
-14.02499875,45.38017000
-14.02399875,45.38017000
-14.02299875,43.49163000
-14.02199875,45.38017000
-14.02099875,45.38017000
-14.01999875,45.38017000
-14.01899875,45.38017000
-14.01799875,43.49163000
-14.01699875,43.49163000
-14.01599875,43.49163000
-14.01499875,45.38017000
-14.01399875,45.38017000
-14.01299875,45.38017000
-14.01199875,45.38017000
-14.01099875,45.38017000
-14.00999875,45.38017000
-14.00899875,45.38017000
-14.00799875,43.49163000
-14.00699875,43.49163000
-14.00599875,41.59695000
-14.00499875,41.59695000
-14.00399875,41.59695000
-14.00299875,41.59695000
-14.00199875,43.49163000
-14.00099875,43.49163000
-13.99999875,45.38017000
-13.99899875,45.38017000
-13.99799875,47.27485000
-13.99699875,45.38017000
-13.99599875,45.38017000
-13.99499875,43.49163000
-13.99399875,43.49163000
-13.99299875,43.49163000
-13.99199875,41.59695000
-13.99099875,41.59695000
-13.98999875,43.49163000
-13.98899875,43.49163000
-13.98799875,45.38017000
-13.98699875,45.38017000
-13.98599875,45.38017000
-13.98499875,45.38017000
-13.98399875,43.49163000
-13.98299875,43.49163000
-13.98199875,43.49163000
-13.98099875,43.49163000
-13.97999875,43.49163000
-13.97899875,43.49163000
-13.97799875,43.49163000
-13.97699875,45.38017000
-13.97599875,47.27485000
-13.97499875,47.27485000
-13.97399875,47.27485000
-13.97299875,47.27485000
-13.97199875,45.38017000
-13.97099875,45.38017000
-13.96999875,43.49163000
-13.96899875,43.49163000
-13.96799875,43.49163000
-13.96699875,45.38017000
-13.96599875,45.38017000
-13.96499875,45.38017000
-13.96399875,47.27485000
-13.96299875,47.27485000
-13.96199875,45.38017000
-13.96099875,45.38017000
-13.95999875,45.38017000
-13.95899875,45.38017000
-13.95799875,45.38017000
-13.95699875,45.38017000
-13.95599875,45.38017000
-13.95499875,47.27485000
-13.95399875,47.27485000
-13.95299875,49.16338000
-13.95199875,47.27485000
-13.95099875,47.27485000
-13.94999875,45.38017000
-13.94899875,45.38017000
-13.94799875,45.38017000
-13.94699875,45.38017000
-13.94599875,45.38017000
-13.94499875,47.27485000
-13.94399875,47.27485000
-13.94299875,47.27485000
-13.94199875,47.27485000
-13.94099875,47.27485000
-13.93999875,45.38017000
-13.93899875,45.38017000
-13.93799875,45.38017000
-13.93699875,45.38017000
-13.93599875,45.38017000
-13.93499875,45.38017000
-13.93399875,45.38017000
-13.93299875,45.38017000
-13.93199875,45.38017000
-13.93099875,45.38017000
-13.92999875,45.38017000
-13.92899875,45.38017000
-13.92799875,45.38017000
-13.92699875,45.38017000
-13.92599875,45.38017000
-13.92499875,45.38017000
-13.92399875,45.38017000
-13.92299875,45.38017000
-13.92199875,45.38017000
-13.92099875,45.38017000
-13.91999875,45.38017000
-13.91899875,45.38017000
-13.91799875,45.38017000
-13.91699875,45.38017000
-13.91599875,45.38017000
-13.91499875,45.38017000
-13.91399875,45.38017000
-13.91299875,45.38017000
-13.91199875,45.38017000
-13.91099875,45.38017000
-13.90999875,47.27485000
-13.90899875,47.27485000
-13.90799875,47.27485000
-13.90699875,47.27485000
-13.90599875,47.27485000
-13.90499875,47.27485000
-13.90399875,47.27485000
-13.90299875,47.27485000
-13.90199875,47.27485000
-13.90099875,47.27485000
-13.89999875,47.27485000
-13.89899875,47.27485000
-13.89799875,47.27485000
-13.89699875,47.27485000
-13.89599875,47.27485000
-13.89499875,45.38017000
-13.89399875,47.27485000
-13.89299875,47.27485000
-13.89199875,47.27485000
-13.89099875,49.16338000
-13.88999875,47.27485000
-13.88899875,49.16338000
-13.88799875,47.27485000
-13.88699875,47.27485000
-13.88599875,47.27485000
-13.88499875,47.27485000
-13.88399875,45.38017000
-13.88299875,45.38017000
-13.88199875,47.27485000
-13.88099875,47.27485000
-13.87999875,47.27485000
-13.87899875,47.27485000
-13.87799875,47.27485000
-13.87699875,47.27485000
-13.87599875,45.38017000
-13.87499875,45.38017000
-13.87399875,45.38017000
-13.87299875,45.38017000
-13.87199875,45.38017000
-13.87099875,47.27485000
-13.86999875,47.27485000
-13.86899875,47.27485000
-13.86799875,45.38017000
-13.86699875,45.38017000
-13.86599875,45.38017000
-13.86499875,45.38017000
-13.86399875,45.38017000
-13.86299875,45.38017000
-13.86199875,45.38017000
-13.86099875,45.38017000
-13.85999875,45.38017000
-13.85899875,47.27485000
-13.85799875,45.38017000
-13.85699875,45.38017000
-13.85599875,45.38017000
-13.85499875,45.38017000
-13.85399875,45.38017000
-13.85299875,47.27485000
-13.85199875,47.27485000
-13.85099875,47.27485000
-13.84999875,45.38017000
-13.84899875,47.27485000
-13.84799875,45.38017000
-13.84699875,45.38017000
-13.84599875,45.38017000
-13.84499875,45.38017000
-13.84399875,47.27485000
-13.84299875,47.27485000
-13.84199875,47.27485000
-13.84099875,47.27485000
-13.83999875,47.27485000
-13.83899875,47.27485000
-13.83799875,47.27485000
-13.83699875,47.27485000
-13.83599875,45.38017000
-13.83499875,45.38017000
-13.83399875,45.38017000
-13.83299875,47.27485000
-13.83199875,47.27485000
-13.83099875,47.27485000
-13.82999875,45.38017000
-13.82899875,45.38017000
-13.82799875,43.49163000
-13.82699875,43.49163000
-13.82599875,43.49163000
-13.82499875,45.38017000
-13.82399875,45.38017000
-13.82299875,45.38017000
-13.82199875,45.38017000
-13.82099875,43.49163000
-13.81999875,43.49163000
-13.81899875,43.49163000
-13.81799875,43.49163000
-13.81699875,43.49163000
-13.81599875,43.49163000
-13.81499875,43.49163000
-13.81399875,45.38017000
-13.81299875,45.38017000
-13.81199875,43.49163000
-13.81099875,43.49163000
-13.80999875,43.49163000
-13.80899875,41.59695000
-13.80799875,41.59695000
-13.80699875,41.59695000
-13.80599875,43.49163000
-13.80499875,43.49163000
-13.80399875,43.49163000
-13.80299875,43.49163000
-13.80199875,43.49163000
-13.80099875,43.49163000
-13.79999875,43.49163000
-13.79899875,43.49163000
-13.79799875,43.49163000
-13.79699875,43.49163000
-13.79599875,45.38017000
-13.79499875,45.38017000
-13.79399875,45.38017000
-13.79299875,47.27485000
-13.79199875,45.38017000
-13.79099875,45.38017000
-13.78999875,45.38017000
-13.78899875,45.38017000
-13.78799875,45.38017000
-13.78699875,45.38017000
-13.78599876,47.27485000
-13.78499876,47.27485000
-13.78399876,47.27485000
-13.78299876,47.27485000
-13.78199876,47.27485000
-13.78099876,47.27485000
-13.77999876,47.27485000
-13.77899876,47.27485000
-13.77799876,49.16338000
-13.77699876,49.16338000
-13.77599876,47.27485000
-13.77499876,47.27485000
-13.77399876,47.27485000
-13.77299876,47.27485000
-13.77199876,47.27485000
-13.77099876,47.27485000
-13.76999876,47.27485000
-13.76899876,49.16338000
-13.76799876,49.16338000
-13.76699876,49.16338000
-13.76599876,49.16338000
-13.76499876,49.16338000
-13.76399876,47.27485000
-13.76299876,47.27485000
-13.76199876,47.27485000
-13.76099876,47.27485000
-13.75999876,47.27485000
-13.75899876,49.16338000
-13.75799876,49.16338000
-13.75699876,49.16338000
-13.75599876,49.16338000
-13.75499876,47.27485000
-13.75399876,47.27485000
-13.75299876,47.27485000
-13.75199876,47.27485000
-13.75099876,47.27485000
-13.74999876,47.27485000
-13.74899876,49.16338000
-13.74799876,49.16338000
-13.74699876,49.16338000
-13.74599876,47.27485000
-13.74499876,47.27485000
-13.74399876,47.27485000
-13.74299876,47.27485000
-13.74199876,47.27485000
-13.74099876,49.16338000
-13.73999876,49.16338000
-13.73899876,49.16338000
-13.73799876,49.16338000
-13.73699876,49.16338000
-13.73599876,47.27485000
-13.73499876,45.38017000
-13.73399876,45.38017000
-13.73299876,45.38017000
-13.73199876,47.27485000
-13.73099876,47.27485000
-13.72999876,49.16338000
-13.72899876,49.16338000
-13.72799876,49.16338000
-13.72699876,49.16338000
-13.72599876,49.16338000
-13.72499876,49.16338000
-13.72399876,47.27485000
-13.72299876,47.27485000
-13.72199876,47.27485000
-13.72099876,49.16338000
-13.71999876,49.16338000
-13.71899876,49.16338000
-13.71799876,49.16338000
-13.71699876,49.16338000
-13.71599876,49.16338000
-13.71499876,49.16338000
-13.71399876,49.16338000
-13.71299876,49.16338000
-13.71199876,49.16338000
-13.71099876,49.16338000
-13.70999876,49.16338000
-13.70899876,47.27485000
-13.70799876,47.27485000
-13.70699876,47.27485000
-13.70599876,47.27485000
-13.70499876,49.16338000
-13.70399876,49.16338000
-13.70299876,49.16338000
-13.70199876,51.05191000
-13.70099876,51.05191000
-13.69999876,51.05191000
-13.69899876,49.16338000
-13.69799876,49.16338000
-13.69699876,49.16338000
-13.69599876,49.16338000
-13.69499876,51.05191000
-13.69399876,52.94660000
-13.69299876,52.94660000
-13.69199876,54.83513000
-13.69099876,54.83513000
-13.68999876,52.94660000
-13.68899876,52.94660000
-13.68799876,51.05191000
-13.68699876,51.05191000
-13.68599876,51.05191000
-13.68499876,52.94660000
-13.68399876,52.94660000
-13.68299876,54.83513000
-13.68199876,54.83513000
-13.68099876,56.72982000
-13.67999876,56.72982000
-13.67899876,54.83513000
-13.67799876,52.94660000
-13.67699876,52.94660000
-13.67599876,52.94660000
-13.67499876,52.94660000
-13.67399876,52.94660000
-13.67299876,54.83513000
-13.67199876,54.83513000
-13.67099876,54.83513000
-13.66999876,54.83513000
-13.66899876,54.83513000
-13.66799876,52.94660000
-13.66699876,52.94660000
-13.66599876,52.94660000
-13.66499876,52.94660000
-13.66399876,52.94660000
-13.66299876,52.94660000
-13.66199876,51.05191000
-13.66099876,51.05191000
-13.65999876,51.05191000
-13.65899876,51.05191000
-13.65799876,51.05191000
-13.65699876,52.94660000
-13.65599876,51.05191000
-13.65499876,51.05191000
-13.65399876,51.05191000
-13.65299876,51.05191000
-13.65199876,49.16338000
-13.65099876,49.16338000
-13.64999876,49.16338000
-13.64899876,49.16338000
-13.64799876,49.16338000
-13.64699876,49.16338000
-13.64599876,49.16338000
-13.64499876,49.16338000
-13.64399876,49.16338000
-13.64299876,47.27485000
-13.64199876,47.27485000
-13.64099876,47.27485000
-13.63999876,47.27485000
-13.63899876,49.16338000
-13.63799876,49.16338000
-13.63699876,49.16338000
-13.63599876,49.16338000
-13.63499876,47.27485000
-13.63399876,47.27485000
-13.63299876,47.27485000
-13.63199876,47.27485000
-13.63099876,47.27485000
-13.62999876,47.27485000
-13.62899876,47.27485000
-13.62799876,45.38017000
-13.62699876,45.38017000
-13.62599876,47.27485000
-13.62499876,47.27485000
-13.62399876,49.16338000
-13.62299876,49.16338000
-13.62199876,49.16338000
-13.62099876,47.27485000
-13.61999876,47.27485000
-13.61899876,49.16338000
-13.61799876,49.16338000
-13.61699876,51.05191000
-13.61599876,52.94660000
-13.61499876,52.94660000
-13.61399876,52.94660000
-13.61299876,52.94660000
-13.61199876,52.94660000
-13.61099876,52.94660000
-13.60999876,52.94660000
-13.60899876,52.94660000
-13.60799876,52.94660000
-13.60699876,52.94660000
-13.60599876,51.05191000
-13.60499876,51.05191000
-13.60399876,51.05191000
-13.60299876,52.94660000
-13.60199876,52.94660000
-13.60099876,54.83513000
-13.59999876,52.94660000
-13.59899876,51.05191000
-13.59799876,49.16338000
-13.59699876,49.16338000
-13.59599876,49.16338000
-13.59499876,51.05191000
-13.59399876,51.05191000
-13.59299876,52.94660000
-13.59199876,52.94660000
-13.59099876,52.94660000
-13.58999876,51.05191000
-13.58899876,51.05191000
-13.58799876,49.16338000
-13.58699876,49.16338000
-13.58599876,49.16338000
-13.58499876,49.16338000
-13.58399876,49.16338000
-13.58299876,51.05191000
-13.58199876,52.94660000
-13.58099876,54.83513000
-13.57999876,54.83513000
-13.57899876,52.94660000
-13.57799876,51.05191000
-13.57699876,49.16338000
-13.57599876,47.27485000
-13.57499876,49.16338000
-13.57399876,49.16338000
-13.57299876,49.16338000
-13.57199876,51.05191000
-13.57099876,51.05191000
-13.56999876,51.05191000
-13.56899876,52.94660000
-13.56799876,51.05191000
-13.56699876,51.05191000
-13.56599876,49.16338000
-13.56499876,47.27485000
-13.56399876,47.27485000
-13.56299876,47.27485000
-13.56199876,47.27485000
-13.56099876,49.16338000
-13.55999876,49.16338000
-13.55899876,51.05191000
-13.55799876,51.05191000
-13.55699876,52.94660000
-13.55599876,54.83513000
-13.55499876,54.83513000
-13.55399876,52.94660000
-13.55299876,51.05191000
-13.55199876,49.16338000
-13.55099876,47.27485000
-13.54999876,47.27485000
-13.54899876,47.27485000
-13.54799876,47.27485000
-13.54699876,49.16338000
-13.54599876,49.16338000
-13.54499876,51.05191000
-13.54399876,51.05191000
-13.54299876,51.05191000
-13.54199876,49.16338000
-13.54099876,47.27485000
-13.53999876,47.27485000
-13.53899876,49.16338000
-13.53799876,51.05191000
-13.53699876,52.94660000
-13.53599876,52.94660000
-13.53499876,52.94660000
-13.53399876,52.94660000
-13.53299876,52.94660000
-13.53199876,52.94660000
-13.53099876,52.94660000
-13.52999876,52.94660000
-13.52899876,52.94660000
-13.52799876,51.05191000
-13.52699876,51.05191000
-13.52599876,51.05191000
-13.52499876,51.05191000
-13.52399876,52.94660000
-13.52299876,51.05191000
-13.52199876,51.05191000
-13.52099876,51.05191000
-13.51999876,51.05191000
-13.51899876,51.05191000
-13.51799876,52.94660000
-13.51699876,52.94660000
-13.51599876,52.94660000
-13.51499876,52.94660000
-13.51399876,52.94660000
-13.51299876,52.94660000
-13.51199876,52.94660000
-13.51099876,51.05191000
-13.50999876,51.05191000
-13.50899876,52.94660000
-13.50799876,54.83513000
-13.50699876,54.83513000
-13.50599876,54.83513000
-13.50499876,54.83513000
-13.50399876,52.94660000
-13.50299876,51.05191000
-13.50199876,51.05191000
-13.50099876,49.16338000
-13.49999876,49.16338000
-13.49899876,49.16338000
-13.49799876,49.16338000
-13.49699876,51.05191000
-13.49599876,51.05191000
-13.49499876,51.05191000
-13.49399876,51.05191000
-13.49299876,51.05191000
-13.49199876,51.05191000
-13.49099876,52.94660000
-13.48999876,51.05191000
-13.48899876,52.94660000
-13.48799876,51.05191000
-13.48699876,52.94660000
-13.48599876,52.94660000
-13.48499876,52.94660000
-13.48399876,51.05191000
-13.48299876,51.05191000
-13.48199876,51.05191000
-13.48099876,51.05191000
-13.47999876,51.05191000
-13.47899876,51.05191000
-13.47799876,51.05191000
-13.47699876,51.05191000
-13.47599876,49.16338000
-13.47499876,49.16338000
-13.47399876,49.16338000
-13.47299876,49.16338000
-13.47199876,51.05191000
-13.47099876,51.05191000
-13.46999876,51.05191000
-13.46899876,52.94660000
-13.46799876,51.05191000
-13.46699876,51.05191000
-13.46599876,51.05191000
-13.46499876,52.94660000
-13.46399876,52.94660000
-13.46299876,54.83513000
-13.46199876,54.83513000
-13.46099876,56.72982000
-13.45999876,56.72982000
-13.45899876,54.83513000
-13.45799876,52.94660000
-13.45699876,52.94660000
-13.45599876,51.05191000
-13.45499876,51.05191000
-13.45399876,52.94660000
-13.45299876,52.94660000
-13.45199876,54.83513000
-13.45099876,56.72982000
-13.44999876,56.72982000
-13.44899876,56.72982000
-13.44799876,54.83513000
-13.44699876,54.83513000
-13.44599876,54.83513000
-13.44499876,54.83513000
-13.44399876,56.72982000
-13.44299876,58.61835000
-13.44199876,58.61835000
-13.44099876,60.51304000
-13.43999876,60.51304000
-13.43899876,60.51304000
-13.43799876,58.61835000
-13.43699876,58.61835000
-13.43599876,58.61835000
-13.43499876,58.61835000
-13.43399876,58.61835000
-13.43299876,58.61835000
-13.43199877,56.72982000
-13.43099877,56.72982000
-13.42999877,56.72982000
-13.42899877,56.72982000
-13.42799877,54.83513000
-13.42699877,54.83513000
-13.42599877,54.83513000
-13.42499877,54.83513000
-13.42399877,56.72982000
-13.42299877,56.72982000
-13.42199877,56.72982000
-13.42099877,56.72982000
-13.41999877,54.83513000
-13.41899877,52.94660000
-13.41799877,52.94660000
-13.41699877,52.94660000
-13.41599877,54.83513000
-13.41499877,54.83513000
-13.41399877,54.83513000
-13.41299877,56.72982000
-13.41199877,54.83513000
-13.41099877,54.83513000
-13.40999877,52.94660000
-13.40899877,52.94660000
-13.40799877,51.05191000
-13.40699877,51.05191000
-13.40599877,51.05191000
-13.40499877,51.05191000
-13.40399877,51.05191000
-13.40299877,52.94660000
-13.40199877,52.94660000
-13.40099877,52.94660000
-13.39999877,51.05191000
-13.39899877,51.05191000
-13.39799877,51.05191000
-13.39699877,52.94660000
-13.39599877,52.94660000
-13.39499877,52.94660000
-13.39399877,52.94660000
-13.39299877,54.83513000
-13.39199877,54.83513000
-13.39099877,54.83513000
-13.38999877,54.83513000
-13.38899877,54.83513000
-13.38799877,52.94660000
-13.38699877,54.83513000
-13.38599877,54.83513000
-13.38499877,54.83513000
-13.38399877,54.83513000
-13.38299877,54.83513000
-13.38199877,54.83513000
-13.38099877,52.94660000
-13.37999877,52.94660000
-13.37899877,52.94660000
-13.37799877,52.94660000
-13.37699877,54.83513000
-13.37599877,54.83513000
-13.37499877,54.83513000
-13.37399877,56.72982000
-13.37299877,56.72982000
-13.37199877,56.72982000
-13.37099877,56.72982000
-13.36999877,54.83513000
-13.36899877,56.72982000
-13.36799877,56.72982000
-13.36699877,56.72982000
-13.36599877,56.72982000
-13.36499877,56.72982000
-13.36399877,54.83513000
-13.36299877,54.83513000
-13.36199877,54.83513000
-13.36099877,54.83513000
-13.35999877,52.94660000
-13.35899877,52.94660000
-13.35799877,52.94660000
-13.35699877,52.94660000
-13.35599877,52.94660000
-13.35499877,52.94660000
-13.35399877,52.94660000
-13.35299877,52.94660000
-13.35199877,51.05191000
-13.35099877,51.05191000
-13.34999877,51.05191000
-13.34899877,51.05191000
-13.34799877,51.05191000
-13.34699877,51.05191000
-13.34599877,51.05191000
-13.34499877,51.05191000
-13.34399877,49.16338000
-13.34299877,49.16338000
-13.34199877,49.16338000
-13.34099877,49.16338000
-13.33999877,49.16338000
-13.33899877,49.16338000
-13.33799877,47.27485000
-13.33699877,47.27485000
-13.33599877,45.38017000
-13.33499877,45.38017000
-13.33399877,45.38017000
-13.33299877,45.38017000
-13.33199877,47.27485000
-13.33099877,49.16338000
-13.32999877,49.16338000
-13.32899877,49.16338000
-13.32799877,49.16338000
-13.32699877,47.27485000
-13.32599877,47.27485000
-13.32499877,47.27485000
-13.32399877,47.27485000
-13.32299877,49.16338000
-13.32199877,51.05191000
-13.32099877,51.05191000
-13.31999877,51.05191000
-13.31899877,52.94660000
-13.31799877,52.94660000
-13.31699877,52.94660000
-13.31599877,51.05191000
-13.31499877,51.05191000
-13.31399877,49.16338000
-13.31299877,51.05191000
-13.31199877,51.05191000
-13.31099877,51.05191000
-13.30999877,52.94660000
-13.30899877,52.94660000
-13.30799877,52.94660000
-13.30699877,52.94660000
-13.30599877,51.05191000
-13.30499877,52.94660000
-13.30399877,51.05191000
-13.30299877,51.05191000
-13.30199877,52.94660000
-13.30099877,52.94660000
-13.29999877,54.83513000
-13.29899877,54.83513000
-13.29799877,54.83513000
-13.29699877,54.83513000
-13.29599877,52.94660000
-13.29499877,52.94660000
-13.29399877,52.94660000
-13.29299877,52.94660000
-13.29199877,52.94660000
-13.29099877,51.05191000
-13.28999877,51.05191000
-13.28899877,51.05191000
-13.28799877,51.05191000
-13.28699877,51.05191000
-13.28599877,51.05191000
-13.28499877,51.05191000
-13.28399877,51.05191000
-13.28299877,51.05191000
-13.28199877,49.16338000
-13.28099877,49.16338000
-13.27999877,49.16338000
-13.27899877,49.16338000
-13.27799877,51.05191000
-13.27699877,51.05191000
-13.27599877,51.05191000
-13.27499877,51.05191000
-13.27399877,51.05191000
-13.27299877,51.05191000
-13.27199877,51.05191000
-13.27099877,49.16338000
-13.26999877,49.16338000
-13.26899877,49.16338000
-13.26799877,49.16338000
-13.26699877,51.05191000
-13.26599877,51.05191000
-13.26499877,51.05191000
-13.26399877,49.16338000
-13.26299877,49.16338000
-13.26199877,49.16338000
-13.26099877,49.16338000
-13.25999877,49.16338000
-13.25899877,49.16338000
-13.25799877,49.16338000
-13.25699877,51.05191000
-13.25599877,51.05191000
-13.25499877,51.05191000
-13.25399877,51.05191000
-13.25299877,51.05191000
-13.25199877,51.05191000
-13.25099877,51.05191000
-13.24999877,51.05191000
-13.24899877,51.05191000
-13.24799877,51.05191000
-13.24699877,51.05191000
-13.24599877,52.94660000
-13.24499877,52.94660000
-13.24399877,52.94660000
-13.24299877,52.94660000
-13.24199877,51.05191000
-13.24099877,52.94660000
-13.23999877,52.94660000
-13.23899877,52.94660000
-13.23799877,52.94660000
-13.23699877,52.94660000
-13.23599877,52.94660000
-13.23499877,52.94660000
-13.23399877,52.94660000
-13.23299877,52.94660000
-13.23199877,52.94660000
-13.23099877,52.94660000
-13.22999877,54.83513000
-13.22899877,54.83513000
-13.22799877,54.83513000
-13.22699877,54.83513000
-13.22599877,54.83513000
-13.22499877,54.83513000
-13.22399877,52.94660000
-13.22299877,52.94660000
-13.22199877,52.94660000
-13.22099877,52.94660000
-13.21999877,54.83513000
-13.21899877,54.83513000
-13.21799877,52.94660000
-13.21699877,52.94660000
-13.21599877,52.94660000
-13.21499877,51.05191000
-13.21399877,51.05191000
-13.21299877,51.05191000
-13.21199877,52.94660000
-13.21099877,52.94660000
-13.20999877,52.94660000
-13.20899877,54.83513000
-13.20799877,52.94660000
-13.20699877,52.94660000
-13.20599877,52.94660000
-13.20499877,52.94660000
-13.20399877,52.94660000
-13.20299877,52.94660000
-13.20199877,52.94660000
-13.20099877,52.94660000
-13.19999877,52.94660000
-13.19899877,52.94660000
-13.19799877,51.05191000
-13.19699877,51.05191000
-13.19599877,49.16338000
-13.19499877,51.05191000
-13.19399877,51.05191000
-13.19299877,51.05191000
-13.19199877,51.05191000
-13.19099877,51.05191000
-13.18999877,51.05191000
-13.18899877,51.05191000
-13.18799877,51.05191000
-13.18699877,51.05191000
-13.18599877,51.05191000
-13.18499877,51.05191000
-13.18399877,51.05191000
-13.18299877,52.94660000
-13.18199877,52.94660000
-13.18099877,52.94660000
-13.17999877,52.94660000
-13.17899877,52.94660000
-13.17799877,52.94660000
-13.17699877,52.94660000
-13.17599877,51.05191000
-13.17499877,51.05191000
-13.17399877,52.94660000
-13.17299877,52.94660000
-13.17199877,52.94660000
-13.17099877,52.94660000
-13.16999877,52.94660000
-13.16899877,52.94660000
-13.16799877,52.94660000
-13.16699877,52.94660000
-13.16599877,52.94660000
-13.16499877,52.94660000
-13.16399877,54.83513000
-13.16299877,54.83513000
-13.16199877,52.94660000
-13.16099877,52.94660000
-13.15999877,52.94660000
-13.15899877,52.94660000
-13.15799877,52.94660000
-13.15699877,52.94660000
-13.15599877,52.94660000
-13.15499877,54.83513000
-13.15399877,54.83513000
-13.15299877,54.83513000
-13.15199877,54.83513000
-13.15099877,52.94660000
-13.14999877,52.94660000
-13.14899877,52.94660000
-13.14799877,51.05191000
-13.14699877,51.05191000
-13.14599877,51.05191000
-13.14499877,52.94660000
-13.14399877,52.94660000
-13.14299877,52.94660000
-13.14199877,52.94660000
-13.14099877,51.05191000
-13.13999877,51.05191000
-13.13899877,51.05191000
-13.13799877,51.05191000
-13.13699877,52.94660000
-13.13599877,51.05191000
-13.13499877,52.94660000
-13.13399877,52.94660000
-13.13299877,52.94660000
-13.13199877,51.05191000
-13.13099877,51.05191000
-13.12999877,49.16338000
-13.12899877,51.05191000
-13.12799877,51.05191000
-13.12699877,51.05191000
-13.12599877,52.94660000
-13.12499877,52.94660000
-13.12399877,52.94660000
-13.12299877,51.05191000
-13.12199877,51.05191000
-13.12099877,51.05191000
-13.11999877,51.05191000
-13.11899877,51.05191000
-13.11799877,51.05191000
-13.11699877,52.94660000
-13.11599877,52.94660000
-13.11499877,52.94660000
-13.11399877,52.94660000
-13.11299877,52.94660000
-13.11199877,51.05191000
-13.11099877,51.05191000
-13.10999877,51.05191000
-13.10899877,52.94660000
-13.10799877,52.94660000
-13.10699877,52.94660000
-13.10599877,52.94660000
-13.10499877,52.94660000
-13.10399877,51.05191000
-13.10299877,51.05191000
-13.10199877,51.05191000
-13.10099877,51.05191000
-13.09999877,51.05191000
-13.09899877,52.94660000
-13.09799877,52.94660000
-13.09699877,52.94660000
-13.09599877,51.05191000
-13.09499877,51.05191000
-13.09399877,51.05191000
-13.09299877,49.16338000
-13.09199877,49.16338000
-13.09099877,49.16338000
-13.08999877,49.16338000
-13.08899877,51.05191000
-13.08799877,52.94660000
-13.08699877,51.05191000
-13.08599877,51.05191000
-13.08499877,49.16338000
-13.08399877,49.16338000
-13.08299877,49.16338000
-13.08199877,49.16338000
-13.08099877,51.05191000
-13.07999877,51.05191000
-13.07899878,51.05191000
-13.07799878,52.94660000
-13.07699878,52.94660000
-13.07599878,51.05191000
-13.07499878,51.05191000
-13.07399878,49.16338000
-13.07299878,51.05191000
-13.07199878,49.16338000
-13.07099878,51.05191000
-13.06999878,51.05191000
-13.06899878,51.05191000
-13.06799878,51.05191000
-13.06699878,51.05191000
-13.06599878,51.05191000
-13.06499878,51.05191000
-13.06399878,51.05191000
-13.06299878,51.05191000
-13.06199878,51.05191000
-13.06099878,52.94660000
-13.05999878,52.94660000
-13.05899878,52.94660000
-13.05799878,52.94660000
-13.05699878,52.94660000
-13.05599878,52.94660000
-13.05499878,51.05191000
-13.05399878,51.05191000
-13.05299878,51.05191000
-13.05199878,51.05191000
-13.05099878,52.94660000
-13.04999878,52.94660000
-13.04899878,54.83513000
-13.04799878,52.94660000
-13.04699878,52.94660000
-13.04599878,52.94660000
-13.04499878,52.94660000
-13.04399878,52.94660000
-13.04299878,52.94660000
-13.04199878,52.94660000
-13.04099878,54.83513000
-13.03999878,52.94660000
-13.03899878,52.94660000
-13.03799878,52.94660000
-13.03699878,54.83513000
-13.03599878,52.94660000
-13.03499878,52.94660000
-13.03399878,52.94660000
-13.03299878,52.94660000
-13.03199878,52.94660000
-13.03099878,52.94660000
-13.02999878,52.94660000
-13.02899878,54.83513000
-13.02799878,52.94660000
-13.02699878,52.94660000
-13.02599878,52.94660000
-13.02499878,52.94660000
-13.02399878,51.05191000
-13.02299878,52.94660000
-13.02199878,52.94660000
-13.02099878,52.94660000
-13.01999878,52.94660000
-13.01899878,51.05191000
-13.01799878,51.05191000
-13.01699878,51.05191000
-13.01599878,52.94660000
-13.01499878,52.94660000
-13.01399878,52.94660000
-13.01299878,52.94660000
-13.01199878,51.05191000
-13.01099878,51.05191000
-13.00999878,51.05191000
-13.00899878,51.05191000
-13.00799878,51.05191000
-13.00699878,51.05191000
-13.00599878,52.94660000
-13.00499878,54.83513000
-13.00399878,54.83513000
-13.00299878,54.83513000
-13.00199878,52.94660000
-13.00099878,52.94660000
-12.99999878,51.05191000
-12.99899878,51.05191000
-12.99799878,51.05191000
-12.99699878,51.05191000
-12.99599878,51.05191000
-12.99499878,52.94660000
-12.99399878,54.83513000
-12.99299878,54.83513000
-12.99199878,54.83513000
-12.99099878,52.94660000
-12.98999878,52.94660000
-12.98899878,52.94660000
-12.98799878,52.94660000
-12.98699878,52.94660000
-12.98599878,52.94660000
-12.98499878,54.83513000
-12.98399878,54.83513000
-12.98299878,54.83513000
-12.98199878,54.83513000
-12.98099878,54.83513000
-12.97999878,52.94660000
-12.97899878,52.94660000
-12.97799878,52.94660000
-12.97699878,52.94660000
-12.97599878,52.94660000
-12.97499878,52.94660000
-12.97399878,52.94660000
-12.97299878,54.83513000
-12.97199878,54.83513000
-12.97099878,54.83513000
-12.96999878,52.94660000
-12.96899878,52.94660000
-12.96799878,52.94660000
-12.96699878,52.94660000
-12.96599878,52.94660000
-12.96499878,52.94660000
-12.96399878,52.94660000
-12.96299878,52.94660000
-12.96199878,52.94660000
-12.96099878,54.83513000
-12.95999878,52.94660000
-12.95899878,52.94660000
-12.95799878,52.94660000
-12.95699878,52.94660000
-12.95599878,52.94660000
-12.95499878,52.94660000
-12.95399878,51.05191000
-12.95299878,51.05191000
-12.95199878,51.05191000
-12.95099878,52.94660000
-12.94999878,52.94660000
-12.94899878,52.94660000
-12.94799878,52.94660000
-12.94699878,54.83513000
-12.94599878,52.94660000
-12.94499878,52.94660000
-12.94399878,52.94660000
-12.94299878,52.94660000
-12.94199878,52.94660000
-12.94099878,52.94660000
-12.93999878,52.94660000
-12.93899878,52.94660000
-12.93799878,54.83513000
-12.93699878,54.83513000
-12.93599878,54.83513000
-12.93499878,52.94660000
-12.93399878,52.94660000
-12.93299878,52.94660000
-12.93199878,52.94660000
-12.93099878,52.94660000
-12.92999878,52.94660000
-12.92899878,54.83513000
-12.92799878,54.83513000
-12.92699878,54.83513000
-12.92599878,54.83513000
-12.92499878,54.83513000
-12.92399878,52.94660000
-12.92299878,52.94660000
-12.92199878,52.94660000
-12.92099878,54.83513000
-12.91999878,52.94660000
-12.91899878,52.94660000
-12.91799878,52.94660000
-12.91699878,52.94660000
-12.91599878,52.94660000
-12.91499878,54.83513000
-12.91399878,52.94660000
-12.91299878,54.83513000
-12.91199878,54.83513000
-12.91099878,52.94660000
-12.90999878,52.94660000
-12.90899878,52.94660000
-12.90799878,52.94660000
-12.90699878,52.94660000
-12.90599878,52.94660000
-12.90499878,52.94660000
-12.90399878,52.94660000
-12.90299878,52.94660000
-12.90199878,52.94660000
-12.90099878,54.83513000
-12.89999878,52.94660000
-12.89899878,52.94660000
-12.89799878,52.94660000
-12.89699878,52.94660000
-12.89599878,52.94660000
-12.89499878,52.94660000
-12.89399878,54.83513000
-12.89299878,54.83513000
-12.89199878,54.83513000
-12.89099878,54.83513000
-12.88999878,52.94660000
-12.88899878,52.94660000
-12.88799878,52.94660000
-12.88699878,52.94660000
-12.88599878,52.94660000
-12.88499878,52.94660000
-12.88399878,52.94660000
-12.88299878,54.83513000
-12.88199878,54.83513000
-12.88099878,54.83513000
-12.87999878,54.83513000
-12.87899878,52.94660000
-12.87799878,52.94660000
-12.87699878,52.94660000
-12.87599878,52.94660000
-12.87499878,52.94660000
-12.87399878,52.94660000
-12.87299878,54.83513000
-12.87199878,54.83513000
-12.87099878,54.83513000
-12.86999878,54.83513000
-12.86899878,54.83513000
-12.86799878,54.83513000
-12.86699878,54.83513000
-12.86599878,54.83513000
-12.86499878,54.83513000
-12.86399878,52.94660000
-12.86299878,52.94660000
-12.86199878,54.83513000
-12.86099878,54.83513000
-12.85999878,54.83513000
-12.85899878,54.83513000
-12.85799878,54.83513000
-12.85699878,54.83513000
-12.85599878,54.83513000
-12.85499878,52.94660000
-12.85399878,52.94660000
-12.85299878,54.83513000
-12.85199878,54.83513000
-12.85099878,54.83513000
-12.84999878,54.83513000
-12.84899878,54.83513000
-12.84799878,54.83513000
-12.84699878,54.83513000
-12.84599878,54.83513000
-12.84499878,52.94660000
-12.84399878,52.94660000
-12.84299878,52.94660000
-12.84199878,52.94660000
-12.84099878,52.94660000
-12.83999878,54.83513000
-12.83899878,54.83513000
-12.83799878,54.83513000
-12.83699878,54.83513000
-12.83599878,54.83513000
-12.83499878,52.94660000
-12.83399878,52.94660000
-12.83299878,52.94660000
-12.83199878,52.94660000
-12.83099878,52.94660000
-12.82999878,52.94660000
-12.82899878,54.83513000
-12.82799878,54.83513000
-12.82699878,54.83513000
-12.82599878,54.83513000
-12.82499878,52.94660000
-12.82399878,52.94660000
-12.82299878,52.94660000
-12.82199878,52.94660000
-12.82099878,54.83513000
-12.81999878,54.83513000
-12.81899878,54.83513000
-12.81799878,52.94660000
-12.81699878,54.83513000
-12.81599878,52.94660000
-12.81499878,52.94660000
-12.81399878,52.94660000
-12.81299878,52.94660000
-12.81199878,52.94660000
-12.81099878,52.94660000
-12.80999878,54.83513000
-12.80899878,54.83513000
-12.80799878,54.83513000
-12.80699878,54.83513000
-12.80599878,54.83513000
-12.80499878,54.83513000
-12.80399878,54.83513000
-12.80299878,54.83513000
-12.80199878,54.83513000
-12.80099878,54.83513000
-12.79999878,54.83513000
-12.79899878,54.83513000
-12.79799878,54.83513000
-12.79699878,52.94660000
-12.79599878,52.94660000
-12.79499878,54.83513000
-12.79399878,54.83513000
-12.79299878,54.83513000
-12.79199878,54.83513000
-12.79099878,54.83513000
-12.78999878,54.83513000
-12.78899878,54.83513000
-12.78799878,54.83513000
-12.78699878,54.83513000
-12.78599878,52.94660000
-12.78499878,54.83513000
-12.78399878,54.83513000
-12.78299878,54.83513000
-12.78199878,56.72982000
-12.78099878,56.72982000
-12.77999878,56.72982000
-12.77899878,54.83513000
-12.77799878,54.83513000
-12.77699878,54.83513000
-12.77599878,52.94660000
-12.77499878,54.83513000
-12.77399878,54.83513000
-12.77299878,56.72982000
-12.77199878,56.72982000
-12.77099878,56.72982000
-12.76999878,56.72982000
-12.76899878,54.83513000
-12.76799878,54.83513000
-12.76699878,54.83513000
-12.76599878,54.83513000
-12.76499878,54.83513000
-12.76399878,54.83513000
-12.76299878,56.72982000
-12.76199878,56.72982000
-12.76099878,56.72982000
-12.75999878,56.72982000
-12.75899878,56.72982000
-12.75799878,54.83513000
-12.75699878,54.83513000
-12.75599878,54.83513000
-12.75499878,54.83513000
-12.75399878,54.83513000
-12.75299878,54.83513000
-12.75199878,54.83513000
-12.75099878,54.83513000
-12.74999878,54.83513000
-12.74899878,54.83513000
-12.74799878,54.83513000
-12.74699878,54.83513000
-12.74599878,54.83513000
-12.74499878,54.83513000
-12.74399878,54.83513000
-12.74299878,54.83513000
-12.74199878,52.94660000
-12.74099878,52.94660000
-12.73999878,52.94660000
-12.73899878,52.94660000
-12.73799878,54.83513000
-12.73699878,54.83513000
-12.73599878,54.83513000
-12.73499878,52.94660000
-12.73399878,52.94660000
-12.73299878,52.94660000
-12.73199878,52.94660000
-12.73099878,52.94660000
-12.72999878,52.94660000
-12.72899878,52.94660000
-12.72799878,52.94660000
-12.72699878,54.83513000
-12.72599878,52.94660000
-12.72499879,52.94660000
-12.72399879,51.05191000
-12.72299879,51.05191000
-12.72199879,51.05191000
-12.72099879,52.94660000
-12.71999879,52.94660000
-12.71899879,52.94660000
-12.71799879,52.94660000
-12.71699879,54.83513000
-12.71599879,54.83513000
-12.71499879,54.83513000
-12.71399879,52.94660000
-12.71299879,52.94660000
-12.71199879,51.05191000
-12.71099879,51.05191000
-12.70999879,52.94660000
-12.70899879,52.94660000
-12.70799879,54.83513000
-12.70699879,54.83513000
-12.70599879,56.72982000
-12.70499879,56.72982000
-12.70399879,54.83513000
-12.70299879,52.94660000
-12.70199879,52.94660000
-12.70099879,52.94660000
-12.69999879,52.94660000
-12.69899879,52.94660000
-12.69799879,52.94660000
-12.69699879,54.83513000
-12.69599879,54.83513000
-12.69499879,54.83513000
-12.69399879,54.83513000
-12.69299879,54.83513000
-12.69199879,52.94660000
-12.69099879,52.94660000
-12.68999879,52.94660000
-12.68899879,52.94660000
-12.68799879,54.83513000
-12.68699879,54.83513000
-12.68599879,54.83513000
-12.68499879,54.83513000
-12.68399879,54.83513000
-12.68299879,54.83513000
-12.68199879,52.94660000
-12.68099879,52.94660000
-12.67999879,52.94660000
-12.67899879,52.94660000
-12.67799879,52.94660000
-12.67699879,52.94660000
-12.67599879,52.94660000
-12.67499879,52.94660000
-12.67399879,52.94660000
-12.67299879,52.94660000
-12.67199879,52.94660000
-12.67099879,52.94660000
-12.66999879,54.83513000
-12.66899879,52.94660000
-12.66799879,52.94660000
-12.66699879,52.94660000
-12.66599879,52.94660000
-12.66499879,54.83513000
-12.66399879,54.83513000
-12.66299879,54.83513000
-12.66199879,54.83513000
-12.66099879,54.83513000
-12.65999879,56.72982000
-12.65899879,56.72982000
-12.65799879,54.83513000
-12.65699879,54.83513000
-12.65599879,52.94660000
-12.65499879,54.83513000
-12.65399879,54.83513000
-12.65299879,56.72982000
-12.65199879,56.72982000
-12.65099879,58.61835000
-12.64999879,58.61835000
-12.64899879,58.61835000
-12.64799879,56.72982000
-12.64699879,54.83513000
-12.64599879,54.83513000
-12.64499879,54.83513000
-12.64399879,56.72982000
-12.64299879,56.72982000
-12.64199879,56.72982000
-12.64099879,58.61835000
-12.63999879,58.61835000
-12.63899879,58.61835000
-12.63799879,58.61835000
-12.63699879,56.72982000
-12.63599879,56.72982000
-12.63499879,54.83513000
-12.63399879,54.83513000
-12.63299879,54.83513000
-12.63199879,54.83513000
-12.63099879,54.83513000
-12.62999879,54.83513000
-12.62899879,54.83513000
-12.62799879,54.83513000
-12.62699879,54.83513000
-12.62599879,54.83513000
-12.62499879,54.83513000
-12.62399879,52.94660000
-12.62299879,52.94660000
-12.62199879,52.94660000
-12.62099879,52.94660000
-12.61999879,52.94660000
-12.61899879,52.94660000
-12.61799879,52.94660000
-12.61699879,52.94660000
-12.61599879,52.94660000
-12.61499879,54.83513000
-12.61399879,54.83513000
-12.61299879,54.83513000
-12.61199879,52.94660000
-12.61099879,52.94660000
-12.60999879,51.05191000
-12.60899879,52.94660000
-12.60799879,51.05191000
-12.60699879,51.05191000
-12.60599879,51.05191000
-12.60499879,51.05191000
-12.60399879,52.94660000
-12.60299879,52.94660000
-12.60199879,51.05191000
-12.60099879,52.94660000
-12.59999879,51.05191000
-12.59899879,51.05191000
-12.59799879,52.94660000
-12.59699879,52.94660000
-12.59599879,52.94660000
-12.59499879,52.94660000
-12.59399879,52.94660000
-12.59299879,52.94660000
-12.59199879,52.94660000
-12.59099879,52.94660000
-12.58999879,52.94660000
-12.58899879,54.83513000
-12.58799879,54.83513000
-12.58699879,54.83513000
-12.58599879,54.83513000
-12.58499879,54.83513000
-12.58399879,52.94660000
-12.58299879,52.94660000
-12.58199879,52.94660000
-12.58099879,52.94660000
-12.57999879,52.94660000
-12.57899879,52.94660000
-12.57799879,54.83513000
-12.57699879,54.83513000
-12.57599879,54.83513000
-12.57499879,54.83513000
-12.57399879,54.83513000
-12.57299879,54.83513000
-12.57199879,52.94660000
-12.57099879,52.94660000
-12.56999879,52.94660000
-12.56899879,52.94660000
-12.56799879,54.83513000
-12.56699879,54.83513000
-12.56599879,54.83513000
-12.56499879,54.83513000
-12.56399879,54.83513000
-12.56299879,54.83513000
-12.56199879,54.83513000
-12.56099879,54.83513000
-12.55999879,52.94660000
-12.55899879,52.94660000
-12.55799879,52.94660000
-12.55699879,52.94660000
-12.55599879,52.94660000
-12.55499879,52.94660000
-12.55399879,52.94660000
-12.55299879,54.83513000
-12.55199879,52.94660000
-12.55099879,52.94660000
-12.54999879,54.83513000
-12.54899879,54.83513000
-12.54799879,54.83513000
-12.54699879,54.83513000
-12.54599879,52.94660000
-12.54499879,52.94660000
-12.54399879,52.94660000
-12.54299879,52.94660000
-12.54199879,54.83513000
-12.54099879,54.83513000
-12.53999879,54.83513000
-12.53899879,54.83513000
-12.53799879,54.83513000
-12.53699879,54.83513000
-12.53599879,54.83513000
-12.53499879,52.94660000
-12.53399879,52.94660000
-12.53299879,52.94660000
-12.53199879,54.83513000
-12.53099879,54.83513000
-12.52999879,52.94660000
-12.52899879,52.94660000
-12.52799879,52.94660000
-12.52699879,52.94660000
-12.52599879,52.94660000
-12.52499879,52.94660000
-12.52399879,52.94660000
-12.52299879,54.83513000
-12.52199879,54.83513000
-12.52099879,54.83513000
-12.51999879,54.83513000
-12.51899879,54.83513000
-12.51799879,54.83513000
-12.51699879,54.83513000
-12.51599879,52.94660000
-12.51499879,52.94660000
-12.51399879,52.94660000
-12.51299879,54.83513000
-12.51199879,54.83513000
-12.51099879,54.83513000
-12.50999879,54.83513000
-12.50899879,54.83513000
-12.50799879,52.94660000
-12.50699879,52.94660000
-12.50599879,52.94660000
-12.50499879,52.94660000
-12.50399879,52.94660000
-12.50299879,54.83513000
-12.50199879,54.83513000
-12.50099879,54.83513000
-12.49999879,54.83513000
-12.49899879,54.83513000
-12.49799879,52.94660000
-12.49699879,52.94660000
-12.49599879,52.94660000
-12.49499879,52.94660000
-12.49399879,52.94660000
-12.49299879,54.83513000
-12.49199879,54.83513000
-12.49099879,54.83513000
-12.48999879,52.94660000
-12.48899879,52.94660000
-12.48799879,52.94660000
-12.48699879,52.94660000
-12.48599879,52.94660000
-12.48499879,52.94660000
-12.48399879,52.94660000
-12.48299879,52.94660000
-12.48199879,52.94660000
-12.48099879,52.94660000
-12.47999879,52.94660000
-12.47899879,52.94660000
-12.47799879,52.94660000
-12.47699879,52.94660000
-12.47599879,54.83513000
-12.47499879,54.83513000
-12.47399879,54.83513000
-12.47299879,52.94660000
-12.47199879,52.94660000
-12.47099879,52.94660000
-12.46999879,52.94660000
-12.46899879,52.94660000
-12.46799879,52.94660000
-12.46699879,52.94660000
-12.46599879,54.83513000
-12.46499879,54.83513000
-12.46399879,54.83513000
-12.46299879,52.94660000
-12.46199879,52.94660000
-12.46099879,52.94660000
-12.45999879,52.94660000
-12.45899879,52.94660000
-12.45799879,52.94660000
-12.45699879,52.94660000
-12.45599879,52.94660000
-12.45499879,54.83513000
-12.45399879,54.83513000
-12.45299879,54.83513000
-12.45199879,52.94660000
-12.45099879,52.94660000
-12.44999879,52.94660000
-12.44899879,52.94660000
-12.44799879,52.94660000
-12.44699879,52.94660000
-12.44599879,52.94660000
-12.44499879,52.94660000
-12.44399879,54.83513000
-12.44299879,52.94660000
-12.44199879,52.94660000
-12.44099879,52.94660000
-12.43999879,51.05191000
-12.43899879,52.94660000
-12.43799879,52.94660000
-12.43699879,52.94660000
-12.43599879,54.83513000
-12.43499879,52.94660000
-12.43399879,52.94660000
-12.43299879,54.83513000
-12.43199879,52.94660000
-12.43099879,52.94660000
-12.42999879,54.83513000
-12.42899879,54.83513000
-12.42799879,56.72982000
-12.42699879,56.72982000
-12.42599879,54.83513000
-12.42499879,54.83513000
-12.42399879,52.94660000
-12.42299879,52.94660000
-12.42199879,52.94660000
-12.42099879,54.83513000
-12.41999879,56.72982000
-12.41899879,56.72982000
-12.41799879,56.72982000
-12.41699879,56.72982000
-12.41599879,54.83513000
-12.41499879,52.94660000
-12.41399879,52.94660000
-12.41299879,52.94660000
-12.41199879,54.83513000
-12.41099879,54.83513000
-12.40999879,56.72982000
-12.40899879,56.72982000
-12.40799879,56.72982000
-12.40699879,56.72982000
-12.40599879,54.83513000
-12.40499879,54.83513000
-12.40399879,54.83513000
-12.40299879,54.83513000
-12.40199879,52.94660000
-12.40099879,54.83513000
-12.39999879,54.83513000
-12.39899879,54.83513000
-12.39799879,54.83513000
-12.39699879,54.83513000
-12.39599879,54.83513000
-12.39499879,52.94660000
-12.39399879,52.94660000
-12.39299879,52.94660000
-12.39199879,52.94660000
-12.39099879,52.94660000
-12.38999879,54.83513000
-12.38899879,54.83513000
-12.38799879,54.83513000
-12.38699879,52.94660000
-12.38599879,52.94660000
-12.38499879,52.94660000
-12.38399879,52.94660000
-12.38299879,52.94660000
-12.38199879,52.94660000
-12.38099879,54.83513000
-12.37999879,54.83513000
-12.37899879,54.83513000
-12.37799879,52.94660000
-12.37699879,52.94660000
-12.37599879,52.94660000
-12.37499879,52.94660000
-12.37399879,52.94660000
-12.37299879,52.94660000
-12.37199880,52.94660000
-12.37099880,54.83513000
-12.36999880,54.83513000
-12.36899880,54.83513000
-12.36799880,52.94660000
-12.36699880,52.94660000
-12.36599880,52.94660000
-12.36499880,52.94660000
-12.36399880,52.94660000
-12.36299880,52.94660000
-12.36199880,54.83513000
-12.36099880,54.83513000
-12.35999880,54.83513000
-12.35899880,54.83513000
-12.35799880,54.83513000
-12.35699880,54.83513000
-12.35599880,52.94660000
-12.35499880,52.94660000
-12.35399880,54.83513000
-12.35299880,54.83513000
-12.35199880,54.83513000
-12.35099880,54.83513000
-12.34999880,54.83513000
-12.34899880,54.83513000
-12.34799880,54.83513000
-12.34699880,54.83513000
-12.34599880,54.83513000
-12.34499880,54.83513000
-12.34399880,54.83513000
-12.34299880,54.83513000
-12.34199880,54.83513000
-12.34099880,54.83513000
-12.33999880,54.83513000
-12.33899880,52.94660000
-12.33799880,52.94660000
-12.33699880,54.83513000
-12.33599880,54.83513000
-12.33499880,54.83513000
-12.33399880,54.83513000
-12.33299880,54.83513000
-12.33199880,54.83513000
-12.33099880,52.94660000
-12.32999880,52.94660000
-12.32899880,52.94660000
-12.32799880,52.94660000
-12.32699880,52.94660000
-12.32599880,54.83513000
-12.32499880,54.83513000
-12.32399880,54.83513000
-12.32299880,54.83513000
-12.32199880,52.94660000
-12.32099880,52.94660000
-12.31999880,52.94660000
-12.31899880,51.05191000
-12.31799880,51.05191000
-12.31699880,52.94660000
-12.31599880,52.94660000
-12.31499880,54.83513000
-12.31399880,54.83513000
-12.31299880,54.83513000
-12.31199880,54.83513000
-12.31099880,52.94660000
-12.30999880,52.94660000
-12.30899880,52.94660000
-12.30799880,51.05191000
-12.30699880,52.94660000
-12.30599880,52.94660000
-12.30499880,54.83513000
-12.30399880,54.83513000
-12.30299880,54.83513000
-12.30199880,54.83513000
-12.30099880,54.83513000
-12.29999880,54.83513000
-12.29899880,54.83513000
-12.29799880,52.94660000
-12.29699880,52.94660000
-12.29599880,54.83513000
-12.29499880,54.83513000
-12.29399880,54.83513000
-12.29299880,54.83513000
-12.29199880,54.83513000
-12.29099880,54.83513000
-12.28999880,54.83513000
-12.28899880,54.83513000
-12.28799880,52.94660000
-12.28699880,52.94660000
-12.28599880,54.83513000
-12.28499880,54.83513000
-12.28399880,56.72982000
-12.28299880,56.72982000
-12.28199880,56.72982000
-12.28099880,56.72982000
-12.27999880,54.83513000
-12.27899880,52.94660000
-12.27799880,52.94660000
-12.27699880,52.94660000
-12.27599880,52.94660000
-12.27499880,54.83513000
-12.27399880,54.83513000
-12.27299880,56.72982000
-12.27199880,56.72982000
-12.27099880,56.72982000
-12.26999880,56.72982000
-12.26899880,56.72982000
-12.26799880,52.94660000
-12.26699880,51.05191000
-12.26599880,49.16338000
-12.26499880,51.05191000
-12.26399880,51.05191000
-12.26299880,51.05191000
-12.26199880,52.94660000
-12.26099880,52.94660000
-12.25999880,54.83513000
-12.25899880,54.83513000
-12.25799880,52.94660000
-12.25699880,51.05191000
-12.25599880,49.16338000
-12.25499880,49.16338000
-12.25399880,47.27485000
-12.25299880,47.27485000
-12.25199880,49.16338000
-12.25099880,49.16338000
-12.24999880,49.16338000
-12.24899880,51.05191000
-12.24799880,52.94660000
-12.24699880,52.94660000
-12.24599880,51.05191000
-12.24499880,49.16338000
-12.24399880,47.27485000
-12.24299880,47.27485000
-12.24199880,47.27485000
-12.24099880,47.27485000
-12.23999880,47.27485000
-12.23899880,47.27485000
-12.23799880,49.16338000
-12.23699880,51.05191000
-12.23599880,51.05191000
-12.23499880,51.05191000
-12.23399880,51.05191000
-12.23299880,49.16338000
-12.23199880,49.16338000
-12.23099880,47.27485000
-12.22999880,49.16338000
-12.22899880,49.16338000
-12.22799880,51.05191000
-12.22699880,52.94660000
-12.22599880,52.94660000
-12.22499880,52.94660000
-12.22399880,51.05191000
-12.22299880,51.05191000
-12.22199880,51.05191000
-12.22099880,51.05191000
-12.21999880,51.05191000
-12.21899880,51.05191000
-12.21799880,51.05191000
-12.21699880,52.94660000
-12.21599880,54.83513000
-12.21499880,52.94660000
-12.21399880,52.94660000
-12.21299880,52.94660000
-12.21199880,52.94660000
-12.21099880,52.94660000
-12.20999880,52.94660000
-12.20899880,52.94660000
-12.20799880,52.94660000
-12.20699880,54.83513000
-12.20599880,54.83513000
-12.20499880,56.72982000
-12.20399880,54.83513000
-12.20299880,54.83513000
-12.20199880,52.94660000
-12.20099880,52.94660000
-12.19999880,51.05191000
-12.19899880,51.05191000
-12.19799880,52.94660000
-12.19699880,52.94660000
-12.19599880,54.83513000
-12.19499880,54.83513000
-12.19399880,54.83513000
-12.19299880,54.83513000
-12.19199880,54.83513000
-12.19099880,52.94660000
-12.18999880,52.94660000
-12.18899880,52.94660000
-12.18799880,51.05191000
-12.18699880,51.05191000
-12.18599880,51.05191000
-12.18499880,51.05191000
-12.18399880,51.05191000
-12.18299880,51.05191000
-12.18199880,52.94660000
-12.18099880,52.94660000
-12.17999880,52.94660000
-12.17899880,52.94660000
-12.17799880,52.94660000
-12.17699880,52.94660000
-12.17599880,51.05191000
-12.17499880,51.05191000
-12.17399880,51.05191000
-12.17299880,51.05191000
-12.17199880,49.16338000
-12.17099880,51.05191000
-12.16999880,51.05191000
-12.16899880,52.94660000
-12.16799880,52.94660000
-12.16699880,51.05191000
-12.16599880,51.05191000
-12.16499880,51.05191000
-12.16399880,51.05191000
-12.16299880,51.05191000
-12.16199880,51.05191000
-12.16099880,51.05191000
-12.15999880,51.05191000
-12.15899880,51.05191000
-12.15799880,52.94660000
-12.15699880,52.94660000
-12.15599880,51.05191000
-12.15499880,51.05191000
-12.15399880,51.05191000
-12.15299880,51.05191000
-12.15199880,51.05191000
-12.15099880,52.94660000
-12.14999880,52.94660000
-12.14899880,54.83513000
-12.14799880,52.94660000
-12.14699880,52.94660000
-12.14599880,51.05191000
-12.14499880,51.05191000
-12.14399880,51.05191000
-12.14299880,51.05191000
-12.14199880,51.05191000
-12.14099880,52.94660000
-12.13999880,54.83513000
-12.13899880,54.83513000
-12.13799880,54.83513000
-12.13699880,54.83513000
-12.13599880,54.83513000
-12.13499880,54.83513000
-12.13399880,54.83513000
-12.13299880,54.83513000
-12.13199880,54.83513000
-12.13099880,54.83513000
-12.12999880,54.83513000
-12.12899880,56.72982000
-12.12799880,56.72982000
-12.12699880,56.72982000
-12.12599880,56.72982000
-12.12499880,56.72982000
-12.12399880,56.72982000
-12.12299880,56.72982000
-12.12199880,56.72982000
-12.12099880,56.72982000
-12.11999880,56.72982000
-12.11899880,54.83513000
-12.11799880,54.83513000
-12.11699880,54.83513000
-12.11599880,54.83513000
-12.11499880,56.72982000
-12.11399880,56.72982000
-12.11299880,58.61835000
-12.11199880,58.61835000
-12.11099880,58.61835000
-12.10999880,58.61835000
-12.10899880,56.72982000
-12.10799880,56.72982000
-12.10699880,54.83513000
-12.10599880,54.83513000
-12.10499880,56.72982000
-12.10399880,56.72982000
-12.10299880,56.72982000
-12.10199880,56.72982000
-12.10099880,56.72982000
-12.09999880,54.83513000
-12.09899880,54.83513000
-12.09799880,52.94660000
-12.09699880,54.83513000
-12.09599880,52.94660000
-12.09499880,52.94660000
-12.09399880,52.94660000
-12.09299880,54.83513000
-12.09199880,52.94660000
-12.09099880,52.94660000
-12.08999880,51.05191000
-12.08899880,51.05191000
-12.08799880,51.05191000
-12.08699880,52.94660000
-12.08599880,52.94660000
-12.08499880,54.83513000
-12.08399880,54.83513000
-12.08299880,54.83513000
-12.08199880,52.94660000
-12.08099880,52.94660000
-12.07999880,51.05191000
-12.07899880,51.05191000
-12.07799880,51.05191000
-12.07699880,51.05191000
-12.07599880,51.05191000
-12.07499880,52.94660000
-12.07399880,52.94660000
-12.07299880,54.83513000
-12.07199880,52.94660000
-12.07099880,52.94660000
-12.06999880,52.94660000
-12.06899880,51.05191000
-12.06799880,51.05191000
-12.06699880,51.05191000
-12.06599880,51.05191000
-12.06499880,52.94660000
-12.06399880,54.83513000
-12.06299880,54.83513000
-12.06199880,54.83513000
-12.06099880,54.83513000
-12.05999880,52.94660000
-12.05899880,52.94660000
-12.05799880,52.94660000
-12.05699880,52.94660000
-12.05599880,52.94660000
-12.05499880,52.94660000
-12.05399880,52.94660000
-12.05299880,52.94660000
-12.05199880,52.94660000
-12.05099880,52.94660000
-12.04999880,52.94660000
-12.04899880,54.83513000
-12.04799880,54.83513000
-12.04699880,52.94660000
-12.04599880,52.94660000
-12.04499880,52.94660000
-12.04399880,52.94660000
-12.04299880,52.94660000
-12.04199880,52.94660000
-12.04099880,52.94660000
-12.03999880,52.94660000
-12.03899880,52.94660000
-12.03799880,54.83513000
-12.03699880,54.83513000
-12.03599880,54.83513000
-12.03499880,52.94660000
-12.03399880,52.94660000
-12.03299880,52.94660000
-12.03199880,52.94660000
-12.03099880,51.05191000
-12.02999880,51.05191000
-12.02899880,52.94660000
-12.02799880,52.94660000
-12.02699880,54.83513000
-12.02599880,52.94660000
-12.02499880,52.94660000
-12.02399880,51.05191000
-12.02299880,51.05191000
-12.02199880,51.05191000
-12.02099880,51.05191000
-12.01999880,51.05191000
-12.01899880,52.94660000
-12.01799881,52.94660000
-12.01699881,54.83513000
-12.01599881,52.94660000
-12.01499881,52.94660000
-12.01399881,51.05191000
-12.01299881,51.05191000
-12.01199881,51.05191000
-12.01099881,51.05191000
-12.00999881,51.05191000
-12.00899881,52.94660000
-12.00799881,52.94660000
-12.00699881,52.94660000
-12.00599881,52.94660000
-12.00499881,52.94660000
-12.00399881,51.05191000
-12.00299881,51.05191000
-12.00199881,51.05191000
-12.00099881,51.05191000
-11.99999881,51.05191000
-11.99899881,52.94660000
-11.99799881,52.94660000
-11.99699881,52.94660000
-11.99599881,52.94660000
-11.99499881,51.05191000
-11.99399881,51.05191000
-11.99299881,51.05191000
-11.99199881,52.94660000
-11.99099881,52.94660000
-11.98999881,52.94660000
-11.98899881,52.94660000
-11.98799881,52.94660000
-11.98699881,52.94660000
-11.98599881,51.05191000
-11.98499881,52.94660000
-11.98399881,51.05191000
-11.98299881,51.05191000
-11.98199881,52.94660000
-11.98099881,52.94660000
-11.97999881,54.83513000
-11.97899881,54.83513000
-11.97799881,52.94660000
-11.97699881,52.94660000
-11.97599881,51.05191000
-11.97499881,51.05191000
-11.97399881,52.94660000
-11.97299881,52.94660000
-11.97199881,52.94660000
-11.97099881,54.83513000
-11.96999881,54.83513000
-11.96899881,54.83513000
-11.96799881,52.94660000
-11.96699881,52.94660000
-11.96599881,52.94660000
-11.96499881,52.94660000
-11.96399881,52.94660000
-11.96299881,52.94660000
-11.96199881,52.94660000
-11.96099881,54.83513000
-11.95999881,54.83513000
-11.95899881,54.83513000
-11.95799881,52.94660000
-11.95699881,52.94660000
-11.95599881,52.94660000
-11.95499881,52.94660000
-11.95399881,52.94660000
-11.95299881,52.94660000
-11.95199881,52.94660000
-11.95099881,52.94660000
-11.94999881,52.94660000
-11.94899881,52.94660000
-11.94799881,52.94660000
-11.94699881,51.05191000
-11.94599881,51.05191000
-11.94499881,51.05191000
-11.94399881,52.94660000
-11.94299881,52.94660000
-11.94199881,52.94660000
-11.94099881,52.94660000
-11.93999881,52.94660000
-11.93899881,51.05191000
-11.93799881,52.94660000
-11.93699881,52.94660000
-11.93599881,52.94660000
-11.93499881,52.94660000
-11.93399881,51.05191000
-11.93299881,51.05191000
-11.93199881,51.05191000
-11.93099881,51.05191000
-11.92999881,51.05191000
-11.92899881,51.05191000
-11.92799881,51.05191000
-11.92699881,51.05191000
-11.92599881,52.94660000
-11.92499881,52.94660000
-11.92399881,52.94660000
-11.92299881,52.94660000
-11.92199881,51.05191000
-11.92099881,51.05191000
-11.91999881,51.05191000
-11.91899881,51.05191000
-11.91799881,52.94660000
-11.91699881,52.94660000
-11.91599881,52.94660000
-11.91499881,52.94660000
-11.91399881,52.94660000
-11.91299881,52.94660000
-11.91199881,52.94660000
-11.91099881,51.05191000
-11.90999881,51.05191000
-11.90899881,52.94660000
-11.90799881,52.94660000
-11.90699881,54.83513000
-11.90599881,52.94660000
-11.90499881,54.83513000
-11.90399881,52.94660000
-11.90299881,52.94660000
-11.90199881,52.94660000
-11.90099881,52.94660000
-11.89999881,52.94660000
-11.89899881,52.94660000
-11.89799881,52.94660000
-11.89699881,54.83513000
-11.89599881,54.83513000
-11.89499881,54.83513000
-11.89399881,52.94660000
-11.89299881,52.94660000
-11.89199881,52.94660000
-11.89099881,52.94660000
-11.88999881,52.94660000
-11.88899881,52.94660000
-11.88799881,52.94660000
-11.88699881,52.94660000
-11.88599881,54.83513000
-11.88499881,54.83513000
-11.88399881,52.94660000
-11.88299881,52.94660000
-11.88199881,52.94660000
-11.88099881,54.83513000
-11.87999881,54.83513000
-11.87899881,54.83513000
-11.87799881,54.83513000
-11.87699881,54.83513000
-11.87599881,56.72982000
-11.87499881,56.72982000
-11.87399881,54.83513000
-11.87299881,54.83513000
-11.87199881,54.83513000
-11.87099881,54.83513000
-11.86999881,56.72982000
-11.86899881,56.72982000
-11.86799881,56.72982000
-11.86699881,56.72982000
-11.86599881,56.72982000
-11.86499881,56.72982000
-11.86399881,56.72982000
-11.86299881,56.72982000
-11.86199881,56.72982000
-11.86099881,56.72982000
-11.85999881,56.72982000
-11.85899881,56.72982000
-11.85799881,56.72982000
-11.85699881,56.72982000
-11.85599881,56.72982000
-11.85499881,56.72982000
-11.85399881,56.72982000
-11.85299881,56.72982000
-11.85199881,54.83513000
-11.85099881,54.83513000
-11.84999881,54.83513000
-11.84899881,54.83513000
-11.84799881,54.83513000
-11.84699881,56.72982000
-11.84599881,56.72982000
-11.84499881,56.72982000
-11.84399881,54.83513000
-11.84299881,54.83513000
-11.84199881,54.83513000
-11.84099881,54.83513000
-11.83999881,54.83513000
-11.83899881,54.83513000
-11.83799881,54.83513000
-11.83699881,54.83513000
-11.83599881,54.83513000
-11.83499881,54.83513000
-11.83399881,54.83513000
-11.83299881,56.72982000
-11.83199881,54.83513000
-11.83099881,54.83513000
-11.82999881,52.94660000
-11.82899881,52.94660000
-11.82799881,52.94660000
-11.82699881,52.94660000
-11.82599881,52.94660000
-11.82499881,54.83513000
-11.82399881,54.83513000
-11.82299881,54.83513000
-11.82199881,54.83513000
-11.82099881,54.83513000
-11.81999881,54.83513000
-11.81899881,52.94660000
-11.81799881,52.94660000
-11.81699881,54.83513000
-11.81599881,54.83513000
-11.81499881,54.83513000
-11.81399881,56.72982000
-11.81299881,56.72982000
-11.81199881,54.83513000
-11.81099881,54.83513000
-11.80999881,54.83513000
-11.80899881,54.83513000
-11.80799881,54.83513000
-11.80699881,54.83513000
-11.80599881,56.72982000
-11.80499881,56.72982000
-11.80399881,54.83513000
-11.80299881,54.83513000
-11.80199881,54.83513000
-11.80099881,54.83513000
-11.79999881,54.83513000
-11.79899881,54.83513000
-11.79799881,54.83513000
-11.79699881,56.72982000
-11.79599881,56.72982000
-11.79499881,56.72982000
-11.79399881,54.83513000
-11.79299881,54.83513000
-11.79199881,54.83513000
-11.79099881,54.83513000
-11.78999881,54.83513000
-11.78899881,54.83513000
-11.78799881,54.83513000
-11.78699881,56.72982000
-11.78599881,56.72982000
-11.78499881,54.83513000
-11.78399881,54.83513000
-11.78299881,52.94660000
-11.78199881,52.94660000
-11.78099881,51.05191000
-11.77999881,51.05191000
-11.77899881,51.05191000
-11.77799881,51.05191000
-11.77699881,52.94660000
-11.77599881,52.94660000
-11.77499881,52.94660000
-11.77399881,51.05191000
-11.77299881,51.05191000
-11.77199881,49.16338000
-11.77099881,49.16338000
-11.76999881,49.16338000
-11.76899881,51.05191000
-11.76799881,51.05191000
-11.76699881,51.05191000
-11.76599881,52.94660000
-11.76499881,52.94660000
-11.76399881,52.94660000
-11.76299881,51.05191000
-11.76199881,51.05191000
-11.76099881,51.05191000
-11.75999881,51.05191000
-11.75899881,51.05191000
-11.75799881,52.94660000
-11.75699881,52.94660000
-11.75599881,52.94660000
-11.75499881,52.94660000
-11.75399881,52.94660000
-11.75299881,52.94660000
-11.75199881,52.94660000
-11.75099881,52.94660000
-11.74999881,54.83513000
-11.74899881,56.72982000
-11.74799881,54.83513000
-11.74699881,54.83513000
-11.74599881,54.83513000
-11.74499881,56.72982000
-11.74399881,56.72982000
-11.74299881,56.72982000
-11.74199881,56.72982000
-11.74099881,58.61835000
-11.73999881,58.61835000
-11.73899881,58.61835000
-11.73799881,56.72982000
-11.73699881,56.72982000
-11.73599881,56.72982000
-11.73499881,56.72982000
-11.73399881,56.72982000
-11.73299881,56.72982000
-11.73199881,56.72982000
-11.73099881,58.61835000
-11.72999881,58.61835000
-11.72899881,58.61835000
-11.72799881,58.61835000
-11.72699881,56.72982000
-11.72599881,56.72982000
-11.72499881,56.72982000
-11.72399881,56.72982000
-11.72299881,56.72982000
-11.72199881,56.72982000
-11.72099881,56.72982000
-11.71999881,56.72982000
-11.71899881,56.72982000
-11.71799881,56.72982000
-11.71699881,54.83513000
-11.71599881,52.94660000
-11.71499881,54.83513000
-11.71399881,54.83513000
-11.71299881,54.83513000
-11.71199881,54.83513000
-11.71099881,56.72982000
-11.70999881,56.72982000
-11.70899881,54.83513000
-11.70799881,54.83513000
-11.70699881,52.94660000
-11.70599881,52.94660000
-11.70499881,52.94660000
-11.70399881,52.94660000
-11.70299881,54.83513000
-11.70199881,54.83513000
-11.70099881,54.83513000
-11.69999881,54.83513000
-11.69899881,54.83513000
-11.69799881,54.83513000
-11.69699881,54.83513000
-11.69599881,52.94660000
-11.69499881,52.94660000
-11.69399881,54.83513000
-11.69299881,54.83513000
-11.69199881,54.83513000
-11.69099881,54.83513000
-11.68999881,54.83513000
-11.68899881,54.83513000
-11.68799881,54.83513000
-11.68699881,54.83513000
-11.68599881,54.83513000
-11.68499881,54.83513000
-11.68399881,54.83513000
-11.68299881,56.72982000
-11.68199881,56.72982000
-11.68099881,56.72982000
-11.67999881,56.72982000
-11.67899881,56.72982000
-11.67799881,56.72982000
-11.67699881,56.72982000
-11.67599881,56.72982000
-11.67499881,56.72982000
-11.67399881,56.72982000
-11.67299881,56.72982000
-11.67199881,56.72982000
-11.67099881,56.72982000
-11.66999881,56.72982000
-11.66899881,56.72982000
-11.66799881,56.72982000
-11.66699881,56.72982000
-11.66599881,56.72982000
-11.66499881,58.61835000
-11.66399882,56.72982000
-11.66299882,56.72982000
-11.66199882,56.72982000
-11.66099882,54.83513000
-11.65999882,54.83513000
-11.65899882,54.83513000
-11.65799882,54.83513000
-11.65699882,56.72982000
-11.65599882,56.72982000
-11.65499882,56.72982000
-11.65399882,56.72982000
-11.65299882,56.72982000
-11.65199882,54.83513000
-11.65099882,54.83513000
-11.64999882,52.94660000
-11.64899882,54.83513000
-11.64799882,54.83513000
-11.64699882,54.83513000
-11.64599882,56.72982000
-11.64499882,56.72982000
-11.64399882,56.72982000
-11.64299882,56.72982000
-11.64199882,54.83513000
-11.64099882,52.94660000
-11.63999882,52.94660000
-11.63899882,52.94660000
-11.63799882,52.94660000
-11.63699882,54.83513000
-11.63599882,54.83513000
-11.63499882,54.83513000
-11.63399882,54.83513000
-11.63299882,54.83513000
-11.63199882,54.83513000
-11.63099882,52.94660000
-11.62999882,52.94660000
-11.62899882,52.94660000
-11.62799882,52.94660000
-11.62699882,52.94660000
-11.62599882,52.94660000
-11.62499882,54.83513000
-11.62399882,52.94660000
-11.62299882,52.94660000
-11.62199882,52.94660000
-11.62099882,52.94660000
-11.61999882,52.94660000
-11.61899882,52.94660000
-11.61799882,52.94660000
-11.61699882,54.83513000
-11.61599882,54.83513000
-11.61499882,54.83513000
-11.61399882,54.83513000
-11.61299882,54.83513000
-11.61199882,54.83513000
-11.61099882,54.83513000
-11.60999882,54.83513000
-11.60899882,56.72982000
-11.60799882,56.72982000
-11.60699882,54.83513000
-11.60599882,54.83513000
-11.60499882,54.83513000
-11.60399882,54.83513000
-11.60299882,54.83513000
-11.60199882,54.83513000
-11.60099882,56.72982000
-11.59999882,56.72982000
-11.59899882,56.72982000
-11.59799882,56.72982000
-11.59699882,56.72982000
-11.59599882,56.72982000
-11.59499882,54.83513000
-11.59399882,54.83513000
-11.59299882,56.72982000
-11.59199882,56.72982000
-11.59099882,56.72982000
-11.58999882,56.72982000
-11.58899882,56.72982000
-11.58799882,56.72982000
-11.58699882,56.72982000
-11.58599882,54.83513000
-11.58499882,54.83513000
-11.58399882,54.83513000
-11.58299882,54.83513000
-11.58199882,54.83513000
-11.58099882,56.72982000
-11.57999882,54.83513000
-11.57899882,54.83513000
-11.57799882,54.83513000
-11.57699882,54.83513000
-11.57599882,54.83513000
-11.57499882,54.83513000
-11.57399882,54.83513000
-11.57299882,54.83513000
-11.57199882,54.83513000
-11.57099882,54.83513000
-11.56999882,54.83513000
-11.56899882,54.83513000
-11.56799882,54.83513000
-11.56699882,54.83513000
-11.56599882,54.83513000
-11.56499882,54.83513000
-11.56399882,54.83513000
-11.56299882,54.83513000
-11.56199882,54.83513000
-11.56099882,54.83513000
-11.55999882,54.83513000
-11.55899882,54.83513000
-11.55799882,54.83513000
-11.55699882,54.83513000
-11.55599882,52.94660000
-11.55499882,54.83513000
-11.55399882,54.83513000
-11.55299882,54.83513000
-11.55199882,54.83513000
-11.55099882,54.83513000
-11.54999882,52.94660000
-11.54899882,52.94660000
-11.54799882,52.94660000
-11.54699882,54.83513000
-11.54599882,52.94660000
-11.54499882,54.83513000
-11.54399882,54.83513000
-11.54299882,54.83513000
-11.54199882,54.83513000
-11.54099882,54.83513000
-11.53999882,54.83513000
-11.53899882,54.83513000
-11.53799882,54.83513000
-11.53699882,54.83513000
-11.53599882,54.83513000
-11.53499882,54.83513000
-11.53399882,54.83513000
-11.53299882,54.83513000
-11.53199882,54.83513000
-11.53099882,54.83513000
-11.52999882,54.83513000
-11.52899882,54.83513000
-11.52799882,54.83513000
-11.52699882,54.83513000
-11.52599882,54.83513000
-11.52499882,54.83513000
-11.52399882,54.83513000
-11.52299882,54.83513000
-11.52199882,54.83513000
-11.52099882,56.72982000
-11.51999882,56.72982000
-11.51899882,56.72982000
-11.51799882,56.72982000
-11.51699882,56.72982000
-11.51599882,56.72982000
-11.51499882,56.72982000
-11.51399882,54.83513000
-11.51299882,56.72982000
-11.51199882,54.83513000
-11.51099882,54.83513000
-11.50999882,56.72982000
-11.50899882,56.72982000
-11.50799882,54.83513000
-11.50699882,54.83513000
-11.50599882,54.83513000
-11.50499882,54.83513000
-11.50399882,54.83513000
-11.50299882,54.83513000
-11.50199882,54.83513000
-11.50099882,56.72982000
-11.49999882,56.72982000
-11.49899882,56.72982000
-11.49799882,56.72982000
-11.49699882,56.72982000
-11.49599882,54.83513000
-11.49499882,54.83513000
-11.49399882,54.83513000
-11.49299882,54.83513000
-11.49199882,54.83513000
-11.49099882,54.83513000
-11.48999882,54.83513000
-11.48899882,54.83513000
-11.48799882,54.83513000
-11.48699882,54.83513000
-11.48599882,54.83513000
-11.48499882,52.94660000
-11.48399882,52.94660000
-11.48299882,52.94660000
-11.48199882,52.94660000
-11.48099882,54.83513000
-11.47999882,54.83513000
-11.47899882,54.83513000
-11.47799882,54.83513000
-11.47699882,54.83513000
-11.47599882,52.94660000
-11.47499882,52.94660000
-11.47399882,52.94660000
-11.47299882,52.94660000
-11.47199882,52.94660000
-11.47099882,54.83513000
-11.46999882,54.83513000
-11.46899882,54.83513000
-11.46799882,54.83513000
-11.46699882,54.83513000
-11.46599882,52.94660000
-11.46499882,52.94660000
-11.46399882,52.94660000
-11.46299882,52.94660000
-11.46199882,54.83513000
-11.46099882,54.83513000
-11.45999882,54.83513000
-11.45899882,56.72982000
-11.45799882,54.83513000
-11.45699882,54.83513000
-11.45599882,54.83513000
-11.45499882,52.94660000
-11.45399882,54.83513000
-11.45299882,54.83513000
-11.45199882,54.83513000
-11.45099882,56.72982000
-11.44999882,56.72982000
-11.44899882,56.72982000
-11.44799882,54.83513000
-11.44699882,54.83513000
-11.44599882,54.83513000
-11.44499882,54.83513000
-11.44399882,54.83513000
-11.44299882,54.83513000
-11.44199882,54.83513000
-11.44099882,56.72982000
-11.43999882,54.83513000
-11.43899882,54.83513000
-11.43799882,54.83513000
-11.43699882,54.83513000
-11.43599882,54.83513000
-11.43499882,54.83513000
-11.43399882,54.83513000
-11.43299882,54.83513000
-11.43199882,54.83513000
-11.43099882,54.83513000
-11.42999882,54.83513000
-11.42899882,54.83513000
-11.42799882,52.94660000
-11.42699882,52.94660000
-11.42599882,52.94660000
-11.42499882,54.83513000
-11.42399882,54.83513000
-11.42299882,54.83513000
-11.42199882,54.83513000
-11.42099882,52.94660000
-11.41999882,52.94660000
-11.41899882,52.94660000
-11.41799882,52.94660000
-11.41699882,52.94660000
-11.41599882,52.94660000
-11.41499882,52.94660000
-11.41399882,52.94660000
-11.41299882,52.94660000
-11.41199882,52.94660000
-11.41099882,52.94660000
-11.40999882,52.94660000
-11.40899882,52.94660000
-11.40799882,52.94660000
-11.40699882,52.94660000
-11.40599882,54.83513000
-11.40499882,54.83513000
-11.40399882,54.83513000
-11.40299882,54.83513000
-11.40199882,52.94660000
-11.40099882,52.94660000
-11.39999882,52.94660000
-11.39899882,52.94660000
-11.39799882,52.94660000
-11.39699882,54.83513000
-11.39599882,54.83513000
-11.39499882,56.72982000
-11.39399882,54.83513000
-11.39299882,54.83513000
-11.39199882,54.83513000
-11.39099882,52.94660000
-11.38999882,52.94660000
-11.38899882,52.94660000
-11.38799882,54.83513000
-11.38699882,54.83513000
-11.38599882,56.72982000
-11.38499882,56.72982000
-11.38399882,54.83513000
-11.38299882,54.83513000
-11.38199882,52.94660000
-11.38099882,52.94660000
-11.37999882,52.94660000
-11.37899882,52.94660000
-11.37799882,52.94660000
-11.37699882,54.83513000
-11.37599882,54.83513000
-11.37499882,54.83513000
-11.37399882,54.83513000
-11.37299882,54.83513000
-11.37199882,52.94660000
-11.37099882,52.94660000
-11.36999882,52.94660000
-11.36899882,52.94660000
-11.36799882,52.94660000
-11.36699882,52.94660000
-11.36599882,52.94660000
-11.36499882,52.94660000
-11.36399882,52.94660000
-11.36299882,52.94660000
-11.36199882,51.05191000
-11.36099882,51.05191000
-11.35999882,51.05191000
-11.35899882,51.05191000
-11.35799882,52.94660000
-11.35699882,52.94660000
-11.35599882,52.94660000
-11.35499882,51.05191000
-11.35399882,51.05191000
-11.35299882,51.05191000
-11.35199882,51.05191000
-11.35099882,52.94660000
-11.34999882,52.94660000
-11.34899882,52.94660000
-11.34799882,51.05191000
-11.34699882,52.94660000
-11.34599882,51.05191000
-11.34499882,51.05191000
-11.34399882,51.05191000
-11.34299882,51.05191000
-11.34199882,51.05191000
-11.34099882,52.94660000
-11.33999882,52.94660000
-11.33899882,52.94660000
-11.33799882,52.94660000
-11.33699882,52.94660000
-11.33599882,52.94660000
-11.33499882,52.94660000
-11.33399882,52.94660000
-11.33299882,51.05191000
-11.33199882,51.05191000
-11.33099882,52.94660000
-11.32999882,52.94660000
-11.32899882,54.83513000
-11.32799882,54.83513000
-11.32699882,52.94660000
-11.32599882,52.94660000
-11.32499882,52.94660000
-11.32399882,52.94660000
-11.32299882,52.94660000
-11.32199882,52.94660000
-11.32099882,52.94660000
-11.31999882,52.94660000
-11.31899882,52.94660000
-11.31799882,54.83513000
-11.31699882,54.83513000
-11.31599882,52.94660000
-11.31499882,52.94660000
-11.31399882,52.94660000
-11.31299882,52.94660000
-11.31199882,52.94660000
-11.31099883,51.05191000
-11.30999883,52.94660000
-11.30899883,51.05191000
-11.30799883,51.05191000
-11.30699883,52.94660000
-11.30599883,52.94660000
-11.30499883,52.94660000
-11.30399883,52.94660000
-11.30299883,51.05191000
-11.30199883,51.05191000
-11.30099883,51.05191000
-11.29999883,51.05191000
-11.29899883,51.05191000
-11.29799883,51.05191000
-11.29699883,51.05191000
-11.29599883,51.05191000
-11.29499883,51.05191000
-11.29399883,52.94660000
-11.29299883,52.94660000
-11.29199883,51.05191000
-11.29099883,51.05191000
-11.28999883,49.16338000
-11.28899883,49.16338000
-11.28799883,49.16338000
-11.28699883,49.16338000
-11.28599883,51.05191000
-11.28499883,51.05191000
-11.28399883,52.94660000
-11.28299883,52.94660000
-11.28199883,52.94660000
-11.28099883,51.05191000
-11.27999883,51.05191000
-11.27899883,51.05191000
-11.27799883,51.05191000
-11.27699883,51.05191000
-11.27599883,51.05191000
-11.27499883,51.05191000
-11.27399883,52.94660000
-11.27299883,52.94660000
-11.27199883,52.94660000
-11.27099883,52.94660000
-11.26999883,51.05191000
-11.26899883,51.05191000
-11.26799883,51.05191000
-11.26699883,51.05191000
-11.26599883,51.05191000
-11.26499883,52.94660000
-11.26399883,52.94660000
-11.26299883,52.94660000
-11.26199883,52.94660000
-11.26099883,52.94660000
-11.25999883,51.05191000
-11.25899883,51.05191000
-11.25799883,51.05191000
-11.25699883,51.05191000
-11.25599883,51.05191000
-11.25499883,51.05191000
-11.25399883,51.05191000
-11.25299883,52.94660000
-11.25199883,52.94660000
-11.25099883,52.94660000
-11.24999883,51.05191000
-11.24899883,51.05191000
-11.24799883,51.05191000
-11.24699883,51.05191000
-11.24599883,51.05191000
-11.24499883,51.05191000
-11.24399883,51.05191000
-11.24299883,51.05191000
-11.24199883,51.05191000
-11.24099883,52.94660000
-11.23999883,52.94660000
-11.23899883,51.05191000
-11.23799883,51.05191000
-11.23699883,51.05191000
-11.23599883,51.05191000
-11.23499883,51.05191000
-11.23399883,51.05191000
-11.23299883,51.05191000
-11.23199883,51.05191000
-11.23099883,51.05191000
-11.22999883,51.05191000
-11.22899883,52.94660000
-11.22799883,51.05191000
-11.22699883,51.05191000
-11.22599883,51.05191000
-11.22499883,49.16338000
-11.22399883,49.16338000
-11.22299883,49.16338000
-11.22199883,51.05191000
-11.22099883,52.94660000
-11.21999883,52.94660000
-11.21899883,52.94660000
-11.21799883,52.94660000
-11.21699883,52.94660000
-11.21599883,51.05191000
-11.21499883,51.05191000
-11.21399883,51.05191000
-11.21299883,51.05191000
-11.21199883,51.05191000
-11.21099883,51.05191000
-11.20999883,51.05191000
-11.20899883,51.05191000
-11.20799883,51.05191000
-11.20699883,51.05191000
-11.20599883,51.05191000
-11.20499883,51.05191000
-11.20399883,49.16338000
-11.20299883,49.16338000
-11.20199883,49.16338000
-11.20099883,51.05191000
-11.19999883,51.05191000
-11.19899883,51.05191000
-11.19799883,51.05191000
-11.19699883,51.05191000
-11.19599883,51.05191000
-11.19499883,51.05191000
-11.19399883,49.16338000
-11.19299883,49.16338000
-11.19199883,49.16338000
-11.19099883,49.16338000
-11.18999883,51.05191000
-11.18899883,51.05191000
-11.18799883,49.16338000
-11.18699883,49.16338000
-11.18599883,49.16338000
-11.18499883,51.05191000
-11.18399883,51.05191000
-11.18299883,51.05191000
-11.18199883,51.05191000
-11.18099883,49.16338000
-11.17999883,49.16338000
-11.17899883,49.16338000
-11.17799883,49.16338000
-11.17699883,49.16338000
-11.17599883,49.16338000
-11.17499883,49.16338000
-11.17399883,51.05191000
-11.17299883,51.05191000
-11.17199883,51.05191000
-11.17099883,51.05191000
-11.16999883,51.05191000
-11.16899883,51.05191000
-11.16799883,49.16338000
-11.16699883,49.16338000
-11.16599883,51.05191000
-11.16499883,51.05191000
-11.16399883,51.05191000
-11.16299883,51.05191000
-11.16199883,51.05191000
-11.16099883,51.05191000
-11.15999883,51.05191000
-11.15899883,51.05191000
-11.15799883,49.16338000
-11.15699883,49.16338000
-11.15599883,51.05191000
-11.15499883,51.05191000
-11.15399883,51.05191000
-11.15299883,51.05191000
-11.15199883,51.05191000
-11.15099883,51.05191000
-11.14999883,51.05191000
-11.14899883,49.16338000
-11.14799883,49.16338000
-11.14699883,49.16338000
-11.14599883,49.16338000
-11.14499883,51.05191000
-11.14399883,51.05191000
-11.14299883,51.05191000
-11.14199883,51.05191000
-11.14099883,49.16338000
-11.13999883,49.16338000
-11.13899883,49.16338000
-11.13799883,49.16338000
-11.13699883,49.16338000
-11.13599883,49.16338000
-11.13499883,49.16338000
-11.13399883,51.05191000
-11.13299883,51.05191000
-11.13199883,49.16338000
-11.13099883,49.16338000
-11.12999883,47.27485000
-11.12899883,49.16338000
-11.12799883,49.16338000
-11.12699883,49.16338000
-11.12599883,49.16338000
-11.12499883,51.05191000
-11.12399883,49.16338000
-11.12299883,49.16338000
-11.12199883,49.16338000
-11.12099883,49.16338000
-11.11999883,49.16338000
-11.11899883,49.16338000
-11.11799883,51.05191000
-11.11699883,51.05191000
-11.11599883,49.16338000
-11.11499883,49.16338000
-11.11399883,49.16338000
-11.11299883,49.16338000
-11.11199883,49.16338000
-11.11099883,49.16338000
-11.10999883,49.16338000
-11.10899883,49.16338000
-11.10799883,49.16338000
-11.10699883,51.05191000
-11.10599883,51.05191000
-11.10499883,51.05191000
-11.10399883,49.16338000
-11.10299883,47.27485000
-11.10199883,47.27485000
-11.10099883,49.16338000
-11.09999883,49.16338000
-11.09899883,51.05191000
-11.09799883,51.05191000
-11.09699883,51.05191000
-11.09599883,51.05191000
-11.09499883,49.16338000
-11.09399883,49.16338000
-11.09299883,49.16338000
-11.09199883,47.27485000
-11.09099883,49.16338000
-11.08999883,49.16338000
-11.08899883,51.05191000
-11.08799883,51.05191000
-11.08699883,51.05191000
-11.08599883,49.16338000
-11.08499883,49.16338000
-11.08399883,49.16338000
-11.08299883,47.27485000
-11.08199883,47.27485000
-11.08099883,47.27485000
-11.07999883,49.16338000
-11.07899883,49.16338000
-11.07799883,51.05191000
-11.07699883,51.05191000
-11.07599883,49.16338000
-11.07499883,49.16338000
-11.07399883,47.27485000
-11.07299883,47.27485000
-11.07199883,47.27485000
-11.07099883,47.27485000
-11.06999883,49.16338000
-11.06899883,49.16338000
-11.06799883,49.16338000
-11.06699883,49.16338000
-11.06599883,49.16338000
-11.06499883,47.27485000
-11.06399883,47.27485000
-11.06299883,47.27485000
-11.06199883,47.27485000
-11.06099883,49.16338000
-11.05999883,49.16338000
-11.05899883,49.16338000
-11.05799883,47.27485000
-11.05699883,49.16338000
-11.05599883,49.16338000
-11.05499883,49.16338000
-11.05399883,47.27485000
-11.05299883,49.16338000
-11.05199883,49.16338000
-11.05099883,49.16338000
-11.04999883,49.16338000
-11.04899883,49.16338000
-11.04799883,49.16338000
-11.04699883,49.16338000
-11.04599883,47.27485000
-11.04499883,49.16338000
-11.04399883,49.16338000
-11.04299883,49.16338000
-11.04199883,49.16338000
-11.04099883,49.16338000
-11.03999883,49.16338000
-11.03899883,47.27485000
-11.03799883,47.27485000
-11.03699883,47.27485000
-11.03599883,47.27485000
-11.03499883,47.27485000
-11.03399883,47.27485000
-11.03299883,49.16338000
-11.03199883,49.16338000
-11.03099883,49.16338000
-11.02999883,49.16338000
-11.02899883,47.27485000
-11.02799883,47.27485000
-11.02699883,47.27485000
-11.02599883,45.38017000
-11.02499883,47.27485000
-11.02399883,47.27485000
-11.02299883,47.27485000
-11.02199883,49.16338000
-11.02099883,47.27485000
-11.01999883,47.27485000
-11.01899883,45.38017000
-11.01799883,45.38017000
-11.01699883,45.38017000
-11.01599883,45.38017000
-11.01499883,47.27485000
-11.01399883,47.27485000
-11.01299883,47.27485000
-11.01199883,47.27485000
-11.01099883,47.27485000
-11.00999883,47.27485000
-11.00899883,45.38017000
-11.00799883,45.38017000
-11.00699883,45.38017000
-11.00599883,45.38017000
-11.00499883,47.27485000
-11.00399883,47.27485000
-11.00299883,47.27485000
-11.00199883,45.38017000
-11.00099883,45.38017000
-10.99999883,45.38017000
-10.99899883,45.38017000
-10.99799883,45.38017000
-10.99699883,45.38017000
-10.99599883,45.38017000
-10.99499883,47.27485000
-10.99399883,47.27485000
-10.99299883,47.27485000
-10.99199883,47.27485000
-10.99099883,45.38017000
-10.98999883,45.38017000
-10.98899883,45.38017000
-10.98799883,45.38017000
-10.98699883,45.38017000
-10.98599883,45.38017000
-10.98499883,47.27485000
-10.98399883,45.38017000
-10.98299883,45.38017000
-10.98199883,45.38017000
-10.98099883,45.38017000
-10.97999883,45.38017000
-10.97899883,45.38017000
-10.97799883,47.27485000
-10.97699883,47.27485000
-10.97599883,49.16338000
-10.97499883,47.27485000
-10.97399883,47.27485000
-10.97299883,47.27485000
-10.97199883,45.38017000
-10.97099883,45.38017000
-10.96999883,45.38017000
-10.96899883,45.38017000
-10.96799883,47.27485000
-10.96699883,47.27485000
-10.96599883,47.27485000
-10.96499883,47.27485000
-10.96399883,45.38017000
-10.96299883,45.38017000
-10.96199883,43.49163000
-10.96099883,45.38017000
-10.95999883,45.38017000
-10.95899883,45.38017000
-10.95799883,47.27485000
-10.95699884,49.16338000
-10.95599884,49.16338000
-10.95499884,49.16338000
-10.95399884,47.27485000
-10.95299884,47.27485000
-10.95199884,45.38017000
-10.95099884,45.38017000
-10.94999884,45.38017000
-10.94899884,45.38017000
-10.94799884,47.27485000
-10.94699884,47.27485000
-10.94599884,49.16338000
-10.94499884,49.16338000
-10.94399884,47.27485000
-10.94299884,47.27485000
-10.94199884,47.27485000
-10.94099884,47.27485000
-10.93999884,47.27485000
-10.93899884,47.27485000
-10.93799884,47.27485000
-10.93699884,49.16338000
-10.93599884,49.16338000
-10.93499884,47.27485000
-10.93399884,49.16338000
-10.93299884,49.16338000
-10.93199884,49.16338000
-10.93099884,47.27485000
-10.92999884,47.27485000
-10.92899884,49.16338000
-10.92799884,49.16338000
-10.92699884,49.16338000
-10.92599884,49.16338000
-10.92499884,47.27485000
-10.92399884,47.27485000
-10.92299884,47.27485000
-10.92199884,47.27485000
-10.92099884,49.16338000
-10.91999884,49.16338000
-10.91899884,47.27485000
-10.91799884,47.27485000
-10.91699884,47.27485000
-10.91599884,47.27485000
-10.91499884,47.27485000
-10.91399884,47.27485000
-10.91299884,47.27485000
-10.91199884,47.27485000
-10.91099884,47.27485000
-10.90999884,47.27485000
-10.90899884,47.27485000
-10.90799884,47.27485000
-10.90699884,47.27485000
-10.90599884,45.38017000
-10.90499884,45.38017000
-10.90399884,45.38017000
-10.90299884,45.38017000
-10.90199884,47.27485000
-10.90099884,47.27485000
-10.89999884,47.27485000
-10.89899884,47.27485000
-10.89799884,47.27485000
-10.89699884,47.27485000
-10.89599884,45.38017000
-10.89499884,45.38017000
-10.89399884,45.38017000
-10.89299884,45.38017000
-10.89199884,45.38017000
-10.89099884,45.38017000
-10.88999884,45.38017000
-10.88899884,47.27485000
-10.88799884,45.38017000
-10.88699884,45.38017000
-10.88599884,45.38017000
-10.88499884,45.38017000
-10.88399884,45.38017000
-10.88299884,45.38017000
-10.88199884,45.38017000
-10.88099884,45.38017000
-10.87999884,45.38017000
-10.87899884,45.38017000
-10.87799884,45.38017000
-10.87699884,45.38017000
-10.87599884,45.38017000
-10.87499884,45.38017000
-10.87399884,45.38017000
-10.87299884,45.38017000
-10.87199884,45.38017000
-10.87099884,45.38017000
-10.86999884,45.38017000
-10.86899884,45.38017000
-10.86799884,45.38017000
-10.86699884,45.38017000
-10.86599884,45.38017000
-10.86499884,45.38017000
-10.86399884,45.38017000
-10.86299884,43.49163000
-10.86199884,43.49163000
-10.86099884,43.49163000
-10.85999884,43.49163000
-10.85899884,43.49163000
-10.85799884,41.59695000
-10.85699884,43.49163000
-10.85599884,43.49163000
-10.85499884,41.59695000
-10.85399884,41.59695000
-10.85299884,41.59695000
-10.85199884,41.59695000
-10.85099884,41.59695000
-10.84999884,39.70842000
-10.84899884,39.70842000
-10.84799884,39.70842000
-10.84699884,39.70842000
-10.84599884,41.59695000
-10.84499884,41.59695000
-10.84399884,41.59695000
-10.84299884,41.59695000
-10.84199884,39.70842000
-10.84099884,39.70842000
-10.83999884,39.70842000
-10.83899884,39.70842000
-10.83799884,39.70842000
-10.83699884,39.70842000
-10.83599884,39.70842000
-10.83499884,39.70842000
-10.83399884,39.70842000
-10.83299884,39.70842000
-10.83199884,39.70842000
-10.83099884,39.70842000
-10.82999884,39.70842000
-10.82899884,39.70842000
-10.82799884,39.70842000
-10.82699884,39.70842000
-10.82599884,39.70842000
-10.82499884,41.59695000
-10.82399884,41.59695000
-10.82299884,41.59695000
-10.82199884,41.59695000
-10.82099884,41.59695000
-10.81999884,41.59695000
-10.81899884,41.59695000
-10.81799884,41.59695000
-10.81699884,41.59695000
-10.81599884,41.59695000
-10.81499884,41.59695000
-10.81399884,41.59695000
-10.81299884,41.59695000
-10.81199884,41.59695000
-10.81099884,43.49163000
-10.80999884,43.49163000
-10.80899884,43.49163000
-10.80799884,43.49163000
-10.80699884,41.59695000
-10.80599884,41.59695000
-10.80499884,43.49163000
-10.80399884,43.49163000
-10.80299884,43.49163000
-10.80199884,43.49163000
-10.80099884,43.49163000
-10.79999884,43.49163000
-10.79899884,43.49163000
-10.79799884,43.49163000
-10.79699884,43.49163000
-10.79599884,43.49163000
-10.79499884,43.49163000
-10.79399884,43.49163000
-10.79299884,43.49163000
-10.79199884,43.49163000
-10.79099884,43.49163000
-10.78999884,43.49163000
-10.78899884,43.49163000
-10.78799884,43.49163000
-10.78699884,43.49163000
-10.78599884,43.49163000
-10.78499884,43.49163000
-10.78399884,43.49163000
-10.78299884,45.38017000
-10.78199884,45.38017000
-10.78099884,43.49163000
-10.77999884,43.49163000
-10.77899884,43.49163000
-10.77799884,43.49163000
-10.77699884,43.49163000
-10.77599884,43.49163000
-10.77499884,43.49163000
-10.77399884,45.38017000
-10.77299884,45.38017000
-10.77199884,45.38017000
-10.77099884,45.38017000
-10.76999884,43.49163000
-10.76899884,43.49163000
-10.76799884,43.49163000
-10.76699884,43.49163000
-10.76599884,43.49163000
-10.76499884,45.38017000
-10.76399884,45.38017000
-10.76299884,47.27485000
-10.76199884,47.27485000
-10.76099884,45.38017000
-10.75999884,43.49163000
-10.75899884,43.49163000
-10.75799884,43.49163000
-10.75699884,45.38017000
-10.75599884,45.38017000
-10.75499884,45.38017000
-10.75399884,47.27485000
-10.75299884,47.27485000
-10.75199884,47.27485000
-10.75099884,45.38017000
-10.74999884,45.38017000
-10.74899884,43.49163000
-10.74799884,43.49163000
-10.74699884,43.49163000
-10.74599884,45.38017000
-10.74499884,45.38017000
-10.74399884,45.38017000
-10.74299884,45.38017000
-10.74199884,45.38017000
-10.74099884,45.38017000
-10.73999884,45.38017000
-10.73899884,43.49163000
-10.73799884,43.49163000
-10.73699884,45.38017000
-10.73599884,45.38017000
-10.73499884,45.38017000
-10.73399884,45.38017000
-10.73299884,45.38017000
-10.73199884,45.38017000
-10.73099884,45.38017000
-10.72999884,45.38017000
-10.72899884,45.38017000
-10.72799884,45.38017000
-10.72699884,45.38017000
-10.72599884,45.38017000
-10.72499884,45.38017000
-10.72399884,43.49163000
-10.72299884,41.59695000
-10.72199884,41.59695000
-10.72099884,41.59695000
-10.71999884,41.59695000
-10.71899884,43.49163000
-10.71799884,45.38017000
-10.71699884,47.27485000
-10.71599884,47.27485000
-10.71499884,47.27485000
-10.71399884,47.27485000
-10.71299884,45.38017000
-10.71199884,43.49163000
-10.71099884,43.49163000
-10.70999884,43.49163000
-10.70899884,45.38017000
-10.70799884,45.38017000
-10.70699884,45.38017000
-10.70599884,45.38017000
-10.70499884,47.27485000
-10.70399884,45.38017000
-10.70299884,45.38017000
-10.70199884,43.49163000
-10.70099884,43.49163000
-10.69999884,41.59695000
-10.69899884,39.70842000
-10.69799884,37.81988000
-10.69699884,35.92520000
-10.69599884,35.92520000
-10.69499884,37.81988000
-10.69399884,37.81988000
-10.69299884,37.81988000
-10.69199884,39.70842000
-10.69099884,41.59695000
-10.68999884,41.59695000
-10.68899884,41.59695000
-10.68799884,39.70842000
-10.68699884,37.81988000
-10.68599884,35.92520000
-10.68499884,34.03666000
-10.68399884,32.14198000
-10.68299884,34.03666000
-10.68199884,35.92520000
-10.68099884,35.92520000
-10.67999884,37.81988000
-10.67899884,39.70842000
-10.67799884,39.70842000
-10.67699884,39.70842000
-10.67599884,35.92520000
-10.67499884,35.92520000
-10.67399884,35.92520000
-10.67299884,35.92520000
-10.67199884,34.03666000
-10.67099884,34.03666000
-10.66999884,35.92520000
-10.66899884,37.81988000
-10.66799884,39.70842000
-10.66699884,39.70842000
-10.66599884,39.70842000
-10.66499884,39.70842000
-10.66399884,39.70842000
-10.66299884,39.70842000
-10.66199884,39.70842000
-10.66099884,39.70842000
-10.65999884,39.70842000
-10.65899884,37.81988000
-10.65799884,37.81988000
-10.65699884,37.81988000
-10.65599884,37.81988000
-10.65499884,39.70842000
-10.65399884,41.59695000
-10.65299884,43.49163000
-10.65199884,43.49163000
-10.65099884,45.38017000
-10.64999884,45.38017000
-10.64899884,43.49163000
-10.64799884,41.59695000
-10.64699884,39.70842000
-10.64599884,39.70842000
-10.64499884,39.70842000
-10.64399884,39.70842000
-10.64299884,41.59695000
-10.64199884,43.49163000
-10.64099884,45.38017000
-10.63999884,45.38017000
-10.63899884,43.49163000
-10.63799884,41.59695000
-10.63699884,41.59695000
-10.63599884,41.59695000
-10.63499884,41.59695000
-10.63399884,41.59695000
-10.63299884,43.49163000
-10.63199884,43.49163000
-10.63099884,45.38017000
-10.62999884,45.38017000
-10.62899884,45.38017000
-10.62799884,43.49163000
-10.62699884,43.49163000
-10.62599884,43.49163000
-10.62499884,41.59695000
-10.62399884,41.59695000
-10.62299884,41.59695000
-10.62199884,41.59695000
-10.62099884,39.70842000
-10.61999884,39.70842000
-10.61899884,37.81988000
-10.61799884,37.81988000
-10.61699884,37.81988000
-10.61599884,37.81988000
-10.61499884,37.81988000
-10.61399884,37.81988000
-10.61299884,39.70842000
-10.61199884,39.70842000
-10.61099884,41.59695000
-10.60999884,41.59695000
-10.60899884,43.49163000
-10.60799884,43.49163000
-10.60699884,43.49163000
-10.60599884,43.49163000
-10.60499884,43.49163000
-10.60399885,41.59695000
-10.60299885,41.59695000
-10.60199885,41.59695000
-10.60099885,39.70842000
-10.59999885,39.70842000
-10.59899885,41.59695000
-10.59799885,41.59695000
-10.59699885,43.49163000
-10.59599885,43.49163000
-10.59499885,43.49163000
-10.59399885,43.49163000
-10.59299885,41.59695000
-10.59199885,39.70842000
-10.59099885,39.70842000
-10.58999885,41.59695000
-10.58899885,41.59695000
-10.58799885,45.38017000
-10.58699885,47.27485000
-10.58599885,49.16338000
-10.58499885,51.05191000
-10.58399885,51.05191000
-10.58299885,49.16338000
-10.58199885,47.27485000
-10.58099885,45.38017000
-10.57999885,43.49163000
-10.57899885,43.49163000
-10.57799885,43.49163000
-10.57699885,43.49163000
-10.57599885,43.49163000
-10.57499885,45.38017000
-10.57399885,45.38017000
-10.57299885,45.38017000
-10.57199885,45.38017000
-10.57099885,43.49163000
-10.56999885,43.49163000
-10.56899885,43.49163000
-10.56799885,45.38017000
-10.56699885,45.38017000
-10.56599885,45.38017000
-10.56499885,45.38017000
-10.56399885,45.38017000
-10.56299885,45.38017000
-10.56199885,47.27485000
-10.56099885,47.27485000
-10.55999885,49.16338000
-10.55899885,49.16338000
-10.55799885,49.16338000
-10.55699885,49.16338000
-10.55599885,49.16338000
-10.55499885,47.27485000
-10.55399885,47.27485000
-10.55299885,47.27485000
-10.55199885,45.38017000
-10.55099885,45.38017000
-10.54999885,45.38017000
-10.54899885,45.38017000
-10.54799885,47.27485000
-10.54699885,47.27485000
-10.54599885,47.27485000
-10.54499885,47.27485000
-10.54399885,47.27485000
-10.54299885,47.27485000
-10.54199885,47.27485000
-10.54099885,49.16338000
-10.53999885,49.16338000
-10.53899885,49.16338000
-10.53799885,47.27485000
-10.53699885,47.27485000
-10.53599885,47.27485000
-10.53499885,47.27485000
-10.53399885,47.27485000
-10.53299885,47.27485000
-10.53199885,47.27485000
-10.53099885,47.27485000
-10.52999885,47.27485000
-10.52899885,47.27485000
-10.52799885,45.38017000
-10.52699885,45.38017000
-10.52599885,43.49163000
-10.52499885,43.49163000
-10.52399885,41.59695000
-10.52299885,43.49163000
-10.52199885,43.49163000
-10.52099885,45.38017000
-10.51999885,45.38017000
-10.51899885,45.38017000
-10.51799885,45.38017000
-10.51699885,45.38017000
-10.51599885,45.38017000
-10.51499885,45.38017000
-10.51399885,43.49163000
-10.51299885,43.49163000
-10.51199885,43.49163000
-10.51099885,43.49163000
-10.50999885,43.49163000
-10.50899885,43.49163000
-10.50799885,43.49163000
-10.50699885,43.49163000
-10.50599885,43.49163000
-10.50499885,43.49163000
-10.50399885,43.49163000
-10.50299885,41.59695000
-10.50199885,41.59695000
-10.50099885,41.59695000
-10.49999885,43.49163000
-10.49899885,41.59695000
-10.49799885,41.59695000
-10.49699885,41.59695000
-10.49599885,41.59695000
-10.49499885,43.49163000
-10.49399885,45.38017000
-10.49299885,45.38017000
-10.49199885,43.49163000
-10.49099885,45.38017000
-10.48999885,43.49163000
-10.48899885,45.38017000
-10.48799885,43.49163000
-10.48699885,43.49163000
-10.48599885,43.49163000
-10.48499885,43.49163000
-10.48399885,43.49163000
-10.48299885,43.49163000
-10.48199885,43.49163000
-10.48099885,43.49163000
-10.47999885,41.59695000
-10.47899885,41.59695000
-10.47799885,41.59695000
-10.47699885,41.59695000
-10.47599885,41.59695000
-10.47499885,43.49163000
-10.47399885,43.49163000
-10.47299885,43.49163000
-10.47199885,43.49163000
-10.47099885,41.59695000
-10.46999885,41.59695000
-10.46899885,41.59695000
-10.46799885,41.59695000
-10.46699885,41.59695000
-10.46599885,41.59695000
-10.46499885,43.49163000
-10.46399885,43.49163000
-10.46299885,43.49163000
-10.46199885,43.49163000
-10.46099885,41.59695000
-10.45999885,39.70842000
-10.45899885,39.70842000
-10.45799885,39.70842000
-10.45699885,39.70842000
-10.45599885,41.59695000
-10.45499885,41.59695000
-10.45399885,41.59695000
-10.45299885,41.59695000
-10.45199885,41.59695000
-10.45099885,41.59695000
-10.44999885,41.59695000
-10.44899885,41.59695000
-10.44799885,41.59695000
-10.44699885,41.59695000
-10.44599885,41.59695000
-10.44499885,41.59695000
-10.44399885,41.59695000
-10.44299885,41.59695000
-10.44199885,43.49163000
-10.44099885,43.49163000
-10.43999885,41.59695000
-10.43899885,41.59695000
-10.43799885,41.59695000
-10.43699885,43.49163000
-10.43599885,43.49163000
-10.43499885,41.59695000
-10.43399885,41.59695000
-10.43299885,41.59695000
-10.43199885,41.59695000
-10.43099885,41.59695000
-10.42999885,43.49163000
-10.42899885,43.49163000
-10.42799885,43.49163000
-10.42699885,45.38017000
-10.42599885,43.49163000
-10.42499885,43.49163000
-10.42399885,43.49163000
-10.42299885,43.49163000
-10.42199885,43.49163000
-10.42099885,43.49163000
-10.41999885,43.49163000
-10.41899885,45.38017000
-10.41799885,45.38017000
-10.41699885,45.38017000
-10.41599885,45.38017000
-10.41499885,45.38017000
-10.41399885,43.49163000
-10.41299885,43.49163000
-10.41199885,41.59695000
-10.41099885,43.49163000
-10.40999885,43.49163000
-10.40899885,43.49163000
-10.40799885,43.49163000
-10.40699885,43.49163000
-10.40599885,43.49163000
-10.40499885,43.49163000
-10.40399885,43.49163000
-10.40299885,41.59695000
-10.40199885,41.59695000
-10.40099885,41.59695000
-10.39999885,41.59695000
-10.39899885,41.59695000
-10.39799885,41.59695000
-10.39699885,41.59695000
-10.39599885,41.59695000
-10.39499885,43.49163000
-10.39399885,41.59695000
-10.39299885,43.49163000
-10.39199885,41.59695000
-10.39099885,43.49163000
-10.38999885,43.49163000
-10.38899885,41.59695000
-10.38799885,41.59695000
-10.38699885,39.70842000
-10.38599885,39.70842000
-10.38499885,39.70842000
-10.38399885,39.70842000
-10.38299885,39.70842000
-10.38199885,41.59695000
-10.38099885,41.59695000
-10.37999885,43.49163000
-10.37899885,43.49163000
-10.37799885,43.49163000
-10.37699885,43.49163000
-10.37599885,41.59695000
-10.37499885,41.59695000
-10.37399885,41.59695000
-10.37299885,41.59695000
-10.37199885,41.59695000
-10.37099885,43.49163000
-10.36999885,43.49163000
-10.36899885,43.49163000
-10.36799885,45.38017000
-10.36699885,43.49163000
-10.36599885,43.49163000
-10.36499885,45.38017000
-10.36399885,45.38017000
-10.36299885,45.38017000
-10.36199885,43.49163000
-10.36099885,43.49163000
-10.35999885,41.59695000
-10.35899885,41.59695000
-10.35799885,41.59695000
-10.35699885,43.49163000
-10.35599885,43.49163000
-10.35499885,45.38017000
-10.35399885,45.38017000
-10.35299885,47.27485000
-10.35199885,45.38017000
-10.35099885,43.49163000
-10.34999885,43.49163000
-10.34899885,41.59695000
-10.34799885,39.70842000
-10.34699885,41.59695000
-10.34599885,43.49163000
-10.34499885,45.38017000
-10.34399885,45.38017000
-10.34299885,47.27485000
-10.34199885,45.38017000
-10.34099885,45.38017000
-10.33999885,43.49163000
-10.33899885,41.59695000
-10.33799885,39.70842000
-10.33699885,39.70842000
-10.33599885,37.81988000
-10.33499885,39.70842000
-10.33399885,39.70842000
-10.33299885,39.70842000
-10.33199885,41.59695000
-10.33099885,41.59695000
-10.32999885,41.59695000
-10.32899885,41.59695000
-10.32799885,39.70842000
-10.32699885,39.70842000
-10.32599885,39.70842000
-10.32499885,41.59695000
-10.32399885,39.70842000
-10.32299885,39.70842000
-10.32199885,39.70842000
-10.32099885,41.59695000
-10.31999885,39.70842000
-10.31899885,39.70842000
-10.31799885,39.70842000
-10.31699885,41.59695000
-10.31599885,41.59695000
-10.31499885,43.49163000
-10.31399885,43.49163000
-10.31299885,43.49163000
-10.31199885,43.49163000
-10.31099885,45.38017000
-10.30999885,45.38017000
-10.30899885,45.38017000
-10.30799885,45.38017000
-10.30699885,45.38017000
-10.30599885,47.27485000
-10.30499885,47.27485000
-10.30399885,47.27485000
-10.30299885,47.27485000
-10.30199885,49.16338000
-10.30099885,49.16338000
-10.29999885,49.16338000
-10.29899885,49.16338000
-10.29799885,47.27485000
-10.29699885,47.27485000
-10.29599885,47.27485000
-10.29499885,47.27485000
-10.29399885,45.38017000
-10.29299885,45.38017000
-10.29199885,45.38017000
-10.29099885,45.38017000
-10.28999885,45.38017000
-10.28899885,47.27485000
-10.28799885,47.27485000
-10.28699885,47.27485000
-10.28599885,47.27485000
-10.28499885,45.38017000
-10.28399885,43.49163000
-10.28299885,43.49163000
-10.28199885,41.59695000
-10.28099885,43.49163000
-10.27999885,43.49163000
-10.27899885,43.49163000
-10.27799885,43.49163000
-10.27699885,43.49163000
-10.27599885,43.49163000
-10.27499885,41.59695000
-10.27399885,41.59695000
-10.27299885,41.59695000
-10.27199885,41.59695000
-10.27099885,41.59695000
-10.26999885,41.59695000
-10.26899885,41.59695000
-10.26799885,41.59695000
-10.26699885,41.59695000
-10.26599885,41.59695000
-10.26499885,41.59695000
-10.26399885,41.59695000
-10.26299885,41.59695000
-10.26199885,41.59695000
-10.26099885,41.59695000
-10.25999885,41.59695000
-10.25899885,41.59695000
-10.25799885,43.49163000
-10.25699885,43.49163000
-10.25599885,43.49163000
-10.25499885,41.59695000
-10.25399885,41.59695000
-10.25299885,41.59695000
-10.25199885,41.59695000
-10.25099885,43.49163000
-10.24999886,43.49163000
-10.24899886,45.38017000
-10.24799886,45.38017000
-10.24699886,45.38017000
-10.24599886,45.38017000
-10.24499886,43.49163000
-10.24399886,43.49163000
-10.24299886,43.49163000
-10.24199886,43.49163000
-10.24099886,43.49163000
-10.23999886,43.49163000
-10.23899886,43.49163000
-10.23799886,43.49163000
-10.23699886,43.49163000
-10.23599886,43.49163000
-10.23499886,43.49163000
-10.23399886,43.49163000
-10.23299886,45.38017000
-10.23199886,45.38017000
-10.23099886,43.49163000
-10.22999886,41.59695000
-10.22899886,41.59695000
-10.22799886,41.59695000
-10.22699886,41.59695000
-10.22599886,41.59695000
-10.22499886,41.59695000
-10.22399886,41.59695000
-10.22299886,41.59695000
-10.22199886,43.49163000
-10.22099886,41.59695000
-10.21999886,41.59695000
-10.21899886,41.59695000
-10.21799886,39.70842000
-10.21699886,39.70842000
-10.21599886,39.70842000
-10.21499886,39.70842000
-10.21399886,39.70842000
-10.21299886,39.70842000
-10.21199886,39.70842000
-10.21099886,39.70842000
-10.20999886,37.81988000
-10.20899886,37.81988000
-10.20799886,35.92520000
-10.20699886,35.92520000
-10.20599886,35.92520000
-10.20499886,37.81988000
-10.20399886,37.81988000
-10.20299886,35.92520000
-10.20199886,35.92520000
-10.20099886,35.92520000
-10.19999886,35.92520000
-10.19899886,35.92520000
-10.19799886,35.92520000
-10.19699886,37.81988000
-10.19599886,37.81988000
-10.19499886,37.81988000
-10.19399886,37.81988000
-10.19299886,37.81988000
-10.19199886,37.81988000
-10.19099886,37.81988000
-10.18999886,37.81988000
-10.18899886,37.81988000
-10.18799886,37.81988000
-10.18699886,37.81988000
-10.18599886,37.81988000
-10.18499886,37.81988000
-10.18399886,39.70842000
-10.18299886,39.70842000
-10.18199886,39.70842000
-10.18099886,39.70842000
-10.17999886,39.70842000
-10.17899886,39.70842000
-10.17799886,39.70842000
-10.17699886,39.70842000
-10.17599886,37.81988000
-10.17499886,37.81988000
-10.17399886,37.81988000
-10.17299886,37.81988000
-10.17199886,37.81988000
-10.17099886,35.92520000
-10.16999886,35.92520000
-10.16899886,37.81988000
-10.16799886,37.81988000
-10.16699886,37.81988000
-10.16599886,37.81988000
-10.16499886,37.81988000
-10.16399886,35.92520000
-10.16299886,35.92520000
-10.16199886,35.92520000
-10.16099886,37.81988000
-10.15999886,37.81988000
-10.15899886,37.81988000
-10.15799886,37.81988000
-10.15699886,37.81988000
-10.15599886,35.92520000
-10.15499886,35.92520000
-10.15399886,35.92520000
-10.15299886,35.92520000
-10.15199886,37.81988000
-10.15099886,35.92520000
-10.14999886,35.92520000
-10.14899886,35.92520000
-10.14799886,35.92520000
-10.14699886,35.92520000
-10.14599886,35.92520000
-10.14499886,35.92520000
-10.14399886,35.92520000
-10.14299886,35.92520000
-10.14199886,37.81988000
-10.14099886,37.81988000
-10.13999886,37.81988000
-10.13899886,37.81988000
-10.13799886,37.81988000
-10.13699886,37.81988000
-10.13599886,37.81988000
-10.13499886,37.81988000
-10.13399886,37.81988000
-10.13299886,37.81988000
-10.13199886,37.81988000
-10.13099886,37.81988000
-10.12999886,37.81988000
-10.12899886,39.70842000
-10.12799886,39.70842000
-10.12699886,39.70842000
-10.12599886,39.70842000
-10.12499886,39.70842000
-10.12399886,39.70842000
-10.12299886,39.70842000
-10.12199886,39.70842000
-10.12099886,39.70842000
-10.11999886,37.81988000
-10.11899886,37.81988000
-10.11799886,37.81988000
-10.11699886,37.81988000
-10.11599886,37.81988000
-10.11499886,37.81988000
-10.11399886,37.81988000
-10.11299886,39.70842000
-10.11199886,39.70842000
-10.11099886,37.81988000
-10.10999886,37.81988000
-10.10899886,37.81988000
-10.10799886,35.92520000
-10.10699886,35.92520000
-10.10599886,35.92520000
-10.10499886,35.92520000
-10.10399886,37.81988000
-10.10299886,37.81988000
-10.10199886,37.81988000
-10.10099886,37.81988000
-10.09999886,37.81988000
-10.09899886,37.81988000
-10.09799886,35.92520000
-10.09699886,35.92520000
-10.09599886,35.92520000
-10.09499886,35.92520000
-10.09399886,35.92520000
-10.09299886,35.92520000
-10.09199886,35.92520000
-10.09099886,35.92520000
-10.08999886,35.92520000
-10.08899886,37.81988000
-10.08799886,35.92520000
-10.08699886,35.92520000
-10.08599886,35.92520000
-10.08499886,35.92520000
-10.08399886,35.92520000
-10.08299886,35.92520000
-10.08199886,35.92520000
-10.08099886,35.92520000
-10.07999886,35.92520000
-10.07899886,35.92520000
-10.07799886,37.81988000
-10.07699886,37.81988000
-10.07599886,37.81988000
-10.07499886,37.81988000
-10.07399886,35.92520000
-10.07299886,37.81988000
-10.07199886,37.81988000
-10.07099886,35.92520000
-10.06999886,35.92520000
-10.06899886,35.92520000
-10.06799886,37.81988000
-10.06699886,37.81988000
-10.06599886,39.70842000
-10.06499886,39.70842000
-10.06399886,37.81988000
-10.06299886,37.81988000
-10.06199886,37.81988000
-10.06099886,37.81988000
-10.05999886,37.81988000
-10.05899886,37.81988000
-10.05799886,37.81988000
-10.05699886,39.70842000
-10.05599886,39.70842000
-10.05499886,39.70842000
-10.05399886,39.70842000
-10.05299886,37.81988000
-10.05199886,35.92520000
-10.05099886,35.92520000
-10.04999886,35.92520000
-10.04899886,37.81988000
-10.04799886,37.81988000
-10.04699886,39.70842000
-10.04599886,39.70842000
-10.04499886,39.70842000
-10.04399886,39.70842000
-10.04299886,37.81988000
-10.04199886,37.81988000
-10.04099886,37.81988000
-10.03999886,37.81988000
-10.03899886,37.81988000
-10.03799886,39.70842000
-10.03699886,39.70842000
-10.03599886,39.70842000
-10.03499886,39.70842000
-10.03399886,39.70842000
-10.03299886,37.81988000
-10.03199886,37.81988000
-10.03099886,37.81988000
-10.02999886,37.81988000
-10.02899886,37.81988000
-10.02799886,37.81988000
-10.02699886,39.70842000
-10.02599886,39.70842000
-10.02499886,37.81988000
-10.02399886,37.81988000
-10.02299886,35.92520000
-10.02199886,35.92520000
-10.02099886,35.92520000
-10.01999886,35.92520000
-10.01899886,37.81988000
-10.01799886,39.70842000
-10.01699886,39.70842000
-10.01599886,39.70842000
-10.01499886,39.70842000
-10.01399886,37.81988000
-10.01299886,35.92520000
-10.01199886,35.92520000
-10.01099886,35.92520000
-10.00999886,35.92520000
-10.00899886,37.81988000
-10.00799886,37.81988000
-10.00699886,37.81988000
-10.00599886,37.81988000
-10.00499886,37.81988000
-10.00399886,37.81988000
-10.00299886,37.81988000
-10.00199886,37.81988000
-10.00099886,37.81988000
-9.99999886,35.92520000
-9.99899886,35.92520000
-9.99799886,34.03666000
-9.99699886,34.03666000
-9.99599886,34.03666000
-9.99499886,35.92520000
-9.99399886,35.92520000
-9.99299886,39.70842000
-9.99199886,39.70842000
-9.99099886,41.59695000
-9.98999886,41.59695000
-9.98899886,39.70842000
-9.98799886,37.81988000
-9.98699886,34.03666000
-9.98599886,32.14198000
-9.98499886,32.14198000
-9.98399886,34.03666000
-9.98299886,35.92520000
-9.98199886,37.81988000
-9.98099886,39.70842000
-9.97999886,41.59695000
-9.97899886,41.59695000
-9.97799886,39.70842000
-9.97699886,37.81988000
-9.97599886,35.92520000
-9.97499886,34.03666000
-9.97399886,32.14198000
-9.97299886,34.03666000
-9.97199886,35.92520000
-9.97099886,37.81988000
-9.96999886,37.81988000
-9.96899886,39.70842000
-9.96799886,39.70842000
-9.96699886,39.70842000
-9.96599886,37.81988000
-9.96499886,35.92520000
-9.96399886,35.92520000
-9.96299886,34.03666000
-9.96199886,34.03666000
-9.96099886,35.92520000
-9.95999886,34.03666000
-9.95899886,34.03666000
-9.95799886,35.92520000
-9.95699886,35.92520000
-9.95599886,37.81988000
-9.95499886,37.81988000
-9.95399886,37.81988000
-9.95299886,37.81988000
-9.95199886,35.92520000
-9.95099886,34.03666000
-9.94999886,34.03666000
-9.94899886,32.14198000
-9.94799886,32.14198000
-9.94699886,34.03666000
-9.94599886,34.03666000
-9.94499886,35.92520000
-9.94399886,35.92520000
-9.94299886,35.92520000
-9.94199886,35.92520000
-9.94099886,35.92520000
-9.93999886,34.03666000
-9.93899886,32.14198000
-9.93799886,32.14198000
-9.93699886,32.14198000
-9.93599886,32.14198000
-9.93499886,34.03666000
-9.93399886,34.03666000
-9.93299886,35.92520000
-9.93199886,35.92520000
-9.93099886,35.92520000
-9.92999886,35.92520000
-9.92899886,34.03666000
-9.92799886,34.03666000
-9.92699886,34.03666000
-9.92599886,34.03666000
-9.92499886,34.03666000
-9.92399886,35.92520000
-9.92299886,35.92520000
-9.92199886,35.92520000
-9.92099886,37.81988000
-9.91999886,35.92520000
-9.91899886,35.92520000
-9.91799886,35.92520000
-9.91699886,35.92520000
-9.91599886,35.92520000
-9.91499886,35.92520000
-9.91399886,34.03666000
-9.91299886,35.92520000
-9.91199886,35.92520000
-9.91099886,35.92520000
-9.90999886,37.81988000
-9.90899886,37.81988000
-9.90799886,35.92520000
-9.90699886,35.92520000
-9.90599886,37.81988000
-9.90499886,37.81988000
-9.90399886,37.81988000
-9.90299886,35.92520000
-9.90199886,35.92520000
-9.90099886,34.03666000
-9.89999886,35.92520000
-9.89899886,35.92520000
-9.89799886,35.92520000
-9.89699886,35.92520000
-9.89599887,35.92520000
-9.89499887,35.92520000
-9.89399887,35.92520000
-9.89299887,35.92520000
-9.89199887,34.03666000
-9.89099887,34.03666000
-9.88999887,32.14198000
-9.88899887,34.03666000
-9.88799887,34.03666000
-9.88699887,34.03666000
-9.88599887,34.03666000
-9.88499887,35.92520000
-9.88399887,35.92520000
-9.88299887,35.92520000
-9.88199887,34.03666000
-9.88099887,34.03666000
-9.87999887,32.14198000
-9.87899887,32.14198000
-9.87799887,32.14198000
-9.87699887,32.14198000
-9.87599887,32.14198000
-9.87499887,32.14198000
-9.87399887,34.03666000
-9.87299887,34.03666000
-9.87199887,34.03666000
-9.87099887,34.03666000
-9.86999887,34.03666000
-9.86899887,34.03666000
-9.86799887,32.14198000
-9.86699887,32.14198000
-9.86599887,32.14198000
-9.86499887,32.14198000
-9.86399887,32.14198000
-9.86299887,34.03666000
-9.86199887,34.03666000
-9.86099887,34.03666000
-9.85999887,34.03666000
-9.85899887,34.03666000
-9.85799887,34.03666000
-9.85699887,34.03666000
-9.85599887,34.03666000
-9.85499887,34.03666000
-9.85399887,34.03666000
-9.85299887,34.03666000
-9.85199887,34.03666000
-9.85099887,35.92520000
-9.84999887,35.92520000
-9.84899887,35.92520000
-9.84799887,35.92520000
-9.84699887,35.92520000
-9.84599887,34.03666000
-9.84499887,34.03666000
-9.84399887,34.03666000
-9.84299887,35.92520000
-9.84199887,34.03666000
-9.84099887,34.03666000
-9.83999887,34.03666000
-9.83899887,34.03666000
-9.83799887,34.03666000
-9.83699887,34.03666000
-9.83599887,34.03666000
-9.83499887,34.03666000
-9.83399887,34.03666000
-9.83299887,34.03666000
-9.83199887,34.03666000
-9.83099887,34.03666000
-9.82999887,32.14198000
-9.82899887,32.14198000
-9.82799887,32.14198000
-9.82699887,32.14198000
-9.82599887,32.14198000
-9.82499887,32.14198000
-9.82399887,30.25344000
-9.82299887,30.25344000
-9.82199887,32.14198000
-9.82099887,32.14198000
-9.81999887,32.14198000
-9.81899887,32.14198000
-9.81799887,32.14198000
-9.81699887,32.14198000
-9.81599887,32.14198000
-9.81499887,30.25344000
-9.81399887,30.25344000
-9.81299887,30.25344000
-9.81199887,32.14198000
-9.81099887,32.14198000
-9.80999887,32.14198000
-9.80899887,32.14198000
-9.80799887,32.14198000
-9.80699887,32.14198000
-9.80599887,32.14198000
-9.80499887,32.14198000
-9.80399887,32.14198000
-9.80299887,30.25344000
-9.80199887,30.25344000
-9.80099887,32.14198000
-9.79999887,34.03666000
-9.79899887,34.03666000
-9.79799887,34.03666000
-9.79699887,34.03666000
-9.79599887,34.03666000
-9.79499887,34.03666000
-9.79399887,34.03666000
-9.79299887,34.03666000
-9.79199887,32.14198000
-9.79099887,32.14198000
-9.78999887,34.03666000
-9.78899887,34.03666000
-9.78799887,34.03666000
-9.78699887,34.03666000
-9.78599887,32.14198000
-9.78499887,32.14198000
-9.78399887,32.14198000
-9.78299887,32.14198000
-9.78199887,32.14198000
-9.78099887,32.14198000
-9.77999887,32.14198000
-9.77899887,32.14198000
-9.77799887,32.14198000
-9.77699887,34.03666000
-9.77599887,34.03666000
-9.77499887,32.14198000
-9.77399887,32.14198000
-9.77299887,32.14198000
-9.77199887,30.25344000
-9.77099887,30.25344000
-9.76999887,32.14198000
-9.76899887,32.14198000
-9.76799887,32.14198000
-9.76699887,32.14198000
-9.76599887,32.14198000
-9.76499887,32.14198000
-9.76399887,30.25344000
-9.76299887,30.25344000
-9.76199887,30.25344000
-9.76099887,30.25344000
-9.75999887,30.25344000
-9.75899887,32.14198000
-9.75799887,32.14198000
-9.75699887,32.14198000
-9.75599887,32.14198000
-9.75499887,32.14198000
-9.75399887,30.25344000
-9.75299887,30.25344000
-9.75199887,30.25344000
-9.75099887,32.14198000
-9.74999887,32.14198000
-9.74899887,32.14198000
-9.74799887,32.14198000
-9.74699887,32.14198000
-9.74599887,32.14198000
-9.74499887,32.14198000
-9.74399887,30.25344000
-9.74299887,30.25344000
-9.74199887,32.14198000
-9.74099887,32.14198000
-9.73999887,32.14198000
-9.73899887,32.14198000
-9.73799887,32.14198000
-9.73699887,32.14198000
-9.73599887,30.25344000
-9.73499887,30.25344000
-9.73399887,30.25344000
-9.73299887,30.25344000
-9.73199887,30.25344000
-9.73099887,32.14198000
-9.72999887,32.14198000
-9.72899887,32.14198000
-9.72799887,30.25344000
-9.72699887,30.25344000
-9.72599887,30.25344000
-9.72499887,30.25344000
-9.72399887,30.25344000
-9.72299887,30.25344000
-9.72199887,30.25344000
-9.72099887,32.14198000
-9.71999887,30.25344000
-9.71899887,30.25344000
-9.71799887,30.25344000
-9.71699887,30.25344000
-9.71599887,30.25344000
-9.71499887,30.25344000
-9.71399887,30.25344000
-9.71299887,30.25344000
-9.71199887,30.25344000
-9.71099887,30.25344000
-9.70999887,30.25344000
-9.70899887,30.25344000
-9.70799887,30.25344000
-9.70699887,28.36491000
-9.70599887,30.25344000
-9.70499887,30.25344000
-9.70399887,30.25344000
-9.70299887,30.25344000
-9.70199887,30.25344000
-9.70099887,30.25344000
-9.69999887,30.25344000
-9.69899887,30.25344000
-9.69799887,28.36491000
-9.69699887,30.25344000
-9.69599887,30.25344000
-9.69499887,30.25344000
-9.69399887,32.14198000
-9.69299887,32.14198000
-9.69199887,30.25344000
-9.69099887,30.25344000
-9.68999887,28.36491000
-9.68899887,30.25344000
-9.68799887,28.36491000
-9.68699887,28.36491000
-9.68599887,30.25344000
-9.68499887,32.14198000
-9.68399887,32.14198000
-9.68299887,32.14198000
-9.68199887,30.25344000
-9.68099887,30.25344000
-9.67999887,28.36491000
-9.67899887,28.36491000
-9.67799887,28.36491000
-9.67699887,28.36491000
-9.67599887,30.25344000
-9.67499887,30.25344000
-9.67399887,30.25344000
-9.67299887,32.14198000
-9.67199887,30.25344000
-9.67099887,28.36491000
-9.66999887,28.36491000
-9.66899887,28.36491000
-9.66799887,28.36491000
-9.66699887,28.36491000
-9.66599887,30.25344000
-9.66499887,30.25344000
-9.66399887,30.25344000
-9.66299887,30.25344000
-9.66199887,30.25344000
-9.66099887,28.36491000
-9.65999887,26.47023000
-9.65899887,26.47023000
-9.65799887,28.36491000
-9.65699887,28.36491000
-9.65599887,30.25344000
-9.65499887,30.25344000
-9.65399887,30.25344000
-9.65299887,30.25344000
-9.65199887,28.36491000
-9.65099887,28.36491000
-9.64999887,26.47023000
-9.64899887,26.47023000
-9.64799887,28.36491000
-9.64699887,28.36491000
-9.64599887,28.36491000
-9.64499887,28.36491000
-9.64399887,28.36491000
-9.64299887,28.36491000
-9.64199887,28.36491000
-9.64099887,28.36491000
-9.63999887,26.47023000
-9.63899887,26.47023000
-9.63799887,28.36491000
-9.63699887,30.25344000
-9.63599887,28.36491000
-9.63499887,28.36491000
-9.63399887,28.36491000
-9.63299887,28.36491000
-9.63199887,28.36491000
-9.63099887,28.36491000
-9.62999887,28.36491000
-9.62899887,28.36491000
-9.62799887,28.36491000
-9.62699887,30.25344000
-9.62599887,30.25344000
-9.62499887,30.25344000
-9.62399887,28.36491000
-9.62299887,28.36491000
-9.62199887,28.36491000
-9.62099887,28.36491000
-9.61999887,28.36491000
-9.61899887,28.36491000
-9.61799887,30.25344000
-9.61699887,30.25344000
-9.61599887,30.25344000
-9.61499887,30.25344000
-9.61399887,28.36491000
-9.61299887,28.36491000
-9.61199887,30.25344000
-9.61099887,30.25344000
-9.60999887,30.25344000
-9.60899887,30.25344000
-9.60799887,30.25344000
-9.60699887,30.25344000
-9.60599887,30.25344000
-9.60499887,30.25344000
-9.60399887,28.36491000
-9.60299887,28.36491000
-9.60199887,28.36491000
-9.60099887,30.25344000
-9.59999887,30.25344000
-9.59899887,30.25344000
-9.59799887,28.36491000
-9.59699887,28.36491000
-9.59599887,26.47023000
-9.59499887,26.47023000
-9.59399887,26.47023000
-9.59299887,26.47023000
-9.59199887,26.47023000
-9.59099887,28.36491000
-9.58999887,28.36491000
-9.58899887,28.36491000
-9.58799887,28.36491000
-9.58699887,26.47023000
-9.58599887,26.47023000
-9.58499887,26.47023000
-9.58399887,26.47023000
-9.58299887,26.47023000
-9.58199887,26.47023000
-9.58099887,28.36491000
-9.57999887,28.36491000
-9.57899887,28.36491000
-9.57799887,26.47023000
-9.57699887,26.47023000
-9.57599887,24.58169000
-9.57499887,24.58169000
-9.57399887,26.47023000
-9.57299887,26.47023000
-9.57199887,26.47023000
-9.57099887,28.36491000
-9.56999887,28.36491000
-9.56899887,28.36491000
-9.56799887,28.36491000
-9.56699887,26.47023000
-9.56599887,26.47023000
-9.56499887,26.47023000
-9.56399887,28.36491000
-9.56299887,28.36491000
-9.56199887,28.36491000
-9.56099887,28.36491000
-9.55999887,28.36491000
-9.55899887,28.36491000
-9.55799887,28.36491000
-9.55699887,28.36491000
-9.55599887,28.36491000
-9.55499887,28.36491000
-9.55399887,28.36491000
-9.55299887,30.25344000
-9.55199887,30.25344000
-9.55099887,30.25344000
-9.54999887,28.36491000
-9.54899887,28.36491000
-9.54799887,28.36491000
-9.54699887,28.36491000
-9.54599887,28.36491000
-9.54499887,28.36491000
-9.54399887,30.25344000
-9.54299888,28.36491000
-9.54199888,28.36491000
-9.54099888,28.36491000
-9.53999888,28.36491000
-9.53899888,28.36491000
-9.53799888,26.47023000
-9.53699888,28.36491000
-9.53599888,28.36491000
-9.53499888,28.36491000
-9.53399888,28.36491000
-9.53299888,30.25344000
-9.53199888,28.36491000
-9.53099888,26.47023000
-9.52999888,24.58169000
-9.52899888,24.58169000
-9.52799888,24.58169000
-9.52699888,26.47023000
-9.52599888,26.47023000
-9.52499888,26.47023000
-9.52399888,26.47023000
-9.52299888,28.36491000
-9.52199888,26.47023000
-9.52099888,26.47023000
-9.51999888,26.47023000
-9.51899888,24.58169000
-9.51799888,26.47023000
-9.51699888,26.47023000
-9.51599888,26.47023000
-9.51499888,26.47023000
-9.51399888,26.47023000
-9.51299888,26.47023000
-9.51199888,26.47023000
-9.51099888,26.47023000
-9.50999888,26.47023000
-9.50899888,26.47023000
-9.50799888,26.47023000
-9.50699888,26.47023000
-9.50599888,26.47023000
-9.50499888,26.47023000
-9.50399888,26.47023000
-9.50299888,26.47023000
-9.50199888,28.36491000
-9.50099888,28.36491000
-9.49999888,28.36491000
-9.49899888,28.36491000
-9.49799888,26.47023000
-9.49699888,26.47023000
-9.49599888,26.47023000
-9.49499888,26.47023000
-9.49399888,26.47023000
-9.49299888,26.47023000
-9.49199888,26.47023000
-9.49099888,28.36491000
-9.48999888,28.36491000
-9.48899888,28.36491000
-9.48799888,28.36491000
-9.48699888,26.47023000
-9.48599888,26.47023000
-9.48499888,26.47023000
-9.48399888,26.47023000
-9.48299888,26.47023000
-9.48199888,26.47023000
-9.48099888,28.36491000
-9.47999888,28.36491000
-9.47899888,28.36491000
-9.47799888,28.36491000
-9.47699888,28.36491000
-9.47599888,26.47023000
-9.47499888,26.47023000
-9.47399888,24.58169000
-9.47299888,24.58169000
-9.47199888,24.58169000
-9.47099888,26.47023000
-9.46999888,26.47023000
-9.46899888,28.36491000
-9.46799888,28.36491000
-9.46699888,28.36491000
-9.46599888,28.36491000
-9.46499888,28.36491000
-9.46399888,26.47023000
-9.46299888,26.47023000
-9.46199888,26.47023000
-9.46099888,26.47023000
-9.45999888,26.47023000
-9.45899888,28.36491000
-9.45799888,28.36491000
-9.45699888,28.36491000
-9.45599888,26.47023000
-9.45499888,26.47023000
-9.45399888,26.47023000
-9.45299888,26.47023000
-9.45199888,24.58169000
-9.45099888,26.47023000
-9.44999888,26.47023000
-9.44899888,28.36491000
-9.44799888,28.36491000
-9.44699888,28.36491000
-9.44599888,26.47023000
-9.44499888,26.47023000
-9.44399888,26.47023000
-9.44299888,26.47023000
-9.44199888,26.47023000
-9.44099888,24.58169000
-9.43999888,24.58169000
-9.43899888,24.58169000
-9.43799888,26.47023000
-9.43699888,26.47023000
-9.43599888,26.47023000
-9.43499888,26.47023000
-9.43399888,26.47023000
-9.43299888,26.47023000
-9.43199888,26.47023000
-9.43099888,24.58169000
-9.42999888,24.58169000
-9.42899888,24.58169000
-9.42799888,24.58169000
-9.42699888,24.58169000
-9.42599888,26.47023000
-9.42499888,26.47023000
-9.42399888,26.47023000
-9.42299888,26.47023000
-9.42199888,26.47023000
-9.42099888,26.47023000
-9.41999888,24.58169000
-9.41899888,24.58169000
-9.41799888,22.68701000
-9.41699888,24.58169000
-9.41599888,24.58169000
-9.41499888,26.47023000
-9.41399888,26.47023000
-9.41299888,26.47023000
-9.41199888,26.47023000
-9.41099888,26.47023000
-9.40999888,26.47023000
-9.40899888,24.58169000
-9.40799888,22.68701000
-9.40699888,22.68701000
-9.40599888,24.58169000
-9.40499888,24.58169000
-9.40399888,26.47023000
-9.40299888,26.47023000
-9.40199888,26.47023000
-9.40099888,28.36491000
-9.39999888,26.47023000
-9.39899888,24.58169000
-9.39799888,24.58169000
-9.39699888,24.58169000
-9.39599888,24.58169000
-9.39499888,24.58169000
-9.39399888,24.58169000
-9.39299888,26.47023000
-9.39199888,26.47023000
-9.39099888,26.47023000
-9.38999888,26.47023000
-9.38899888,26.47023000
-9.38799888,26.47023000
-9.38699888,24.58169000
-9.38599888,24.58169000
-9.38499888,24.58169000
-9.38399888,24.58169000
-9.38299888,24.58169000
-9.38199888,24.58169000
-9.38099888,24.58169000
-9.37999888,24.58169000
-9.37899888,26.47023000
-9.37799888,26.47023000
-9.37699888,24.58169000
-9.37599888,24.58169000
-9.37499888,24.58169000
-9.37399888,22.68701000
-9.37299888,22.68701000
-9.37199888,22.68701000
-9.37099888,22.68701000
-9.36999888,22.68701000
-9.36899888,24.58169000
-9.36799888,24.58169000
-9.36699888,24.58169000
-9.36599888,22.68701000
-9.36499888,22.68701000
-9.36399888,22.68701000
-9.36299888,22.68701000
-9.36199888,22.68701000
-9.36099888,22.68701000
-9.35999888,22.68701000
-9.35899888,22.68701000
-9.35799888,22.68701000
-9.35699888,22.68701000
-9.35599888,22.68701000
-9.35499888,22.68701000
-9.35399888,22.68701000
-9.35299888,22.68701000
-9.35199888,22.68701000
-9.35099888,22.68701000
-9.34999888,22.68701000
-9.34899888,22.68701000
-9.34799888,22.68701000
-9.34699888,24.58169000
-9.34599888,24.58169000
-9.34499888,24.58169000
-9.34399888,24.58169000
-9.34299888,24.58169000
-9.34199888,24.58169000
-9.34099888,26.47023000
-9.33999888,26.47023000
-9.33899888,26.47023000
-9.33799888,24.58169000
-9.33699888,24.58169000
-9.33599888,22.68701000
-9.33499888,22.68701000
-9.33399888,22.68701000
-9.33299888,24.58169000
-9.33199888,24.58169000
-9.33099888,26.47023000
-9.32999888,26.47023000
-9.32899888,26.47023000
-9.32799888,26.47023000
-9.32699888,24.58169000
-9.32599888,22.68701000
-9.32499888,22.68701000
-9.32399888,20.79847000
-9.32299888,22.68701000
-9.32199888,24.58169000
-9.32099888,24.58169000
-9.31999888,26.47023000
-9.31899888,26.47023000
-9.31799888,24.58169000
-9.31699888,24.58169000
-9.31599888,22.68701000
-9.31499888,22.68701000
-9.31399888,22.68701000
-9.31299888,22.68701000
-9.31199888,22.68701000
-9.31099888,20.79847000
-9.30999888,20.79847000
-9.30899888,20.79847000
-9.30799888,22.68701000
-9.30699888,22.68701000
-9.30599888,22.68701000
-9.30499888,22.68701000
-9.30399888,22.68701000
-9.30299888,22.68701000
-9.30199888,22.68701000
-9.30099888,24.58169000
-9.29999888,22.68701000
-9.29899888,22.68701000
-9.29799888,22.68701000
-9.29699888,22.68701000
-9.29599888,22.68701000
-9.29499888,22.68701000
-9.29399888,22.68701000
-9.29299888,22.68701000
-9.29199888,22.68701000
-9.29099888,24.58169000
-9.28999888,22.68701000
-9.28899888,22.68701000
-9.28799888,22.68701000
-9.28699888,20.79847000
-9.28599888,22.68701000
-9.28499888,22.68701000
-9.28399888,24.58169000
-9.28299888,24.58169000
-9.28199888,22.68701000
-9.28099888,22.68701000
-9.27999888,22.68701000
-9.27899888,22.68701000
-9.27799888,22.68701000
-9.27699888,22.68701000
-9.27599888,22.68701000
-9.27499888,24.58169000
-9.27399888,24.58169000
-9.27299888,24.58169000
-9.27199888,24.58169000
-9.27099888,22.68701000
-9.26999888,22.68701000
-9.26899888,22.68701000
-9.26799888,22.68701000
-9.26699888,22.68701000
-9.26599888,22.68701000
-9.26499888,22.68701000
-9.26399888,22.68701000
-9.26299888,22.68701000
-9.26199888,22.68701000
-9.26099888,22.68701000
-9.25999888,22.68701000
-9.25899888,22.68701000
-9.25799888,22.68701000
-9.25699888,22.68701000
-9.25599888,20.79847000
-9.25499888,20.79847000
-9.25399888,20.79847000
-9.25299888,20.79847000
-9.25199888,20.79847000
-9.25099888,20.79847000
-9.24999888,20.79847000
-9.24899888,22.68701000
-9.24799888,22.68701000
-9.24699888,22.68701000
-9.24599888,22.68701000
-9.24499888,22.68701000
-9.24399888,22.68701000
-9.24299888,20.79847000
-9.24199888,20.79847000
-9.24099888,18.90994000
-9.23999888,18.90994000
-9.23899888,20.79847000
-9.23799888,20.79847000
-9.23699888,22.68701000
-9.23599888,22.68701000
-9.23499888,22.68701000
-9.23399888,22.68701000
-9.23299888,22.68701000
-9.23199888,20.79847000
-9.23099888,20.79847000
-9.22999888,20.79847000
-9.22899888,20.79847000
-9.22799888,20.79847000
-9.22699888,22.68701000
-9.22599888,22.68701000
-9.22499888,20.79847000
-9.22399888,20.79847000
-9.22299888,20.79847000
-9.22199888,18.90994000
-9.22099888,20.79847000
-9.21999888,20.79847000
-9.21899888,20.79847000
-9.21799888,22.68701000
-9.21699888,22.68701000
-9.21599888,20.79847000
-9.21499888,20.79847000
-9.21399888,18.90994000
-9.21299888,18.90994000
-9.21199888,18.90994000
-9.21099888,18.90994000
-9.20999888,18.90994000
-9.20899888,18.90994000
-9.20799888,20.79847000
-9.20699888,20.79847000
-9.20599888,20.79847000
-9.20499888,20.79847000
-9.20399888,20.79847000
-9.20299888,18.90994000
-9.20199888,18.90994000
-9.20099888,18.90994000
-9.19999888,18.90994000
-9.19899888,18.90994000
-9.19799888,18.90994000
-9.19699888,18.90994000
-9.19599888,18.90994000
-9.19499888,20.79847000
-9.19399888,20.79847000
-9.19299888,20.79847000
-9.19199888,18.90994000
-9.19099888,18.90994000
-9.18999888,18.90994000
-9.18899889,18.90994000
-9.18799889,17.01525000
-9.18699889,17.01525000
-9.18599889,18.90994000
-9.18499889,18.90994000
-9.18399889,20.79847000
-9.18299889,20.79847000
-9.18199889,20.79847000
-9.18099889,20.79847000
-9.17999889,20.79847000
-9.17899889,18.90994000
-9.17799889,18.90994000
-9.17699889,18.90994000
-9.17599889,18.90994000
-9.17499889,18.90994000
-9.17399889,18.90994000
-9.17299889,20.79847000
-9.17199889,20.79847000
-9.17099889,20.79847000
-9.16999889,20.79847000
-9.16899889,20.79847000
-9.16799889,20.79847000
-9.16699889,20.79847000
-9.16599889,18.90994000
-9.16499889,18.90994000
-9.16399889,18.90994000
-9.16299889,18.90994000
-9.16199889,18.90994000
-9.16099889,18.90994000
-9.15999889,18.90994000
-9.15899889,18.90994000
-9.15799889,20.79847000
-9.15699889,20.79847000
-9.15599889,20.79847000
-9.15499889,20.79847000
-9.15399889,20.79847000
-9.15299889,20.79847000
-9.15199889,18.90994000
-9.15099889,18.90994000
-9.14999889,17.01525000
-9.14899889,17.01525000
-9.14799889,17.01525000
-9.14699889,17.01525000
-9.14599889,17.01525000
-9.14499889,18.90994000
-9.14399889,18.90994000
-9.14299889,18.90994000
-9.14199889,18.90994000
-9.14099889,18.90994000
-9.13999889,17.01525000
-9.13899889,17.01525000
-9.13799889,17.01525000
-9.13699889,17.01525000
-9.13599889,15.12672000
-9.13499889,15.12672000
-9.13399889,15.12672000
-9.13299889,15.12672000
-9.13199889,15.12672000
-9.13099889,15.12672000
-9.12999889,15.12672000
-9.12899889,13.23204000
-9.12799889,13.23204000
-9.12699889,13.23204000
-9.12599889,13.23204000
-9.12499889,13.23204000
-9.12399889,13.23204000
-9.12299889,13.23204000
-9.12199889,13.23204000
-9.12099889,13.23204000
-9.11999889,13.23204000
-9.11899889,13.23204000
-9.11799889,13.23204000
-9.11699889,13.23204000
-9.11599889,13.23204000
-9.11499889,13.23204000
-9.11399889,11.34350000
-9.11299889,11.34350000
-9.11199889,11.34350000
-9.11099889,11.34350000
-9.10999889,11.34350000
-9.10899889,13.23204000
-9.10799889,13.23204000
-9.10699889,13.23204000
-9.10599889,13.23204000
-9.10499889,13.23204000
-9.10399889,13.23204000
-9.10299889,13.23204000
-9.10199889,13.23204000
-9.10099889,13.23204000
-9.09999889,15.12672000
-9.09899889,15.12672000
-9.09799889,15.12672000
-9.09699889,15.12672000
-9.09599889,15.12672000
-9.09499889,15.12672000
-9.09399889,15.12672000
-9.09299889,15.12672000
-9.09199889,15.12672000
-9.09099889,15.12672000
-9.08999889,15.12672000
-9.08899889,15.12672000
-9.08799889,15.12672000
-9.08699889,15.12672000
-9.08599889,15.12672000
-9.08499889,15.12672000
-9.08399889,13.23204000
-9.08299889,13.23204000
-9.08199889,15.12672000
-9.08099889,15.12672000
-9.07999889,15.12672000
-9.07899889,15.12672000
-9.07799889,15.12672000
-9.07699889,15.12672000
-9.07599889,15.12672000
-9.07499889,15.12672000
-9.07399889,13.23204000
-9.07299889,15.12672000
-9.07199889,15.12672000
-9.07099889,15.12672000
-9.06999889,15.12672000
-9.06899889,15.12672000
-9.06799889,15.12672000
-9.06699889,13.23204000
-9.06599889,13.23204000
-9.06499889,13.23204000
-9.06399889,13.23204000
-9.06299889,13.23204000
-9.06199889,13.23204000
-9.06099889,13.23204000
-9.05999889,15.12672000
-9.05899889,15.12672000
-9.05799889,13.23204000
-9.05699889,13.23204000
-9.05599889,11.34350000
-9.05499889,11.34350000
-9.05399889,11.34350000
-9.05299889,13.23204000
-9.05199889,13.23204000
-9.05099889,13.23204000
-9.04999889,13.23204000
-9.04899889,13.23204000
-9.04799889,13.23204000
-9.04699889,11.34350000
-9.04599889,11.34350000
-9.04499889,11.34350000
-9.04399889,13.23204000
-9.04299889,13.23204000
-9.04199889,13.23204000
-9.04099889,13.23204000
-9.03999889,13.23204000
-9.03899889,13.23204000
-9.03799889,13.23204000
-9.03699889,11.34350000
-9.03599889,11.34350000
-9.03499889,11.34350000
-9.03399889,13.23204000
-9.03299889,15.12672000
-9.03199889,15.12672000
-9.03099889,13.23204000
-9.02999889,13.23204000
-9.02899889,13.23204000
-9.02799889,11.34350000
-9.02699889,11.34350000
-9.02599889,11.34350000
-9.02499889,13.23204000
-9.02399889,13.23204000
-9.02299889,15.12672000
-9.02199889,15.12672000
-9.02099889,15.12672000
-9.01999889,13.23204000
-9.01899889,13.23204000
-9.01799889,11.34350000
-9.01699889,11.34350000
-9.01599889,11.34350000
-9.01499889,11.34350000
-9.01399889,11.34350000
-9.01299889,13.23204000
-9.01199889,13.23204000
-9.01099889,15.12672000
-9.00999889,13.23204000
-9.00899889,13.23204000
-9.00799889,11.34350000
-9.00699889,11.34350000
-9.00599889,11.34350000
-9.00499889,13.23204000
-9.00399889,13.23204000
-9.00299889,13.23204000
-9.00199889,13.23204000
-9.00099889,15.12672000
-8.99999889,15.12672000
-8.99899889,13.23204000
-8.99799889,13.23204000
-8.99699889,15.12672000
-8.99599889,15.12672000
-8.99499889,15.12672000
-8.99399889,15.12672000
-8.99299889,15.12672000
-8.99199889,15.12672000
-8.99099889,15.12672000
-8.98999889,15.12672000
-8.98899889,15.12672000
-8.98799889,17.01525000
-8.98699889,17.01525000
-8.98599889,17.01525000
-8.98499889,17.01525000
-8.98399889,17.01525000
-8.98299889,15.12672000
-8.98199889,15.12672000
-8.98099889,15.12672000
-8.97999889,15.12672000
-8.97899889,17.01525000
-8.97799889,17.01525000
-8.97699889,18.90994000
-8.97599889,18.90994000
-8.97499889,18.90994000
-8.97399889,18.90994000
-8.97299889,17.01525000
-8.97199889,15.12672000
-8.97099889,15.12672000
-8.96999889,15.12672000
-8.96899889,15.12672000
-8.96799889,15.12672000
-8.96699889,17.01525000
-8.96599889,17.01525000
-8.96499889,17.01525000
-8.96399889,17.01525000
-8.96299889,15.12672000
-8.96199889,13.23204000
-8.96099889,13.23204000
-8.95999889,13.23204000
-8.95899889,13.23204000
-8.95799889,15.12672000
-8.95699889,15.12672000
-8.95599889,15.12672000
-8.95499889,15.12672000
-8.95399889,15.12672000
-8.95299889,15.12672000
-8.95199889,15.12672000
-8.95099889,13.23204000
-8.94999889,13.23204000
-8.94899889,13.23204000
-8.94799889,13.23204000
-8.94699889,13.23204000
-8.94599889,13.23204000
-8.94499889,13.23204000
-8.94399889,13.23204000
-8.94299889,11.34350000
-8.94199889,11.34350000
-8.94099889,11.34350000
-8.93999889,13.23204000
-8.93899889,13.23204000
-8.93799889,13.23204000
-8.93699889,13.23204000
-8.93599889,13.23204000
-8.93499889,11.34350000
-8.93399889,11.34350000
-8.93299889,13.23204000
-8.93199889,13.23204000
-8.93099889,13.23204000
-8.92999889,13.23204000
-8.92899889,13.23204000
-8.92799889,13.23204000
-8.92699889,13.23204000
-8.92599889,13.23204000
-8.92499889,11.34350000
-8.92399889,11.34350000
-8.92299889,11.34350000
-8.92199889,11.34350000
-8.92099889,13.23204000
-8.91999889,13.23204000
-8.91899889,13.23204000
-8.91799889,13.23204000
-8.91699889,13.23204000
-8.91599889,13.23204000
-8.91499889,11.34350000
-8.91399889,11.34350000
-8.91299889,11.34350000
-8.91199889,11.34350000
-8.91099889,13.23204000
-8.90999889,13.23204000
-8.90899889,13.23204000
-8.90799889,13.23204000
-8.90699889,11.34350000
-8.90599889,11.34350000
-8.90499889,11.34350000
-8.90399889,11.34350000
-8.90299889,11.34350000
-8.90199889,13.23204000
-8.90099889,13.23204000
-8.89999889,13.23204000
-8.89899889,13.23204000
-8.89799889,13.23204000
-8.89699889,13.23204000
-8.89599889,11.34350000
-8.89499889,11.34350000
-8.89399889,11.34350000
-8.89299889,11.34350000
-8.89199889,13.23204000
-8.89099889,13.23204000
-8.88999889,13.23204000
-8.88899889,13.23204000
-8.88799889,15.12672000
-8.88699889,13.23204000
-8.88599889,13.23204000
-8.88499889,11.34350000
-8.88399889,11.34350000
-8.88299889,11.34350000
-8.88199889,13.23204000
-8.88099889,13.23204000
-8.87999889,13.23204000
-8.87899889,13.23204000
-8.87799889,13.23204000
-8.87699889,13.23204000
-8.87599889,13.23204000
-8.87499889,13.23204000
-8.87399889,11.34350000
-8.87299889,11.34350000
-8.87199889,11.34350000
-8.87099889,11.34350000
-8.86999889,11.34350000
-8.86899889,11.34350000
-8.86799889,11.34350000
-8.86699889,11.34350000
-8.86599889,11.34350000
-8.86499889,11.34350000
-8.86399889,11.34350000
-8.86299889,13.23204000
-8.86199889,11.34350000
-8.86099889,11.34350000
-8.85999889,11.34350000
-8.85899889,13.23204000
-8.85799889,13.23204000
-8.85699889,13.23204000
-8.85599889,13.23204000
-8.85499889,13.23204000
-8.85399889,13.23204000
-8.85299889,13.23204000
-8.85199889,13.23204000
-8.85099889,11.34350000
-8.84999889,11.34350000
-8.84899889,11.34350000
-8.84799889,11.34350000
-8.84699889,11.34350000
-8.84599889,11.34350000
-8.84499889,11.34350000
-8.84399889,13.23204000
-8.84299889,13.23204000
-8.84199889,11.34350000
-8.84099889,11.34350000
-8.83999889,11.34350000
-8.83899889,11.34350000
-8.83799889,13.23204000
-8.83699889,13.23204000
-8.83599890,15.12672000
-8.83499890,15.12672000
-8.83399890,15.12672000
-8.83299890,15.12672000
-8.83199890,15.12672000
-8.83099890,15.12672000
-8.82999890,13.23204000
-8.82899890,13.23204000
-8.82799890,13.23204000
-8.82699890,13.23204000
-8.82599890,13.23204000
-8.82499890,15.12672000
-8.82399890,13.23204000
-8.82299890,13.23204000
-8.82199890,13.23204000
-8.82099890,13.23204000
-8.81999890,13.23204000
-8.81899890,13.23204000
-8.81799890,13.23204000
-8.81699890,13.23204000
-8.81599890,13.23204000
-8.81499890,13.23204000
-8.81399890,13.23204000
-8.81299890,13.23204000
-8.81199890,13.23204000
-8.81099890,13.23204000
-8.80999890,13.23204000
-8.80899890,13.23204000
-8.80799890,13.23204000
-8.80699890,13.23204000
-8.80599890,13.23204000
-8.80499890,13.23204000
-8.80399890,11.34350000
-8.80299890,11.34350000
-8.80199890,11.34350000
-8.80099890,13.23204000
-8.79999890,11.34350000
-8.79899890,11.34350000
-8.79799890,11.34350000
-8.79699890,11.34350000
-8.79599890,11.34350000
-8.79499890,11.34350000
-8.79399890,9.45496900
-8.79299890,11.34350000
-8.79199890,11.34350000
-8.79099890,11.34350000
-8.78999890,11.34350000
-8.78899890,11.34350000
-8.78799890,11.34350000
-8.78699890,11.34350000
-8.78599890,11.34350000
-8.78499890,11.34350000
-8.78399890,11.34350000
-8.78299890,11.34350000
-8.78199890,11.34350000
-8.78099890,11.34350000
-8.77999890,11.34350000
-8.77899890,11.34350000
-8.77799890,11.34350000
-8.77699890,11.34350000
-8.77599890,11.34350000
-8.77499890,11.34350000
-8.77399890,11.34350000
-8.77299890,11.34350000
-8.77199890,9.45496900
-8.77099890,11.34350000
-8.76999890,11.34350000
-8.76899890,11.34350000
-8.76799890,11.34350000
-8.76699890,11.34350000
-8.76599890,11.34350000
-8.76499890,13.23204000
-8.76399890,13.23204000
-8.76299890,11.34350000
-8.76199890,11.34350000
-8.76099890,11.34350000
-8.75999890,11.34350000
-8.75899890,13.23204000
-8.75799890,13.23204000
-8.75699890,13.23204000
-8.75599890,13.23204000
-8.75499890,11.34350000
-8.75399890,11.34350000
-8.75299890,11.34350000
-8.75199890,11.34350000
-8.75099890,11.34350000
-8.74999890,11.34350000
-8.74899890,13.23204000
-8.74799890,13.23204000
-8.74699890,15.12672000
-8.74599890,15.12672000
-8.74499890,15.12672000
-8.74399890,15.12672000
-8.74299890,15.12672000
-8.74199890,15.12672000
-8.74099890,13.23204000
-8.73999890,13.23204000
-8.73899890,15.12672000
-8.73799890,17.01525000
-8.73699890,18.90994000
-8.73599890,18.90994000
-8.73499890,17.01525000
-8.73399890,17.01525000
-8.73299890,15.12672000
-8.73199890,15.12672000
-8.73099890,13.23204000
-8.72999890,13.23204000
-8.72899890,15.12672000
-8.72799890,15.12672000
-8.72699890,15.12672000
-8.72599890,17.01525000
-8.72499890,17.01525000
-8.72399890,15.12672000
-8.72299890,15.12672000
-8.72199890,13.23204000
-8.72099890,13.23204000
-8.71999890,11.34350000
-8.71899890,11.34350000
-8.71799890,13.23204000
-8.71699890,13.23204000
-8.71599890,13.23204000
-8.71499890,13.23204000
-8.71399890,13.23204000
-8.71299890,11.34350000
-8.71199890,11.34350000
-8.71099890,9.45496900
-8.70999890,9.45496900
-8.70899890,11.34350000
-8.70799890,11.34350000
-8.70699890,11.34350000
-8.70599890,11.34350000
-8.70499890,9.45496900
-8.70399890,9.45496900
-8.70299890,9.45496900
-8.70199890,9.45496900
-8.70099890,9.45496900
-8.69999890,9.45496900
-8.69899890,11.34350000
-8.69799890,11.34350000
-8.69699890,11.34350000
-8.69599890,11.34350000
-8.69499890,9.45496900
-8.69399890,7.56028500
-8.69299890,7.56028500
-8.69199890,9.45496900
-8.69099890,11.34350000
-8.68999890,11.34350000
-8.68899890,11.34350000
-8.68799890,11.34350000
-8.68699890,11.34350000
-8.68599890,11.34350000
-8.68499890,11.34350000
-8.68399890,9.45496900
-8.68299890,9.45496900
-8.68199890,11.34350000
-8.68099890,13.23204000
-8.67999890,13.23204000
-8.67899890,13.23204000
-8.67799890,13.23204000
-8.67699890,13.23204000
-8.67599890,13.23204000
-8.67499890,13.23204000
-8.67399890,13.23204000
-8.67299890,13.23204000
-8.67199890,11.34350000
-8.67099890,13.23204000
-8.66999890,13.23204000
-8.66899890,15.12672000
-8.66799890,15.12672000
-8.66699890,13.23204000
-8.66599890,13.23204000
-8.66499890,13.23204000
-8.66399890,13.23204000
-8.66299890,11.34350000
-8.66199890,11.34350000
-8.66099890,13.23204000
-8.65999890,13.23204000
-8.65899890,13.23204000
-8.65799890,13.23204000
-8.65699890,13.23204000
-8.65599890,11.34350000
-8.65499890,11.34350000
-8.65399890,11.34350000
-8.65299890,11.34350000
-8.65199890,11.34350000
-8.65099890,11.34350000
-8.64999890,9.45496900
-8.64899890,9.45496900
-8.64799890,9.45496900
-8.64699890,9.45496900
-8.64599890,9.45496900
-8.64499890,7.56028500
-8.64399890,7.56028500
-8.64299890,7.56028500
-8.64199890,7.56028500
-8.64099890,7.56028500
-8.63999890,5.67175200
-8.63899890,5.67175200
-8.63799890,5.67175200
-8.63699890,3.77706700
-8.63599890,3.77706700
-8.63499890,3.77706700
-8.63399890,3.77706700
-8.63299890,5.67175200
-8.63199890,5.67175200
-8.63099890,5.67175200
-8.62999890,5.67175200
-8.62899890,3.77706700
-8.62799890,3.77706700
-8.62699890,3.77706700
-8.62599890,3.77706700
-8.62499890,5.67175200
-8.62399890,7.56028500
-8.62299890,7.56028500
-8.62199890,7.56028500
-8.62099890,5.67175200
-8.61999890,5.67175200
-8.61899890,5.67175200
-8.61799890,5.67175200
-8.61699890,7.56028500
-8.61599890,7.56028500
-8.61499890,9.45496900
-8.61399890,9.45496900
-8.61299890,11.34350000
-8.61199890,9.45496900
-8.61099890,9.45496900
-8.60999890,9.45496900
-8.60899890,9.45496900
-8.60799890,9.45496900
-8.60699890,9.45496900
-8.60599890,11.34350000
-8.60499890,11.34350000
-8.60399890,13.23204000
-8.60299890,13.23204000
-8.60199890,13.23204000
-8.60099890,13.23204000
-8.59999890,11.34350000
-8.59899890,9.45496900
-8.59799890,11.34350000
-8.59699890,11.34350000
-8.59599890,13.23204000
-8.59499890,13.23204000
-8.59399890,13.23204000
-8.59299890,13.23204000
-8.59199890,13.23204000
-8.59099890,13.23204000
-8.58999890,11.34350000
-8.58899890,11.34350000
-8.58799890,9.45496900
-8.58699890,11.34350000
-8.58599890,11.34350000
-8.58499890,11.34350000
-8.58399890,11.34350000
-8.58299890,11.34350000
-8.58199890,11.34350000
-8.58099890,11.34350000
-8.57999890,11.34350000
-8.57899890,9.45496900
-8.57799890,9.45496900
-8.57699890,9.45496900
-8.57599890,9.45496900
-8.57499890,9.45496900
-8.57399890,9.45496900
-8.57299890,9.45496900
-8.57199890,7.56028500
-8.57099890,7.56028500
-8.56999890,7.56028500
-8.56899890,9.45496900
-8.56799890,9.45496900
-8.56699890,9.45496900
-8.56599890,7.56028500
-8.56499890,7.56028500
-8.56399890,7.56028500
-8.56299890,7.56028500
-8.56199890,7.56028500
-8.56099890,7.56028500
-8.55999890,9.45496900
-8.55899890,9.45496900
-8.55799890,9.45496900
-8.55699890,9.45496900
-8.55599890,9.45496900
-8.55499890,7.56028500
-8.55399890,7.56028500
-8.55299890,7.56028500
-8.55199890,7.56028500
-8.55099890,7.56028500
-8.54999890,9.45496900
-8.54899890,9.45496900
-8.54799890,11.34350000
-8.54699890,11.34350000
-8.54599890,11.34350000
-8.54499890,9.45496900
-8.54399890,7.56028500
-8.54299890,7.56028500
-8.54199890,7.56028500
-8.54099890,9.45496900
-8.53999890,9.45496900
-8.53899890,11.34350000
-8.53799890,11.34350000
-8.53699890,11.34350000
-8.53599890,11.34350000
-8.53499890,9.45496900
-8.53399890,9.45496900
-8.53299890,9.45496900
-8.53199890,9.45496900
-8.53099890,9.45496900
-8.52999890,9.45496900
-8.52899890,11.34350000
-8.52799890,11.34350000
-8.52699890,11.34350000
-8.52599890,11.34350000
-8.52499890,9.45496900
-8.52399890,9.45496900
-8.52299890,9.45496900
-8.52199890,9.45496900
-8.52099890,9.45496900
-8.51999890,9.45496900
-8.51899890,9.45496900
-8.51799890,9.45496900
-8.51699890,9.45496900
-8.51599890,9.45496900
-8.51499890,9.45496900
-8.51399890,7.56028500
-8.51299890,9.45496900
-8.51199890,9.45496900
-8.51099890,9.45496900
-8.50999890,9.45496900
-8.50899890,9.45496900
-8.50799890,9.45496900
-8.50699890,9.45496900
-8.50599890,9.45496900
-8.50499890,9.45496900
-8.50399890,7.56028500
-8.50299890,7.56028500
-8.50199890,9.45496900
-8.50099890,9.45496900
-8.49999890,9.45496900
-8.49899890,9.45496900
-8.49799890,7.56028500
-8.49699890,7.56028500
-8.49599890,7.56028500
-8.49499890,7.56028500
-8.49399890,7.56028500
-8.49299890,9.45496900
-8.49199890,9.45496900
-8.49099890,9.45496900
-8.48999890,9.45496900
-8.48899890,7.56028500
-8.48799890,7.56028500
-8.48699890,7.56028500
-8.48599890,7.56028500
-8.48499890,7.56028500
-8.48399890,9.45496900
-8.48299890,9.45496900
-8.48199891,9.45496900
-8.48099891,9.45496900
-8.47999891,9.45496900
-8.47899891,9.45496900
-8.47799891,7.56028500
-8.47699891,7.56028500
-8.47599891,7.56028500
-8.47499891,9.45496900
-8.47399891,9.45496900
-8.47299891,9.45496900
-8.47199891,9.45496900
-8.47099891,9.45496900
-8.46999891,9.45496900
-8.46899891,9.45496900
-8.46799891,9.45496900
-8.46699891,7.56028500
-8.46599891,7.56028500
-8.46499891,9.45496900
-8.46399891,9.45496900
-8.46299891,9.45496900
-8.46199891,9.45496900
-8.46099891,9.45496900
-8.45999891,9.45496900
-8.45899891,9.45496900
-8.45799891,9.45496900
-8.45699891,9.45496900
-8.45599891,9.45496900
-8.45499891,9.45496900
-8.45399891,9.45496900
-8.45299891,9.45496900
-8.45199891,9.45496900
-8.45099891,9.45496900
-8.44999891,9.45496900
-8.44899891,9.45496900
-8.44799891,9.45496900
-8.44699891,7.56028500
-8.44599891,9.45496900
-8.44499891,9.45496900
-8.44399891,9.45496900
-8.44299891,9.45496900
-8.44199891,9.45496900
-8.44099891,9.45496900
-8.43999891,9.45496900
-8.43899891,9.45496900
-8.43799891,9.45496900
-8.43699891,9.45496900
-8.43599891,9.45496900
-8.43499891,9.45496900
-8.43399891,9.45496900
-8.43299891,9.45496900
-8.43199891,9.45496900
-8.43099891,9.45496900
-8.42999891,9.45496900
-8.42899891,9.45496900
-8.42799891,9.45496900
-8.42699891,9.45496900
-8.42599891,9.45496900
-8.42499891,9.45496900
-8.42399891,9.45496900
-8.42299891,7.56028500
-8.42199891,7.56028500
-8.42099891,7.56028500
-8.41999891,9.45496900
-8.41899891,9.45496900
-8.41799891,9.45496900
-8.41699891,9.45496900
-8.41599891,9.45496900
-8.41499891,7.56028500
-8.41399891,7.56028500
-8.41299891,7.56028500
-8.41199891,7.56028500
-8.41099891,7.56028500
-8.40999891,7.56028500
-8.40899891,7.56028500
-8.40799891,7.56028500
-8.40699891,7.56028500
-8.40599891,7.56028500
-8.40499891,7.56028500
-8.40399891,7.56028500
-8.40299891,7.56028500
-8.40199891,7.56028500
-8.40099891,7.56028500
-8.39999891,7.56028500
-8.39899891,7.56028500
-8.39799891,7.56028500
-8.39699891,7.56028500
-8.39599891,7.56028500
-8.39499891,7.56028500
-8.39399891,7.56028500
-8.39299891,7.56028500
-8.39199891,7.56028500
-8.39099891,7.56028500
-8.38999891,7.56028500
-8.38899891,7.56028500
-8.38799891,9.45496900
-8.38699891,7.56028500
-8.38599891,7.56028500
-8.38499891,9.45496900
-8.38399891,7.56028500
-8.38299891,9.45496900
-8.38199891,9.45496900
-8.38099891,7.56028500
-8.37999891,7.56028500
-8.37899891,7.56028500
-8.37799891,9.45496900
-8.37699891,9.45496900
-8.37599891,9.45496900
-8.37499891,9.45496900
-8.37399891,9.45496900
-8.37299891,9.45496900
-8.37199891,9.45496900
-8.37099891,9.45496900
-8.36999891,9.45496900
-8.36899891,9.45496900
-8.36799891,9.45496900
-8.36699891,9.45496900
-8.36599891,9.45496900
-8.36499891,9.45496900
-8.36399891,9.45496900
-8.36299891,9.45496900
-8.36199891,9.45496900
-8.36099891,9.45496900
-8.35999891,9.45496900
-8.35899891,7.56028500
-8.35799891,7.56028500
-8.35699891,7.56028500
-8.35599891,9.45496900
-8.35499891,9.45496900
-8.35399891,9.45496900
-8.35299891,9.45496900
-8.35199891,9.45496900
-8.35099891,7.56028500
-8.34999891,7.56028500
-8.34899891,7.56028500
-8.34799891,7.56028500
-8.34699891,7.56028500
-8.34599891,7.56028500
-8.34499891,7.56028500
-8.34399891,9.45496900
-8.34299891,9.45496900
-8.34199891,9.45496900
-8.34099891,7.56028500
-8.33999891,7.56028500
-8.33899891,7.56028500
-8.33799891,7.56028500
-8.33699891,7.56028500
-8.33599891,7.56028500
-8.33499891,9.45496900
-8.33399891,9.45496900
-8.33299891,7.56028500
-8.33199891,7.56028500
-8.33099891,7.56028500
-8.32999891,7.56028500
-8.32899891,7.56028500
-8.32799891,7.56028500
-8.32699891,7.56028500
-8.32599891,9.45496900
-8.32499891,9.45496900
-8.32399891,9.45496900
-8.32299891,7.56028500
-8.32199891,7.56028500
-8.32099891,7.56028500
-8.31999891,7.56028500
-8.31899891,7.56028500
-8.31799891,7.56028500
-8.31699891,9.45496900
-8.31599891,9.45496900
-8.31499891,9.45496900
-8.31399891,9.45496900
-8.31299891,7.56028500
-8.31199891,7.56028500
-8.31099891,7.56028500
-8.30999891,9.45496900
-8.30899891,9.45496900
-8.30799891,9.45496900
-8.30699891,9.45496900
-8.30599891,9.45496900
-8.30499891,9.45496900
-8.30399891,9.45496900
-8.30299891,7.56028500
-8.30199891,7.56028500
-8.30099891,7.56028500
-8.29999891,7.56028500
-8.29899891,9.45496900
-8.29799891,9.45496900
-8.29699891,9.45496900
-8.29599891,9.45496900
-8.29499891,9.45496900
-8.29399891,9.45496900
-8.29299891,7.56028500
-8.29199891,7.56028500
-8.29099891,7.56028500
-8.28999891,7.56028500
-8.28899891,9.45496900
-8.28799891,9.45496900
-8.28699891,9.45496900
-8.28599891,9.45496900
-8.28499891,9.45496900
-8.28399891,7.56028500
-8.28299891,7.56028500
-8.28199891,7.56028500
-8.28099891,7.56028500
-8.27999891,7.56028500
-8.27899891,7.56028500
-8.27799891,7.56028500
-8.27699891,9.45496900
-8.27599891,7.56028500
-8.27499891,9.45496900
-8.27399891,7.56028500
-8.27299891,7.56028500
-8.27199891,7.56028500
-8.27099891,7.56028500
-8.26999891,7.56028500
-8.26899891,9.45496900
-8.26799891,9.45496900
-8.26699891,9.45496900
-8.26599891,9.45496900
-8.26499891,9.45496900
-8.26399891,9.45496900
-8.26299891,9.45496900
-8.26199891,9.45496900
-8.26099891,9.45496900
-8.25999891,9.45496900
-8.25899891,9.45496900
-8.25799891,9.45496900
-8.25699891,7.56028500
-8.25599891,7.56028500
-8.25499891,7.56028500
-8.25399891,9.45496900
-8.25299891,9.45496900
-8.25199891,9.45496900
-8.25099891,9.45496900
-8.24999891,9.45496900
-8.24899891,9.45496900
-8.24799891,9.45496900
-8.24699891,7.56028500
-8.24599891,7.56028500
-8.24499891,7.56028500
-8.24399891,9.45496900
-8.24299891,9.45496900
-8.24199891,9.45496900
-8.24099891,9.45496900
-8.23999891,9.45496900
-8.23899891,9.45496900
-8.23799891,7.56028500
-8.23699891,7.56028500
-8.23599891,5.67175200
-8.23499891,7.56028500
-8.23399891,7.56028500
-8.23299891,9.45496900
-8.23199891,9.45496900
-8.23099891,9.45496900
-8.22999891,9.45496900
-8.22899891,9.45496900
-8.22799891,7.56028500
-8.22699891,5.67175200
-8.22599891,5.67175200
-8.22499891,7.56028500
-8.22399891,7.56028500
-8.22299891,9.45496900
-8.22199891,9.45496900
-8.22099891,9.45496900
-8.21999891,9.45496900
-8.21899891,9.45496900
-8.21799891,7.56028500
-8.21699891,7.56028500
-8.21599891,7.56028500
-8.21499891,7.56028500
-8.21399891,7.56028500
-8.21299891,7.56028500
-8.21199891,9.45496900
-8.21099891,9.45496900
-8.20999891,9.45496900
-8.20899891,9.45496900
-8.20799891,7.56028500
-8.20699891,7.56028500
-8.20599891,7.56028500
-8.20499891,7.56028500
-8.20399891,7.56028500
-8.20299891,7.56028500
-8.20199891,7.56028500
-8.20099891,9.45496900
-8.19999891,9.45496900
-8.19899891,9.45496900
-8.19799891,9.45496900
-8.19699891,9.45496900
-8.19599891,7.56028500
-8.19499891,7.56028500
-8.19399891,7.56028500
-8.19299891,9.45496900
-8.19199891,7.56028500
-8.19099891,7.56028500
-8.18999891,7.56028500
-8.18899891,7.56028500
-8.18799891,7.56028500
-8.18699891,9.45496900
-8.18599891,9.45496900
-8.18499891,9.45496900
-8.18399891,7.56028500
-8.18299891,7.56028500
-8.18199891,7.56028500
-8.18099891,7.56028500
-8.17999891,7.56028500
-8.17899891,7.56028500
-8.17799891,7.56028500
-8.17699891,7.56028500
-8.17599891,9.45496900
-8.17499891,9.45496900
-8.17399891,7.56028500
-8.17299891,7.56028500
-8.17199891,5.67175200
-8.17099891,5.67175200
-8.16999891,5.67175200
-8.16899891,5.67175200
-8.16799891,7.56028500
-8.16699891,7.56028500
-8.16599891,7.56028500
-8.16499891,7.56028500
-8.16399891,7.56028500
-8.16299891,7.56028500
-8.16199891,7.56028500
-8.16099891,7.56028500
-8.15999891,7.56028500
-8.15899891,7.56028500
-8.15799891,7.56028500
-8.15699891,7.56028500
-8.15599891,9.45496900
-8.15499891,9.45496900
-8.15399891,7.56028500
-8.15299891,7.56028500
-8.15199891,7.56028500
-8.15099891,7.56028500
-8.14999891,7.56028500
-8.14899891,7.56028500
-8.14799891,7.56028500
-8.14699891,7.56028500
-8.14599891,7.56028500
-8.14499891,9.45496900
-8.14399891,9.45496900
-8.14299891,7.56028500
-8.14199891,9.45496900
-8.14099891,7.56028500
-8.13999891,9.45496900
-8.13899891,9.45496900
-8.13799891,7.56028500
-8.13699891,7.56028500
-8.13599891,7.56028500
-8.13499891,7.56028500
-8.13399891,7.56028500
-8.13299891,7.56028500
-8.13199891,7.56028500
-8.13099891,7.56028500
-8.12999891,7.56028500
-8.12899892,7.56028500
-8.12799892,7.56028500
-8.12699892,7.56028500
-8.12599892,7.56028500
-8.12499892,7.56028500
-8.12399892,7.56028500
-8.12299892,7.56028500
-8.12199892,7.56028500
-8.12099892,7.56028500
-8.11999892,7.56028500
-8.11899892,7.56028500
-8.11799892,7.56028500
-8.11699892,7.56028500
-8.11599892,5.67175200
-8.11499892,7.56028500
-8.11399892,7.56028500
-8.11299892,7.56028500
-8.11199892,7.56028500
-8.11099892,7.56028500
-8.10999892,7.56028500
-8.10899892,7.56028500
-8.10799892,5.67175200
-8.10699892,5.67175200
-8.10599892,5.67175200
-8.10499892,7.56028500
-8.10399892,7.56028500
-8.10299892,7.56028500
-8.10199892,7.56028500
-8.10099892,7.56028500
-8.09999892,7.56028500
-8.09899892,7.56028500
-8.09799892,5.67175200
-8.09699892,7.56028500
-8.09599892,5.67175200
-8.09499892,7.56028500
-8.09399892,7.56028500
-8.09299892,7.56028500
-8.09199892,7.56028500
-8.09099892,7.56028500
-8.08999892,7.56028500
-8.08899892,7.56028500
-8.08799892,7.56028500
-8.08699892,7.56028500
-8.08599892,7.56028500
-8.08499892,7.56028500
-8.08399892,7.56028500
-8.08299892,7.56028500
-8.08199892,7.56028500
-8.08099892,7.56028500
-8.07999892,5.67175200
-8.07899892,7.56028500
-8.07799892,7.56028500
-8.07699892,7.56028500
-8.07599892,7.56028500
-8.07499892,7.56028500
-8.07399892,7.56028500
-8.07299892,7.56028500
-8.07199892,7.56028500
-8.07099892,7.56028500
-8.06999892,7.56028500
-8.06899892,7.56028500
-8.06799892,7.56028500
-8.06699892,7.56028500
-8.06599892,7.56028500
-8.06499892,7.56028500
-8.06399892,7.56028500
-8.06299892,7.56028500
-8.06199892,7.56028500
-8.06099892,5.67175200
-8.05999892,5.67175200
-8.05899892,5.67175200
-8.05799892,5.67175200
-8.05699892,7.56028500
-8.05599892,7.56028500
-8.05499892,7.56028500
-8.05399892,7.56028500
-8.05299892,5.67175200
-8.05199892,5.67175200
-8.05099892,5.67175200
-8.04999892,5.67175200
-8.04899892,5.67175200
-8.04799892,7.56028500
-8.04699892,7.56028500
-8.04599892,7.56028500
-8.04499892,5.67175200
-8.04399892,5.67175200
-8.04299892,5.67175200
-8.04199892,5.67175200
-8.04099892,5.67175200
-8.03999892,5.67175200
-8.03899892,5.67175200
-8.03799892,7.56028500
-8.03699892,7.56028500
-8.03599892,7.56028500
-8.03499892,5.67175200
-8.03399892,5.67175200
-8.03299892,5.67175200
-8.03199892,5.67175200
-8.03099892,5.67175200
-8.02999892,5.67175200
-8.02899892,5.67175200
-8.02799892,5.67175200
-8.02699892,7.56028500
-8.02599892,7.56028500
-8.02499892,7.56028500
-8.02399892,5.67175200
-8.02299892,3.77706700
-8.02199892,3.77706700
-8.02099892,5.67175200
-8.01999892,5.67175200
-8.01899892,5.67175200
-8.01799892,7.56028500
-8.01699892,7.56028500
-8.01599892,7.56028500
-8.01499892,5.67175200
-8.01399892,5.67175200
-8.01299892,5.67175200
-8.01199892,3.77706700
-8.01099892,3.77706700
-8.00999892,5.67175200
-8.00899892,5.67175200
-8.00799892,5.67175200
-8.00699892,5.67175200
-8.00599892,5.67175200
-8.00499892,5.67175200
-8.00399892,5.67175200
-8.00299892,5.67175200
-8.00199892,5.67175200
-8.00099892,5.67175200
-7.99999892,5.67175200
-7.99899892,5.67175200
-7.99799892,5.67175200
-7.99699892,5.67175200
-7.99599892,5.67175200
-7.99499892,5.67175200
-7.99399892,5.67175200
-7.99299892,5.67175200
-7.99199892,5.67175200
-7.99099892,5.67175200
-7.98999892,5.67175200
-7.98899892,5.67175200
-7.98799892,3.77706700
-7.98699892,3.77706700
-7.98599892,3.77706700
-7.98499892,3.77706700
-7.98399892,5.67175200
-7.98299892,5.67175200
-7.98199892,5.67175200
-7.98099892,5.67175200
-7.97999892,5.67175200
-7.97899892,5.67175200
-7.97799892,3.77706700
-7.97699892,3.77706700
-7.97599892,3.77706700
-7.97499892,3.77706700
-7.97399892,5.67175200
-7.97299892,5.67175200
-7.97199892,5.67175200
-7.97099892,7.56028500
-7.96999892,5.67175200
-7.96899892,5.67175200
-7.96799892,3.77706700
-7.96699892,3.77706700
-7.96599892,3.77706700
-7.96499892,3.77706700
-7.96399892,3.77706700
-7.96299892,5.67175200
-7.96199892,5.67175200
-7.96099892,5.67175200
-7.95999892,5.67175200
-7.95899892,5.67175200
-7.95799892,3.77706700
-7.95699892,3.77706700
-7.95599892,3.77706700
-7.95499892,3.77706700
-7.95399892,3.77706700
-7.95299892,5.67175200
-7.95199892,5.67175200
-7.95099892,5.67175200
-7.94999892,5.67175200
-7.94899892,5.67175200
-7.94799892,3.77706700
-7.94699892,3.77706700
-7.94599892,3.77706700
-7.94499892,3.77706700
-7.94399892,3.77706700
-7.94299892,3.77706700
-7.94199892,3.77706700
-7.94099892,3.77706700
-7.93999892,3.77706700
-7.93899892,3.77706700
-7.93799892,3.77706700
-7.93699892,3.77706700
-7.93599892,3.77706700
-7.93499892,3.77706700
-7.93399892,3.77706700
-7.93299892,3.77706700
-7.93199892,3.77706700
-7.93099892,3.77706700
-7.92999892,3.77706700
-7.92899892,3.77706700
-7.92799892,3.77706700
-7.92699892,5.67175200
-7.92599892,5.67175200
-7.92499892,5.67175200
-7.92399892,5.67175200
-7.92299892,3.77706700
-7.92199892,3.77706700
-7.92099892,3.77706700
-7.91999892,3.77706700
-7.91899892,3.77706700
-7.91799892,3.77706700
-7.91699892,5.67175200
-7.91599892,5.67175200
-7.91499892,5.67175200
-7.91399892,5.67175200
-7.91299892,5.67175200
-7.91199892,3.77706700
-7.91099892,3.77706700
-7.90999892,1.88853300
-7.90899892,3.77706700
-7.90799892,3.77706700
-7.90699892,5.67175200
-7.90599892,5.67175200
-7.90499892,5.67175200
-7.90399892,5.67175200
-7.90299892,5.67175200
-7.90199892,3.77706700
-7.90099892,1.88853300
-7.89999892,1.88853300
-7.89899892,1.88853300
-7.89799892,3.77706700
-7.89699892,3.77706700
-7.89599892,3.77706700
-7.89499892,3.77706700
-7.89399892,3.77706700
-7.89299892,3.77706700
-7.89199892,1.88853300
-7.89099892,1.88853300
-7.88999892,1.88853300
-7.88899892,1.88853300
-7.88799892,1.88853300
-7.88699892,1.88853300
-7.88599892,3.77706700
-7.88499892,3.77706700
-7.88399892,1.88853300
-7.88299892,1.88853300
-7.88199892,1.88853300
-7.88099892,1.88853300
-7.87999892,1.88853300
-7.87899892,1.88853300
-7.87799892,1.88853300
-7.87699892,1.88853300
-7.87599892,1.88853300
-7.87499892,1.88853300
-7.87399892,1.88853300
-7.87299892,1.88853300
-7.87199892,1.88853300
-7.87099892,1.88853300
-7.86999892,1.88853300
-7.86899892,1.88853300
-7.86799892,3.77706700
-7.86699892,1.88853300
-7.86599892,1.88853300
-7.86499892,1.88853300
-7.86399892,1.88853300
-7.86299892,1.88853300
-7.86199892,1.88853300
-7.86099892,3.77706700
-7.85999892,3.77706700
-7.85899892,5.67175200
-7.85799892,3.77706700
-7.85699892,3.77706700
-7.85599892,3.77706700
-7.85499892,1.88853300
-7.85399892,1.88853300
-7.85299892,1.88853300
-7.85199892,3.77706700
-7.85099892,3.77706700
-7.84999892,3.77706700
-7.84899892,3.77706700
-7.84799892,3.77706700
-7.84699892,3.77706700
-7.84599892,3.77706700
-7.84499892,1.88853300
-7.84399892,1.88853300
-7.84299892,1.88853300
-7.84199892,1.88853300
-7.84099892,1.88853300
-7.83999892,3.77706700
-7.83899892,3.77706700
-7.83799892,3.77706700
-7.83699892,3.77706700
-7.83599892,3.77706700
-7.83499892,1.88853300
-7.83399892,1.88853300
-7.83299892,1.88853300
-7.83199892,1.88853300
-7.83099892,1.88853300
-7.82999892,1.88853300
-7.82899892,1.88853300
-7.82799892,1.88853300
-7.82699892,1.88853300
-7.82599892,1.88853300
-7.82499892,1.88853300
-7.82399892,1.88853300
-7.82299892,1.88853300
-7.82199892,1.88853300
-7.82099892,0.00000000
-7.81999892,0.00000000
-7.81899892,0.00000000
-7.81799892,0.00000000
-7.81699892,0.00000000
-7.81599892,1.88853300
-7.81499892,1.88853300
-7.81399892,1.88853300
-7.81299892,1.88853300
-7.81199892,1.88853300
-7.81099892,1.88853300
-7.80999892,0.00000000
-7.80899892,0.00000000
-7.80799892,0.00000000
-7.80699892,0.00000000
-7.80599892,1.88853300
-7.80499892,1.88853300
-7.80399892,1.88853300
-7.80299892,1.88853300
-7.80199892,1.88853300
-7.80099892,1.88853300
-7.79999892,0.00000000
-7.79899892,0.00000000
-7.79799892,0.00000000
-7.79699892,0.00000000
-7.79599892,1.88853300
-7.79499892,1.88853300
-7.79399892,1.88853300
-7.79299892,1.88853300
-7.79199892,1.88853300
-7.79099892,1.88853300
-7.78999892,1.88853300
-7.78899892,1.88853300
-7.78799892,1.88853300
-7.78699892,1.88853300
-7.78599892,1.88853300
-7.78499892,3.77706700
-7.78399892,3.77706700
-7.78299892,3.77706700
-7.78199892,3.77706700
-7.78099892,3.77706700
-7.77999892,1.88853300
-7.77899892,1.88853300
-7.77799892,0.00000000
-7.77699892,0.00000000
-7.77599892,0.00000000
-7.77499893,1.88853300
-7.77399893,1.88853300
-7.77299893,1.88853300
-7.77199893,1.88853300
-7.77099893,1.88853300
-7.76999893,1.88853300
-7.76899893,1.88853300
-7.76799893,1.88853300
-7.76699893,0.00000000
-7.76599893,0.00000000
-7.76499893,1.88853300
-7.76399893,1.88853300
-7.76299893,1.88853300
-7.76199893,1.88853300
-7.76099893,1.88853300
-7.75999893,0.00000000
-7.75899893,0.00000000
-7.75799893,0.00000000
-7.75699893,0.00000000
-7.75599893,0.00000000
-7.75499893,0.00000000
-7.75399893,-1.88853300
-7.75299893,0.00000000
-7.75199893,0.00000000
-7.75099893,0.00000000
-7.74999893,0.00000000
-7.74899893,0.00000000
-7.74799893,0.00000000
-7.74699893,0.00000000
-7.74599893,0.00000000
-7.74499893,0.00000000
-7.74399893,-1.88853300
-7.74299893,-1.88853300
-7.74199893,0.00000000
-7.74099893,0.00000000
-7.73999893,0.00000000
-7.73899893,0.00000000
-7.73799893,0.00000000
-7.73699893,0.00000000
-7.73599893,0.00000000
-7.73499893,-1.88853300
-7.73399893,-1.88853300
-7.73299893,0.00000000
-7.73199893,0.00000000
-7.73099893,0.00000000
-7.72999893,0.00000000
-7.72899893,0.00000000
-7.72799893,0.00000000
-7.72699893,0.00000000
-7.72599893,0.00000000
-7.72499893,0.00000000
-7.72399893,0.00000000
-7.72299893,-1.88853300
-7.72199893,-1.88853300
-7.72099893,0.00000000
-7.71999893,0.00000000
-7.71899893,0.00000000
-7.71799893,0.00000000
-7.71699893,0.00000000
-7.71599893,0.00000000
-7.71499893,0.00000000
-7.71399893,0.00000000
-7.71299893,0.00000000
-7.71199893,1.88853300
-7.71099893,0.00000000
-7.70999893,0.00000000
-7.70899893,0.00000000
-7.70799893,-1.88853300
-7.70699893,0.00000000
-7.70599893,0.00000000
-7.70499893,0.00000000
-7.70399893,0.00000000
-7.70299893,0.00000000
-7.70199893,0.00000000
-7.70099893,0.00000000
-7.69999893,-1.88853300
-7.69899893,-3.77706700
-7.69799893,-3.77706700
-7.69699893,-1.88853300
-7.69599893,-1.88853300
-7.69499893,0.00000000
-7.69399893,0.00000000
-7.69299893,0.00000000
-7.69199893,0.00000000
-7.69099893,0.00000000
-7.68999893,-1.88853300
-7.68899893,-1.88853300
-7.68799893,-1.88853300
-7.68699893,0.00000000
-7.68599893,1.88853300
-7.68499893,1.88853300
-7.68399893,1.88853300
-7.68299893,1.88853300
-7.68199893,1.88853300
-7.68099893,1.88853300
-7.67999893,1.88853300
-7.67899893,0.00000000
-7.67799893,0.00000000
-7.67699893,-1.88853300
-7.67599893,-1.88853300
-7.67499893,0.00000000
-7.67399893,0.00000000
-7.67299893,0.00000000
-7.67199893,0.00000000
-7.67099893,0.00000000
-7.66999893,-1.88853300
-7.66899893,-1.88853300
-7.66799893,-1.88853300
-7.66699893,-1.88853300
-7.66599893,-1.88853300
-7.66499893,0.00000000
-7.66399893,-1.88853300
-7.66299893,-3.77706700
-7.66199893,-3.77706700
-7.66099893,-3.77706700
-7.65999893,-1.88853300
-7.65899893,-1.88853300
-7.65799893,-1.88853300
-7.65699893,-1.88853300
-7.65599893,-1.88853300
-7.65499893,-1.88853300
-7.65399893,-1.88853300
-7.65299893,-1.88853300
-7.65199893,-1.88853300
-7.65099893,-1.88853300
-7.64999893,-1.88853300
-7.64899893,-1.88853300
-7.64799893,-1.88853300
-7.64699893,0.00000000
-7.64599893,0.00000000
-7.64499893,0.00000000
-7.64399893,0.00000000
-7.64299893,-1.88853300
-7.64199893,-3.77706700
-7.64099893,-3.77706700
-7.63999893,-3.77706700
-7.63899893,-1.88853300
-7.63799893,0.00000000
-7.63699893,0.00000000
-7.63599893,-1.88853300
-7.63499893,-1.88853300
-7.63399893,-1.88853300
-7.63299893,-1.88853300
-7.63199893,-1.88853300
-7.63099893,-1.88853300
-7.62999893,-1.88853300
-7.62899893,0.00000000
-7.62799893,1.88853300
-7.62699893,1.88853300
-7.62599893,0.00000000
-7.62499893,-1.88853300
-7.62399893,-1.88853300
-7.62299893,-3.77706700
-7.62199893,-3.77706700
-7.62099893,-1.88853300
-7.61999893,-1.88853300
-7.61899893,-1.88853300
-7.61799893,-1.88853300
-7.61699893,-1.88853300
-7.61599893,-3.77706700
-7.61499893,-3.77706700
-7.61399893,-3.77706700
-7.61299893,-5.67175200
-7.61199893,-5.67175200
-7.61099893,-3.77706700
-7.60999893,-1.88853300
-7.60899893,0.00000000
-7.60799893,1.88853300
-7.60699893,1.88853300
-7.60599893,0.00000000
-7.60499893,-1.88853300
-7.60399893,-1.88853300
-7.60299893,-1.88853300
-7.60199893,-1.88853300
-7.60099893,-1.88853300
-7.59999893,-1.88853300
-7.59899893,-1.88853300
-7.59799893,-1.88853300
-7.59699893,-1.88853300
-7.59599893,-3.77706700
-7.59499893,-3.77706700
-7.59399893,-5.67175200
-7.59299893,-5.67175200
-7.59199893,-5.67175200
-7.59099893,-5.67175200
-7.58999893,-3.77706700
-7.58899893,-3.77706700
-7.58799893,-1.88853300
-7.58699893,-1.88853300
-7.58599893,-1.88853300
-7.58499893,-1.88853300
-7.58399893,-3.77706700
-7.58299893,-3.77706700
-7.58199893,-1.88853300
-7.58099893,-1.88853300
-7.57999893,-1.88853300
-7.57899893,-1.88853300
-7.57799893,-1.88853300
-7.57699893,-1.88853300
-7.57599893,-3.77706700
-7.57499893,-3.77706700
-7.57399893,-3.77706700
-7.57299893,-3.77706700
-7.57199893,-3.77706700
-7.57099893,-3.77706700
-7.56999893,-3.77706700
-7.56899893,-5.67175200
-7.56799893,-5.67175200
-7.56699893,-5.67175200
-7.56599893,-5.67175200
-7.56499893,-5.67175200
-7.56399893,-3.77706700
-7.56299893,-3.77706700
-7.56199893,-3.77706700
-7.56099893,-1.88853300
-7.55999893,-3.77706700
-7.55899893,-3.77706700
-7.55799893,-5.67175200
-7.55699893,-5.67175200
-7.55599893,-5.67175200
-7.55499893,-5.67175200
-7.55399893,-5.67175200
-7.55299893,-3.77706700
-7.55199893,-5.67175200
-7.55099893,-5.67175200
-7.54999893,-5.67175200
-7.54899893,-7.56028500
-7.54799893,-9.45496900
-7.54699893,-9.45496900
-7.54599893,-9.45496900
-7.54499893,-9.45496900
-7.54399893,-9.45496900
-7.54299893,-9.45496900
-7.54199893,-7.56028500
-7.54099893,-9.45496900
-7.53999893,-9.45496900
-7.53899893,-9.45496900
-7.53799893,-9.45496900
-7.53699893,-7.56028500
-7.53599893,-5.67175200
-7.53499893,-3.77706700
-7.53399893,-3.77706700
-7.53299893,-3.77706700
-7.53199893,-3.77706700
-7.53099893,-3.77706700
-7.52999893,-3.77706700
-7.52899893,-3.77706700
-7.52799893,-3.77706700
-7.52699893,-3.77706700
-7.52599893,-3.77706700
-7.52499893,-3.77706700
-7.52399893,-3.77706700
-7.52299893,-3.77706700
-7.52199893,-5.67175200
-7.52099893,-5.67175200
-7.51999893,-5.67175200
-7.51899893,-5.67175200
-7.51799893,-5.67175200
-7.51699893,-3.77706700
-7.51599893,-1.88853300
-7.51499893,-1.88853300
-7.51399893,0.00000000
-7.51299893,0.00000000
-7.51199893,0.00000000
-7.51099893,-1.88853300
-7.50999893,-1.88853300
-7.50899893,-3.77706700
-7.50799893,-3.77706700
-7.50699893,-3.77706700
-7.50599893,-1.88853300
-7.50499893,-1.88853300
-7.50399893,-1.88853300
-7.50299893,-1.88853300
-7.50199893,-3.77706700
-7.50099893,-3.77706700
-7.49999893,-5.67175200
-7.49899893,-5.67175200
-7.49799893,-5.67175200
-7.49699893,-3.77706700
-7.49599893,-5.67175200
-7.49499893,-5.67175200
-7.49399893,-5.67175200
-7.49299893,-5.67175200
-7.49199893,-3.77706700
-7.49099893,-3.77706700
-7.48999893,-5.67175200
-7.48899893,-3.77706700
-7.48799893,-3.77706700
-7.48699893,-3.77706700
-7.48599893,-3.77706700
-7.48499893,-3.77706700
-7.48399893,-3.77706700
-7.48299893,-5.67175200
-7.48199893,-7.56028500
-7.48099893,-5.67175200
-7.47999893,-5.67175200
-7.47899893,-5.67175200
-7.47799893,-5.67175200
-7.47699893,-3.77706700
-7.47599893,-3.77706700
-7.47499893,-3.77706700
-7.47399893,-3.77706700
-7.47299893,-5.67175200
-7.47199893,-5.67175200
-7.47099893,-7.56028500
-7.46999893,-5.67175200
-7.46899893,-5.67175200
-7.46799893,-3.77706700
-7.46699893,-3.77706700
-7.46599893,-3.77706700
-7.46499893,-1.88853300
-7.46399893,-3.77706700
-7.46299893,-3.77706700
-7.46199893,-3.77706700
-7.46099893,-3.77706700
-7.45999893,-3.77706700
-7.45899893,-3.77706700
-7.45799893,-3.77706700
-7.45699893,-3.77706700
-7.45599893,-3.77706700
-7.45499893,-3.77706700
-7.45399893,-3.77706700
-7.45299893,-3.77706700
-7.45199893,-5.67175200
-7.45099893,-5.67175200
-7.44999893,-5.67175200
-7.44899893,-3.77706700
-7.44799893,-5.67175200
-7.44699893,-5.67175200
-7.44599893,-5.67175200
-7.44499893,-3.77706700
-7.44399893,-3.77706700
-7.44299893,-3.77706700
-7.44199893,-3.77706700
-7.44099893,-3.77706700
-7.43999893,-3.77706700
-7.43899893,-3.77706700
-7.43799893,-3.77706700
-7.43699893,-3.77706700
-7.43599893,-3.77706700
-7.43499893,-3.77706700
-7.43399893,-3.77706700
-7.43299893,-1.88853300
-7.43199893,-3.77706700
-7.43099893,-3.77706700
-7.42999893,-3.77706700
-7.42899893,-3.77706700
-7.42799893,-3.77706700
-7.42699893,-3.77706700
-7.42599893,-3.77706700
-7.42499893,-1.88853300
-7.42399893,0.00000000
-7.42299893,0.00000000
-7.42199893,0.00000000
-7.42099894,0.00000000
-7.41999894,0.00000000
-7.41899894,0.00000000
-7.41799894,0.00000000
-7.41699894,0.00000000
-7.41599894,0.00000000
-7.41499894,0.00000000
-7.41399894,1.88853300
-7.41299894,1.88853300
-7.41199894,1.88853300
-7.41099894,1.88853300
-7.40999894,1.88853300
-7.40899894,1.88853300
-7.40799894,1.88853300
-7.40699894,1.88853300
-7.40599894,1.88853300
-7.40499894,1.88853300
-7.40399894,1.88853300
-7.40299894,1.88853300
-7.40199894,0.00000000
-7.40099894,0.00000000
-7.39999894,0.00000000
-7.39899894,0.00000000
-7.39799894,1.88853300
-7.39699894,1.88853300
-7.39599894,0.00000000
-7.39499894,0.00000000
-7.39399894,0.00000000
-7.39299894,0.00000000
-7.39199894,0.00000000
-7.39099894,0.00000000
-7.38999894,0.00000000
-7.38899894,0.00000000
-7.38799894,0.00000000
-7.38699894,0.00000000
-7.38599894,0.00000000
-7.38499894,0.00000000
-7.38399894,0.00000000
-7.38299894,0.00000000
-7.38199894,-1.88853300
-7.38099894,-1.88853300
-7.37999894,-1.88853300
-7.37899894,-1.88853300
-7.37799894,-1.88853300
-7.37699894,-1.88853300
-7.37599894,-1.88853300
-7.37499894,-1.88853300
-7.37399894,-1.88853300
-7.37299894,-1.88853300
-7.37199894,-1.88853300
-7.37099894,0.00000000
-7.36999894,0.00000000
-7.36899894,0.00000000
-7.36799894,0.00000000
-7.36699894,0.00000000
-7.36599894,0.00000000
-7.36499894,0.00000000
-7.36399894,0.00000000
-7.36299894,-1.88853300
-7.36199894,-1.88853300
-7.36099894,0.00000000
-7.35999894,0.00000000
-7.35899894,0.00000000
-7.35799894,0.00000000
-7.35699894,0.00000000
-7.35599894,0.00000000
-7.35499894,0.00000000
-7.35399894,-1.88853300
-7.35299894,-1.88853300
-7.35199894,0.00000000
-7.35099894,0.00000000
-7.34999894,1.88853300
-7.34899894,1.88853300
-7.34799894,1.88853300
-7.34699894,1.88853300
-7.34599894,1.88853300
-7.34499894,1.88853300
-7.34399894,1.88853300
-7.34299894,1.88853300
-7.34199894,1.88853300
-7.34099894,1.88853300
-7.33999894,1.88853300
-7.33899894,1.88853300
-7.33799894,1.88853300
-7.33699894,1.88853300
-7.33599894,1.88853300
-7.33499894,1.88853300
-7.33399894,1.88853300
-7.33299894,1.88853300
-7.33199894,0.00000000
-7.33099894,1.88853300
-7.32999894,1.88853300
-7.32899894,1.88853300
-7.32799894,0.00000000
-7.32699894,0.00000000
-7.32599894,0.00000000
-7.32499894,0.00000000
-7.32399894,0.00000000
-7.32299894,0.00000000
-7.32199894,0.00000000
-7.32099894,0.00000000
-7.31999894,0.00000000
-7.31899894,0.00000000
-7.31799894,0.00000000
-7.31699894,0.00000000
-7.31599894,-1.88853300
-7.31499894,-1.88853300
-7.31399894,0.00000000
-7.31299894,0.00000000
-7.31199894,0.00000000
-7.31099894,0.00000000
-7.30999894,-1.88853300
-7.30899894,-1.88853300
-7.30799894,-1.88853300
-7.30699894,-1.88853300
-7.30599894,-1.88853300
-7.30499894,0.00000000
-7.30399894,0.00000000
-7.30299894,0.00000000
-7.30199894,0.00000000
-7.30099894,-1.88853300
-7.29999894,-1.88853300
-7.29899894,-1.88853300
-7.29799894,-1.88853300
-7.29699894,-1.88853300
-7.29599894,0.00000000
-7.29499894,0.00000000
-7.29399894,1.88853300
-7.29299894,1.88853300
-7.29199894,1.88853300
-7.29099894,0.00000000
-7.28999894,0.00000000
-7.28899894,0.00000000
-7.28799894,-1.88853300
-7.28699894,-1.88853300
-7.28599894,-1.88853300
-7.28499894,0.00000000
-7.28399894,0.00000000
-7.28299894,1.88853300
-7.28199894,1.88853300
-7.28099894,1.88853300
-7.27999894,0.00000000
-7.27899894,-1.88853300
-7.27799894,-1.88853300
-7.27699894,0.00000000
-7.27599894,0.00000000
-7.27499894,0.00000000
-7.27399894,0.00000000
-7.27299894,1.88853300
-7.27199894,1.88853300
-7.27099894,0.00000000
-7.26999894,0.00000000
-7.26899894,0.00000000
-7.26799894,-1.88853300
-7.26699894,-1.88853300
-7.26599894,-1.88853300
-7.26499894,0.00000000
-7.26399894,-1.88853300
-7.26299894,-1.88853300
-7.26199894,-1.88853300
-7.26099894,-3.77706700
-7.25999894,-3.77706700
-7.25899894,-3.77706700
-7.25799894,-3.77706700
-7.25699894,-3.77706700
-7.25599894,-1.88853300
-7.25499894,-1.88853300
-7.25399894,-1.88853300
-7.25299894,-1.88853300
-7.25199894,-3.77706700
-7.25099894,-3.77706700
-7.24999894,-3.77706700
-7.24899894,-1.88853300
-7.24799894,-1.88853300
-7.24699894,-1.88853300
-7.24599894,0.00000000
-7.24499894,0.00000000
-7.24399894,0.00000000
-7.24299894,-1.88853300
-7.24199894,-1.88853300
-7.24099894,-1.88853300
-7.23999894,0.00000000
-7.23899894,0.00000000
-7.23799894,1.88853300
-7.23699894,1.88853300
-7.23599894,1.88853300
-7.23499894,1.88853300
-7.23399894,0.00000000
-7.23299894,0.00000000
-7.23199894,-1.88853300
-7.23099894,-1.88853300
-7.22999894,-1.88853300
-7.22899894,0.00000000
-7.22799894,0.00000000
-7.22699894,0.00000000
-7.22599894,0.00000000
-7.22499894,0.00000000
-7.22399894,0.00000000
-7.22299894,-1.88853300
-7.22199894,-1.88853300
-7.22099894,-3.77706700
-7.21999894,-3.77706700
-7.21899894,-1.88853300
-7.21799894,-1.88853300
-7.21699894,0.00000000
-7.21599894,-1.88853300
-7.21499894,-1.88853300
-7.21399894,-1.88853300
-7.21299894,-1.88853300
-7.21199894,-3.77706700
-7.21099894,-3.77706700
-7.20999894,-3.77706700
-7.20899894,-3.77706700
-7.20799894,-3.77706700
-7.20699894,-3.77706700
-7.20599894,-1.88853300
-7.20499894,-1.88853300
-7.20399894,-1.88853300
-7.20299894,-1.88853300
-7.20199894,0.00000000
-7.20099894,0.00000000
-7.19999894,0.00000000
-7.19899894,0.00000000
-7.19799894,1.88853300
-7.19699894,1.88853300
-7.19599894,0.00000000
-7.19499894,0.00000000
-7.19399894,1.88853300
-7.19299894,1.88853300
-7.19199894,3.77706700
-7.19099894,3.77706700
-7.18999894,3.77706700
-7.18899894,3.77706700
-7.18799894,3.77706700
-7.18699894,1.88853300
-7.18599894,1.88853300
-7.18499894,1.88853300
-7.18399894,1.88853300
-7.18299894,3.77706700
-7.18199894,3.77706700
-7.18099894,5.67175200
-7.17999894,5.67175200
-7.17899894,3.77706700
-7.17799894,3.77706700
-7.17699894,3.77706700
-7.17599894,3.77706700
-7.17499894,1.88853300
-7.17399894,3.77706700
-7.17299894,3.77706700
-7.17199894,5.67175200
-7.17099894,5.67175200
-7.16999894,5.67175200
-7.16899894,5.67175200
-7.16799894,3.77706700
-7.16699894,1.88853300
-7.16599894,1.88853300
-7.16499894,0.00000000
-7.16399894,0.00000000
-7.16299894,1.88853300
-7.16199894,1.88853300
-7.16099894,3.77706700
-7.15999894,3.77706700
-7.15899894,1.88853300
-7.15799894,1.88853300
-7.15699894,1.88853300
-7.15599894,0.00000000
-7.15499894,0.00000000
-7.15399894,0.00000000
-7.15299894,1.88853300
-7.15199894,1.88853300
-7.15099894,1.88853300
-7.14999894,3.77706700
-7.14899894,1.88853300
-7.14799894,1.88853300
-7.14699894,1.88853300
-7.14599894,1.88853300
-7.14499894,1.88853300
-7.14399894,1.88853300
-7.14299894,1.88853300
-7.14199894,1.88853300
-7.14099894,3.77706700
-7.13999894,3.77706700
-7.13899894,3.77706700
-7.13799894,3.77706700
-7.13699894,3.77706700
-7.13599894,1.88853300
-7.13499894,1.88853300
-7.13399894,1.88853300
-7.13299894,1.88853300
-7.13199894,1.88853300
-7.13099894,1.88853300
-7.12999894,1.88853300
-7.12899894,1.88853300
-7.12799894,1.88853300
-7.12699894,1.88853300
-7.12599894,3.77706700
-7.12499894,3.77706700
-7.12399894,1.88853300
-7.12299894,1.88853300
-7.12199894,0.00000000
-7.12099894,1.88853300
-7.11999894,1.88853300
-7.11899894,1.88853300
-7.11799894,1.88853300
-7.11699894,1.88853300
-7.11599894,3.77706700
-7.11499894,1.88853300
-7.11399894,1.88853300
-7.11299894,1.88853300
-7.11199894,0.00000000
-7.11099894,0.00000000
-7.10999894,0.00000000
-7.10899894,1.88853300
-7.10799894,1.88853300
-7.10699894,3.77706700
-7.10599894,3.77706700
-7.10499894,5.67175200
-7.10399894,3.77706700
-7.10299894,3.77706700
-7.10199894,3.77706700
-7.10099894,3.77706700
-7.09999894,3.77706700
-7.09899894,3.77706700
-7.09799894,3.77706700
-7.09699894,5.67175200
-7.09599894,5.67175200
-7.09499894,5.67175200
-7.09399894,5.67175200
-7.09299894,5.67175200
-7.09199894,3.77706700
-7.09099894,3.77706700
-7.08999894,3.77706700
-7.08899894,3.77706700
-7.08799894,3.77706700
-7.08699894,3.77706700
-7.08599894,3.77706700
-7.08499894,3.77706700
-7.08399894,3.77706700
-7.08299894,1.88853300
-7.08199894,1.88853300
-7.08099894,1.88853300
-7.07999894,1.88853300
-7.07899894,0.00000000
-7.07799894,0.00000000
-7.07699894,-1.88853300
-7.07599894,-1.88853300
-7.07499894,-1.88853300
-7.07399894,-1.88853300
-7.07299894,-1.88853300
-7.07199894,-1.88853300
-7.07099894,-3.77706700
-7.06999894,-3.77706700
-7.06899894,-3.77706700
-7.06799895,-5.67175200
-7.06699895,-5.67175200
-7.06599895,-5.67175200
-7.06499895,-5.67175200
-7.06399895,-5.67175200
-7.06299895,-5.67175200
-7.06199895,-3.77706700
-7.06099895,-3.77706700
-7.05999895,-3.77706700
-7.05899895,-3.77706700
-7.05799895,-3.77706700
-7.05699895,-3.77706700
-7.05599895,-3.77706700
-7.05499895,-3.77706700
-7.05399895,-3.77706700
-7.05299895,-3.77706700
-7.05199895,-1.88853300
-7.05099895,0.00000000
-7.04999895,0.00000000
-7.04899895,0.00000000
-7.04799895,0.00000000
-7.04699895,0.00000000
-7.04599895,0.00000000
-7.04499895,1.88853300
-7.04399895,1.88853300
-7.04299895,3.77706700
-7.04199895,3.77706700
-7.04099895,3.77706700
-7.03999895,3.77706700
-7.03899895,3.77706700
-7.03799895,3.77706700
-7.03699895,3.77706700
-7.03599895,3.77706700
-7.03499895,3.77706700
-7.03399895,3.77706700
-7.03299895,3.77706700
-7.03199895,3.77706700
-7.03099895,3.77706700
-7.02999895,3.77706700
-7.02899895,3.77706700
-7.02799895,3.77706700
-7.02699895,3.77706700
-7.02599895,3.77706700
-7.02499895,3.77706700
-7.02399895,1.88853300
-7.02299895,1.88853300
-7.02199895,1.88853300
-7.02099895,0.00000000
-7.01999895,0.00000000
-7.01899895,0.00000000
-7.01799895,0.00000000
-7.01699895,0.00000000
-7.01599895,0.00000000
-7.01499895,0.00000000
-7.01399895,0.00000000
-7.01299895,-1.88853300
-7.01199895,-1.88853300
-7.01099895,-1.88853300
-7.00999895,-3.77706700
-7.00899895,-3.77706700
-7.00799895,-3.77706700
-7.00699895,-3.77706700
-7.00599895,-3.77706700
-7.00499895,-1.88853300
-7.00399895,-1.88853300
-7.00299895,-1.88853300
-7.00199895,-3.77706700
-7.00099895,-3.77706700
-6.99999895,-5.67175200
-6.99899895,-5.67175200
-6.99799895,-3.77706700
-6.99699895,-1.88853300
-6.99599895,-1.88853300
-6.99499895,0.00000000
-6.99399895,0.00000000
-6.99299895,0.00000000
-6.99199895,0.00000000
-6.99099895,-1.88853300
-6.98999895,-1.88853300
-6.98899895,-1.88853300
-6.98799895,0.00000000
-6.98699895,0.00000000
-6.98599895,1.88853300
-6.98499895,1.88853300
-6.98399895,1.88853300
-6.98299895,1.88853300
-6.98199895,1.88853300
-6.98099895,1.88853300
-6.97999895,1.88853300
-6.97899895,0.00000000
-6.97799895,1.88853300
-6.97699895,1.88853300
-6.97599895,1.88853300
-6.97499895,3.77706700
-6.97399895,3.77706700
-6.97299895,3.77706700
-6.97199895,3.77706700
-6.97099895,1.88853300
-6.96999895,1.88853300
-6.96899895,1.88853300
-6.96799895,1.88853300
-6.96699895,1.88853300
-6.96599895,1.88853300
-6.96499895,1.88853300
-6.96399895,1.88853300
-6.96299895,0.00000000
-6.96199895,1.88853300
-6.96099895,1.88853300
-6.95999895,0.00000000
-6.95899895,0.00000000
-6.95799895,0.00000000
-6.95699895,0.00000000
-6.95599895,0.00000000
-6.95499895,-1.88853300
-6.95399895,-1.88853300
-6.95299895,-1.88853300
-6.95199895,0.00000000
-6.95099895,0.00000000
-6.94999895,0.00000000
-6.94899895,0.00000000
-6.94799895,0.00000000
-6.94699895,0.00000000
-6.94599895,0.00000000
-6.94499895,0.00000000
-6.94399895,-1.88853300
-6.94299895,-1.88853300
-6.94199895,-1.88853300
-6.94099895,-1.88853300
-6.93999895,0.00000000
-6.93899895,0.00000000
-6.93799895,0.00000000
-6.93699895,0.00000000
-6.93599895,0.00000000
-6.93499895,0.00000000
-6.93399895,0.00000000
-6.93299895,0.00000000
-6.93199895,0.00000000
-6.93099895,0.00000000
-6.92999895,0.00000000
-6.92899895,0.00000000
-6.92799895,-1.88853300
-6.92699895,-1.88853300
-6.92599895,-1.88853300
-6.92499895,-1.88853300
-6.92399895,-1.88853300
-6.92299895,-1.88853300
-6.92199895,-1.88853300
-6.92099895,0.00000000
-6.91999895,0.00000000
-6.91899895,0.00000000
-6.91799895,0.00000000
-6.91699895,0.00000000
-6.91599895,-1.88853300
-6.91499895,-1.88853300
-6.91399895,-1.88853300
-6.91299895,0.00000000
-6.91199895,-1.88853300
-6.91099895,-1.88853300
-6.90999895,0.00000000
-6.90899895,-1.88853300
-6.90799895,-1.88853300
-6.90699895,-1.88853300
-6.90599895,-1.88853300
-6.90499895,-1.88853300
-6.90399895,0.00000000
-6.90299895,0.00000000
-6.90199895,0.00000000
-6.90099895,-1.88853300
-6.89999895,-1.88853300
-6.89899895,-1.88853300
-6.89799895,-3.77706700
-6.89699895,-1.88853300
-6.89599895,-1.88853300
-6.89499895,-1.88853300
-6.89399895,0.00000000
-6.89299895,0.00000000
-6.89199895,1.88853300
-6.89099895,1.88853300
-6.88999895,1.88853300
-6.88899895,0.00000000
-6.88799895,-1.88853300
-6.88699895,-3.77706700
-6.88599895,-3.77706700
-6.88499895,-3.77706700
-6.88399895,-3.77706700
-6.88299895,-1.88853300
-6.88199895,-1.88853300
-6.88099895,0.00000000
-6.87999895,1.88853300
-6.87899895,1.88853300
-6.87799895,1.88853300
-6.87699895,0.00000000
-6.87599895,-1.88853300
-6.87499895,-1.88853300
-6.87399895,-1.88853300
-6.87299895,-1.88853300
-6.87199895,-1.88853300
-6.87099895,-1.88853300
-6.86999895,-1.88853300
-6.86899895,0.00000000
-6.86799895,0.00000000
-6.86699895,0.00000000
-6.86599895,-1.88853300
-6.86499895,-1.88853300
-6.86399895,-1.88853300
-6.86299895,-1.88853300
-6.86199895,-3.77706700
-6.86099895,-3.77706700
-6.85999895,-3.77706700
-6.85899895,-5.67175200
-6.85799895,-3.77706700
-6.85699895,-1.88853300
-6.85599895,-1.88853300
-6.85499895,-1.88853300
-6.85399895,-1.88853300
-6.85299895,-1.88853300
-6.85199895,-1.88853300
-6.85099895,-1.88853300
-6.84999895,-3.77706700
-6.84899895,-3.77706700
-6.84799895,-3.77706700
-6.84699895,-5.67175200
-6.84599895,-5.67175200
-6.84499895,-3.77706700
-6.84399895,-1.88853300
-6.84299895,-1.88853300
-6.84199895,-1.88853300
-6.84099895,-1.88853300
-6.83999895,-1.88853300
-6.83899895,-3.77706700
-6.83799895,-3.77706700
-6.83699895,-3.77706700
-6.83599895,-3.77706700
-6.83499895,-3.77706700
-6.83399895,-3.77706700
-6.83299895,-1.88853300
-6.83199895,-1.88853300
-6.83099895,-1.88853300
-6.82999895,-1.88853300
-6.82899895,-1.88853300
-6.82799895,-1.88853300
-6.82699895,-1.88853300
-6.82599895,-1.88853300
-6.82499895,-1.88853300
-6.82399895,-1.88853300
-6.82299895,-1.88853300
-6.82199895,-1.88853300
-6.82099895,-1.88853300
-6.81999895,-1.88853300
-6.81899895,-1.88853300
-6.81799895,-1.88853300
-6.81699895,-1.88853300
-6.81599895,-1.88853300
-6.81499895,-3.77706700
-6.81399895,-1.88853300
-6.81299895,-1.88853300
-6.81199895,-3.77706700
-6.81099895,-3.77706700
-6.80999895,-3.77706700
-6.80899895,-1.88853300
-6.80799895,-1.88853300
-6.80699895,-1.88853300
-6.80599895,-1.88853300
-6.80499895,-3.77706700
-6.80399895,-3.77706700
-6.80299895,-3.77706700
-6.80199895,-1.88853300
-6.80099895,-1.88853300
-6.79999895,-3.77706700
-6.79899895,-3.77706700
-6.79799895,-3.77706700
-6.79699895,-3.77706700
-6.79599895,-3.77706700
-6.79499895,-3.77706700
-6.79399895,-3.77706700
-6.79299895,-3.77706700
-6.79199895,-3.77706700
-6.79099895,-3.77706700
-6.78999895,-3.77706700
-6.78899895,-3.77706700
-6.78799895,-3.77706700
-6.78699895,-1.88853300
-6.78599895,-3.77706700
-6.78499895,-3.77706700
-6.78399895,-5.67175200
-6.78299895,-3.77706700
-6.78199895,-3.77706700
-6.78099895,-3.77706700
-6.77999895,-1.88853300
-6.77899895,-1.88853300
-6.77799895,-1.88853300
-6.77699895,-1.88853300
-6.77599895,-3.77706700
-6.77499895,-3.77706700
-6.77399895,-3.77706700
-6.77299895,-3.77706700
-6.77199895,-3.77706700
-6.77099895,-3.77706700
-6.76999895,-1.88853300
-6.76899895,-1.88853300
-6.76799895,-1.88853300
-6.76699895,-1.88853300
-6.76599895,-1.88853300
-6.76499895,-1.88853300
-6.76399895,-1.88853300
-6.76299895,-1.88853300
-6.76199895,-3.77706700
-6.76099895,-1.88853300
-6.75999895,-3.77706700
-6.75899895,-3.77706700
-6.75799895,-3.77706700
-6.75699895,-1.88853300
-6.75599895,-1.88853300
-6.75499895,-1.88853300
-6.75399895,-3.77706700
-6.75299895,-3.77706700
-6.75199895,-3.77706700
-6.75099895,-3.77706700
-6.74999895,-3.77706700
-6.74899895,-3.77706700
-6.74799895,-3.77706700
-6.74699895,-3.77706700
-6.74599895,-3.77706700
-6.74499895,-1.88853300
-6.74399895,-3.77706700
-6.74299895,-3.77706700
-6.74199895,-3.77706700
-6.74099895,-3.77706700
-6.73999895,-3.77706700
-6.73899895,-3.77706700
-6.73799895,-5.67175200
-6.73699895,-3.77706700
-6.73599895,-3.77706700
-6.73499895,-3.77706700
-6.73399895,-3.77706700
-6.73299895,-3.77706700
-6.73199895,-3.77706700
-6.73099895,-3.77706700
-6.72999895,-3.77706700
-6.72899895,-3.77706700
-6.72799895,-3.77706700
-6.72699895,-5.67175200
-6.72599895,-3.77706700
-6.72499895,-3.77706700
-6.72399895,-3.77706700
-6.72299895,-3.77706700
-6.72199895,-3.77706700
-6.72099895,-3.77706700
-6.71999895,-3.77706700
-6.71899895,-3.77706700
-6.71799895,-3.77706700
-6.71699895,-3.77706700
-6.71599895,-5.67175200
-6.71499895,-5.67175200
-6.71399896,-5.67175200
-6.71299896,-3.77706700
-6.71199896,-3.77706700
-6.71099896,-3.77706700
-6.70999896,-3.77706700
-6.70899896,-3.77706700
-6.70799896,-3.77706700
-6.70699896,-3.77706700
-6.70599896,-5.67175200
-6.70499896,-5.67175200
-6.70399896,-5.67175200
-6.70299896,-5.67175200
-6.70199896,-5.67175200
-6.70099896,-5.67175200
-6.69999896,-5.67175200
-6.69899896,-3.77706700
-6.69799896,-3.77706700
-6.69699896,-3.77706700
-6.69599896,-5.67175200
-6.69499896,-5.67175200
-6.69399896,-5.67175200
-6.69299896,-5.67175200
-6.69199896,-5.67175200
-6.69099896,-5.67175200
-6.68999896,-5.67175200
-6.68899896,-3.77706700
-6.68799896,-5.67175200
-6.68699896,-5.67175200
-6.68599896,-5.67175200
-6.68499896,-5.67175200
-6.68399896,-5.67175200
-6.68299896,-5.67175200
-6.68199896,-5.67175200
-6.68099896,-5.67175200
-6.67999896,-5.67175200
-6.67899896,-5.67175200
-6.67799896,-5.67175200
-6.67699896,-5.67175200
-6.67599896,-5.67175200
-6.67499896,-5.67175200
-6.67399896,-5.67175200
-6.67299896,-5.67175200
-6.67199896,-5.67175200
-6.67099896,-3.77706700
-6.66999896,-3.77706700
-6.66899896,-3.77706700
-6.66799896,-3.77706700
-6.66699896,-5.67175200
-6.66599896,-5.67175200
-6.66499896,-5.67175200
-6.66399896,-5.67175200
-6.66299896,-5.67175200
-6.66199896,-3.77706700
-6.66099896,-3.77706700
-6.65999896,-3.77706700
-6.65899896,-3.77706700
-6.65799896,-5.67175200
-6.65699896,-3.77706700
-6.65599896,-5.67175200
-6.65499896,-5.67175200
-6.65399896,-5.67175200
-6.65299896,-5.67175200
-6.65199896,-3.77706700
-6.65099896,-3.77706700
-6.64999896,-5.67175200
-6.64899896,-5.67175200
-6.64799896,-5.67175200
-6.64699896,-5.67175200
-6.64599896,-5.67175200
-6.64499896,-5.67175200
-6.64399896,-5.67175200
-6.64299896,-5.67175200
-6.64199896,-5.67175200
-6.64099896,-3.77706700
-6.63999896,-5.67175200
-6.63899896,-7.56028500
-6.63799896,-7.56028500
-6.63699896,-7.56028500
-6.63599896,-7.56028500
-6.63499896,-7.56028500
-6.63399896,-5.67175200
-6.63299896,-5.67175200
-6.63199896,-5.67175200
-6.63099896,-5.67175200
-6.62999896,-7.56028500
-6.62899896,-7.56028500
-6.62799896,-9.45496900
-6.62699896,-7.56028500
-6.62599896,-7.56028500
-6.62499896,-5.67175200
-6.62399896,-5.67175200
-6.62299896,-5.67175200
-6.62199896,-5.67175200
-6.62099896,-5.67175200
-6.61999896,-7.56028500
-6.61899896,-7.56028500
-6.61799896,-7.56028500
-6.61699896,-7.56028500
-6.61599896,-7.56028500
-6.61499896,-7.56028500
-6.61399896,-5.67175200
-6.61299896,-5.67175200
-6.61199896,-5.67175200
-6.61099896,-5.67175200
-6.60999896,-7.56028500
-6.60899896,-7.56028500
-6.60799896,-7.56028500
-6.60699896,-7.56028500
-6.60599896,-7.56028500
-6.60499896,-5.67175200
-6.60399896,-5.67175200
-6.60299896,-5.67175200
-6.60199896,-5.67175200
-6.60099896,-5.67175200
-6.59999896,-7.56028500
-6.59899896,-7.56028500
-6.59799896,-7.56028500
-6.59699896,-5.67175200
-6.59599896,-5.67175200
-6.59499896,-5.67175200
-6.59399896,-5.67175200
-6.59299896,-5.67175200
-6.59199896,-7.56028500
-6.59099896,-7.56028500
-6.58999896,-7.56028500
-6.58899896,-7.56028500
-6.58799896,-5.67175200
-6.58699896,-5.67175200
-6.58599896,-5.67175200
-6.58499896,-5.67175200
-6.58399896,-7.56028500
-6.58299896,-7.56028500
-6.58199896,-7.56028500
-6.58099896,-7.56028500
-6.57999896,-7.56028500
-6.57899896,-7.56028500
-6.57799896,-5.67175200
-6.57699896,-5.67175200
-6.57599896,-5.67175200
-6.57499896,-5.67175200
-6.57399896,-5.67175200
-6.57299896,-7.56028500
-6.57199896,-9.45496900
-6.57099896,-9.45496900
-6.56999896,-9.45496900
-6.56899896,-7.56028500
-6.56799896,-7.56028500
-6.56699896,-5.67175200
-6.56599896,-5.67175200
-6.56499896,-5.67175200
-6.56399896,-7.56028500
-6.56299896,-7.56028500
-6.56199896,-9.45496900
-6.56099896,-9.45496900
-6.55999896,-9.45496900
-6.55899896,-7.56028500
-6.55799896,-7.56028500
-6.55699896,-5.67175200
-6.55599896,-5.67175200
-6.55499896,-5.67175200
-6.55399896,-7.56028500
-6.55299896,-7.56028500
-6.55199896,-9.45496900
-6.55099896,-9.45496900
-6.54999896,-9.45496900
-6.54899896,-7.56028500
-6.54799896,-7.56028500
-6.54699896,-7.56028500
-6.54599896,-7.56028500
-6.54499896,-7.56028500
-6.54399896,-7.56028500
-6.54299896,-9.45496900
-6.54199896,-7.56028500
-6.54099896,-7.56028500
-6.53999896,-7.56028500
-6.53899896,-7.56028500
-6.53799896,-7.56028500
-6.53699896,-5.67175200
-6.53599896,-5.67175200
-6.53499896,-7.56028500
-6.53399896,-7.56028500
-6.53299896,-7.56028500
-6.53199896,-7.56028500
-6.53099896,-5.67175200
-6.52999896,-5.67175200
-6.52899896,-5.67175200
-6.52799896,-5.67175200
-6.52699896,-7.56028500
-6.52599896,-7.56028500
-6.52499896,-7.56028500
-6.52399896,-7.56028500
-6.52299896,-7.56028500
-6.52199896,-5.67175200
-6.52099896,-5.67175200
-6.51999896,-5.67175200
-6.51899896,-5.67175200
-6.51799896,-5.67175200
-6.51699896,-5.67175200
-6.51599896,-7.56028500
-6.51499896,-7.56028500
-6.51399896,-7.56028500
-6.51299896,-5.67175200
-6.51199896,-5.67175200
-6.51099896,-5.67175200
-6.50999896,-5.67175200
-6.50899896,-5.67175200
-6.50799896,-5.67175200
-6.50699896,-7.56028500
-6.50599896,-7.56028500
-6.50499896,-7.56028500
-6.50399896,-7.56028500
-6.50299896,-7.56028500
-6.50199896,-7.56028500
-6.50099896,-7.56028500
-6.49999896,-7.56028500
-6.49899896,-7.56028500
-6.49799896,-7.56028500
-6.49699896,-7.56028500
-6.49599896,-9.45496900
-6.49499896,-9.45496900
-6.49399896,-9.45496900
-6.49299896,-9.45496900
-6.49199896,-7.56028500
-6.49099896,-9.45496900
-6.48999896,-9.45496900
-6.48899896,-9.45496900
-6.48799896,-9.45496900
-6.48699896,-9.45496900
-6.48599896,-9.45496900
-6.48499896,-9.45496900
-6.48399896,-9.45496900
-6.48299896,-9.45496900
-6.48199896,-7.56028500
-6.48099896,-7.56028500
-6.47999896,-9.45496900
-6.47899896,-9.45496900
-6.47799896,-9.45496900
-6.47699896,-9.45496900
-6.47599896,-9.45496900
-6.47499896,-9.45496900
-6.47399896,-7.56028500
-6.47299896,-7.56028500
-6.47199896,-7.56028500
-6.47099896,-7.56028500
-6.46999896,-7.56028500
-6.46899896,-7.56028500
-6.46799896,-9.45496900
-6.46699896,-9.45496900
-6.46599896,-9.45496900
-6.46499896,-7.56028500
-6.46399896,-7.56028500
-6.46299896,-7.56028500
-6.46199896,-5.67175200
-6.46099896,-5.67175200
-6.45999896,-7.56028500
-6.45899896,-7.56028500
-6.45799896,-7.56028500
-6.45699896,-7.56028500
-6.45599896,-7.56028500
-6.45499896,-7.56028500
-6.45399896,-7.56028500
-6.45299896,-7.56028500
-6.45199896,-7.56028500
-6.45099896,-7.56028500
-6.44999896,-7.56028500
-6.44899896,-7.56028500
-6.44799896,-7.56028500
-6.44699896,-7.56028500
-6.44599896,-7.56028500
-6.44499896,-7.56028500
-6.44399896,-7.56028500
-6.44299896,-9.45496900
-6.44199896,-7.56028500
-6.44099896,-7.56028500
-6.43999896,-7.56028500
-6.43899896,-9.45496900
-6.43799896,-9.45496900
-6.43699896,-7.56028500
-6.43599896,-7.56028500
-6.43499896,-7.56028500
-6.43399896,-7.56028500
-6.43299896,-7.56028500
-6.43199896,-9.45496900
-6.43099896,-9.45496900
-6.42999896,-9.45496900
-6.42899896,-9.45496900
-6.42799896,-9.45496900
-6.42699896,-7.56028500
-6.42599896,-7.56028500
-6.42499896,-7.56028500
-6.42399896,-9.45496900
-6.42299896,-9.45496900
-6.42199896,-11.34350000
-6.42099896,-9.45496900
-6.41999896,-9.45496900
-6.41899896,-9.45496900
-6.41799896,-9.45496900
-6.41699896,-7.56028500
-6.41599896,-7.56028500
-6.41499896,-7.56028500
-6.41399896,-7.56028500
-6.41299896,-9.45496900
-6.41199896,-9.45496900
-6.41099896,-9.45496900
-6.40999896,-9.45496900
-6.40899896,-7.56028500
-6.40799896,-9.45496900
-6.40699896,-9.45496900
-6.40599896,-9.45496900
-6.40499896,-7.56028500
-6.40399896,-7.56028500
-6.40299896,-7.56028500
-6.40199896,-7.56028500
-6.40099896,-7.56028500
-6.39999896,-7.56028500
-6.39899896,-7.56028500
-6.39799896,-9.45496900
-6.39699896,-9.45496900
-6.39599896,-9.45496900
-6.39499896,-9.45496900
-6.39399896,-9.45496900
-6.39299896,-7.56028500
-6.39199896,-7.56028500
-6.39099896,-7.56028500
-6.38999896,-7.56028500
-6.38899896,-7.56028500
-6.38799896,-7.56028500
-6.38699896,-7.56028500
-6.38599896,-7.56028500
-6.38499896,-7.56028500
-6.38399896,-7.56028500
-6.38299896,-7.56028500
-6.38199896,-7.56028500
-6.38099896,-7.56028500
-6.37999896,-7.56028500
-6.37899896,-7.56028500
-6.37799896,-7.56028500
-6.37699896,-7.56028500
-6.37599896,-7.56028500
-6.37499896,-7.56028500
-6.37399896,-7.56028500
-6.37299896,-5.67175200
-6.37199896,-5.67175200
-6.37099896,-5.67175200
-6.36999896,-5.67175200
-6.36899896,-5.67175200
-6.36799896,-5.67175200
-6.36699896,-7.56028500
-6.36599896,-7.56028500
-6.36499896,-7.56028500
-6.36399896,-7.56028500
-6.36299896,-5.67175200
-6.36199896,-5.67175200
-6.36099897,-5.67175200
-6.35999897,-5.67175200
-6.35899897,-7.56028500
-6.35799897,-7.56028500
-6.35699897,-7.56028500
-6.35599897,-9.45496900
-6.35499897,-9.45496900
-6.35399897,-7.56028500
-6.35299897,-7.56028500
-6.35199897,-7.56028500
-6.35099897,-7.56028500
-6.34999897,-7.56028500
-6.34899897,-7.56028500
-6.34799897,-7.56028500
-6.34699897,-9.45496900
-6.34599897,-9.45496900
-6.34499897,-7.56028500
-6.34399897,-7.56028500
-6.34299897,-7.56028500
-6.34199897,-7.56028500
-6.34099897,-7.56028500
-6.33999897,-7.56028500
-6.33899897,-7.56028500
-6.33799897,-7.56028500
-6.33699897,-7.56028500
-6.33599897,-7.56028500
-6.33499897,-9.45496900
-6.33399897,-9.45496900
-6.33299897,-7.56028500
-6.33199897,-7.56028500
-6.33099897,-7.56028500
-6.32999897,-7.56028500
-6.32899897,-7.56028500
-6.32799897,-7.56028500
-6.32699897,-7.56028500
-6.32599897,-7.56028500
-6.32499897,-7.56028500
-6.32399897,-7.56028500
-6.32299897,-7.56028500
-6.32199897,-7.56028500
-6.32099897,-7.56028500
-6.31999897,-5.67175200
-6.31899897,-5.67175200
-6.31799897,-5.67175200
-6.31699897,-5.67175200
-6.31599897,-5.67175200
-6.31499897,-5.67175200
-6.31399897,-5.67175200
-6.31299897,-5.67175200
-6.31199897,-7.56028500
-6.31099897,-7.56028500
-6.30999897,-5.67175200
-6.30899897,-5.67175200
-6.30799897,-5.67175200
-6.30699897,-5.67175200
-6.30599897,-5.67175200
-6.30499897,-5.67175200
-6.30399897,-5.67175200
-6.30299897,-7.56028500
-6.30199897,-7.56028500
-6.30099897,-7.56028500
-6.29999897,-7.56028500
-6.29899897,-5.67175200
-6.29799897,-5.67175200
-6.29699897,-5.67175200
-6.29599897,-5.67175200
-6.29499897,-5.67175200
-6.29399897,-5.67175200
-6.29299897,-5.67175200
-6.29199897,-7.56028500
-6.29099897,-7.56028500
-6.28999897,-7.56028500
-6.28899897,-5.67175200
-6.28799897,-5.67175200
-6.28699897,-5.67175200
-6.28599897,-5.67175200
-6.28499897,-7.56028500
-6.28399897,-7.56028500
-6.28299897,-7.56028500
-6.28199897,-7.56028500
-6.28099897,-7.56028500
-6.27999897,-7.56028500
-6.27899897,-5.67175200
-6.27799897,-5.67175200
-6.27699897,-5.67175200
-6.27599897,-7.56028500
-6.27499897,-5.67175200
-6.27399897,-5.67175200
-6.27299897,-5.67175200
-6.27199897,-7.56028500
-6.27099897,-7.56028500
-6.26999897,-5.67175200
-6.26899897,-5.67175200
-6.26799897,-5.67175200
-6.26699897,-7.56028500
-6.26599897,-7.56028500
-6.26499897,-7.56028500
-6.26399897,-7.56028500
-6.26299897,-5.67175200
-6.26199897,-5.67175200
-6.26099897,-5.67175200
-6.25999897,-5.67175200
-6.25899897,-5.67175200
-6.25799897,-5.67175200
-6.25699897,-5.67175200
-6.25599897,-7.56028500
-6.25499897,-5.67175200
-6.25399897,-5.67175200
-6.25299897,-5.67175200
-6.25199897,-3.77706700
-6.25099897,-3.77706700
-6.24999897,-3.77706700
-6.24899897,-3.77706700
-6.24799897,-5.67175200
-6.24699897,-5.67175200
-6.24599897,-5.67175200
-6.24499897,-5.67175200
-6.24399897,-5.67175200
-6.24299897,-5.67175200
-6.24199897,-3.77706700
-6.24099897,-1.88853300
-6.23999897,-3.77706700
-6.23899897,-3.77706700
-6.23799897,-3.77706700
-6.23699897,-3.77706700
-6.23599897,-5.67175200
-6.23499897,-5.67175200
-6.23399897,-3.77706700
-6.23299897,-3.77706700
-6.23199897,-3.77706700
-6.23099897,-3.77706700
-6.22999897,-3.77706700
-6.22899897,-3.77706700
-6.22799897,-3.77706700
-6.22699897,-5.67175200
-6.22599897,-3.77706700
-6.22499897,-3.77706700
-6.22399897,-3.77706700
-6.22299897,-3.77706700
-6.22199897,-3.77706700
-6.22099897,-3.77706700
-6.21999897,-3.77706700
-6.21899897,-3.77706700
-6.21799897,-3.77706700
-6.21699897,-3.77706700
-6.21599897,-3.77706700
-6.21499897,-1.88853300
-6.21399897,0.00000000
-6.21299897,-1.88853300
-6.21199897,-1.88853300
-6.21099897,-3.77706700
-6.20999897,-5.67175200
-6.20899897,-5.67175200
-6.20799897,-5.67175200
-6.20699897,-5.67175200
-6.20599897,-3.77706700
-6.20499897,-1.88853300
-6.20399897,-1.88853300
-6.20299897,0.00000000
-6.20199897,0.00000000
-6.20099897,-1.88853300
-6.19999897,-1.88853300
-6.19899897,-1.88853300
-6.19799897,-3.77706700
-6.19699897,-3.77706700
-6.19599897,-3.77706700
-6.19499897,-3.77706700
-6.19399897,-3.77706700
-6.19299897,-1.88853300
-6.19199897,-3.77706700
-6.19099897,-1.88853300
-6.18999897,-1.88853300
-6.18899897,-1.88853300
-6.18799897,-1.88853300
-6.18699897,-1.88853300
-6.18599897,-1.88853300
-6.18499897,-1.88853300
-6.18399897,-3.77706700
-6.18299897,-3.77706700
-6.18199897,-5.67175200
-6.18099897,-5.67175200
-6.17999897,-3.77706700
-6.17899897,-3.77706700
-6.17799897,-1.88853300
-6.17699897,0.00000000
-6.17599897,0.00000000
-6.17499897,0.00000000
-6.17399897,0.00000000
-6.17299897,-1.88853300
-6.17199897,-3.77706700
-6.17099897,-5.67175200
-6.16999897,-5.67175200
-6.16899897,-5.67175200
-6.16799897,-3.77706700
-6.16699897,-1.88853300
-6.16599897,0.00000000
-6.16499897,0.00000000
-6.16399897,0.00000000
-6.16299897,0.00000000
-6.16199897,-1.88853300
-6.16099897,-1.88853300
-6.15999897,-3.77706700
-6.15899897,-3.77706700
-6.15799897,-1.88853300
-6.15699897,-1.88853300
-6.15599897,-1.88853300
-6.15499897,-1.88853300
-6.15399897,-1.88853300
-6.15299897,-1.88853300
-6.15199897,-1.88853300
-6.15099897,-1.88853300
-6.14999897,-1.88853300
-6.14899897,-1.88853300
-6.14799897,-1.88853300
-6.14699897,-1.88853300
-6.14599897,-1.88853300
-6.14499897,-1.88853300
-6.14399897,-1.88853300
-6.14299897,-1.88853300
-6.14199897,-1.88853300
-6.14099897,-1.88853300
-6.13999897,-1.88853300
-6.13899897,-1.88853300
-6.13799897,-1.88853300
-6.13699897,0.00000000
-6.13599897,0.00000000
-6.13499897,0.00000000
-6.13399897,-1.88853300
-6.13299897,-1.88853300
-6.13199897,-1.88853300
-6.13099897,-1.88853300
-6.12999897,-1.88853300
-6.12899897,-1.88853300
-6.12799897,-1.88853300
-6.12699897,-1.88853300
-6.12599897,0.00000000
-6.12499897,-1.88853300
-6.12399897,-1.88853300
-6.12299897,-1.88853300
-6.12199897,0.00000000
-6.12099897,0.00000000
-6.11999897,0.00000000
-6.11899897,-1.88853300
-6.11799897,-1.88853300
-6.11699897,-1.88853300
-6.11599897,-1.88853300
-6.11499897,-1.88853300
-6.11399897,-1.88853300
-6.11299897,-1.88853300
-6.11199897,0.00000000
-6.11099897,0.00000000
-6.10999897,0.00000000
-6.10899897,0.00000000
-6.10799897,-1.88853300
-6.10699897,-1.88853300
-6.10599897,-3.77706700
-6.10499897,-1.88853300
-6.10399897,-1.88853300
-6.10299897,-1.88853300
-6.10199897,-1.88853300
-6.10099897,0.00000000
-6.09999897,0.00000000
-6.09899897,0.00000000
-6.09799897,0.00000000
-6.09699897,0.00000000
-6.09599897,-1.88853300
-6.09499897,-1.88853300
-6.09399897,-1.88853300
-6.09299897,-1.88853300
-6.09199897,-1.88853300
-6.09099897,-1.88853300
-6.08999897,0.00000000
-6.08899897,0.00000000
-6.08799897,0.00000000
-6.08699897,-1.88853300
-6.08599897,0.00000000
-6.08499897,0.00000000
-6.08399897,0.00000000
-6.08299897,1.88853300
-6.08199897,0.00000000
-6.08099897,1.88853300
-6.07999897,0.00000000
-6.07899897,0.00000000
-6.07799897,0.00000000
-6.07699897,0.00000000
-6.07599897,0.00000000
-6.07499897,0.00000000
-6.07399897,1.88853300
-6.07299897,1.88853300
-6.07199897,1.88853300
-6.07099897,1.88853300
-6.06999897,1.88853300
-6.06899897,1.88853300
-6.06799897,0.00000000
-6.06699897,0.00000000
-6.06599897,1.88853300
-6.06499897,1.88853300
-6.06399897,1.88853300
-6.06299897,1.88853300
-6.06199897,1.88853300
-6.06099897,1.88853300
-6.05999897,1.88853300
-6.05899897,1.88853300
-6.05799897,1.88853300
-6.05699897,1.88853300
-6.05599897,0.00000000
-6.05499897,0.00000000
-6.05399897,1.88853300
-6.05299897,0.00000000
-6.05199897,0.00000000
-6.05099897,0.00000000
-6.04999897,0.00000000
-6.04899897,0.00000000
-6.04799897,0.00000000
-6.04699897,0.00000000
-6.04599897,0.00000000
-6.04499897,0.00000000
-6.04399897,0.00000000
-6.04299897,0.00000000
-6.04199897,0.00000000
-6.04099897,0.00000000
-6.03999897,0.00000000
-6.03899897,-1.88853300
-6.03799897,0.00000000
-6.03699897,0.00000000
-6.03599897,0.00000000
-6.03499897,0.00000000
-6.03399897,0.00000000
-6.03299897,0.00000000
-6.03199897,0.00000000
-6.03099897,0.00000000
-6.02999897,1.88853300
-6.02899897,1.88853300
-6.02799897,1.88853300
-6.02699897,1.88853300
-6.02599897,0.00000000
-6.02499897,0.00000000
-6.02399897,0.00000000
-6.02299897,0.00000000
-6.02199897,1.88853300
-6.02099897,1.88853300
-6.01999897,1.88853300
-6.01899897,1.88853300
-6.01799897,1.88853300
-6.01699897,1.88853300
-6.01599897,3.77706700
-6.01499897,1.88853300
-6.01399897,1.88853300
-6.01299897,1.88853300
-6.01199897,1.88853300
-6.01099897,3.77706700
-6.00999897,3.77706700
-6.00899897,3.77706700
-6.00799897,3.77706700
-6.00699898,1.88853300
-6.00599898,3.77706700
-6.00499898,3.77706700
-6.00399898,1.88853300
-6.00299898,1.88853300
-6.00199898,1.88853300
-6.00099898,1.88853300
-5.99999898,1.88853300
-5.99899898,1.88853300
-5.99799898,1.88853300
-5.99699898,1.88853300
-5.99599898,1.88853300
-5.99499898,0.00000000
-5.99399898,0.00000000
-5.99299898,0.00000000
-5.99199898,0.00000000
-5.99099898,0.00000000
-5.98999898,0.00000000
-5.98899898,0.00000000
-5.98799898,0.00000000
-5.98699898,-1.88853300
-5.98599898,-1.88853300
-5.98499898,-1.88853300
-5.98399898,-3.77706700
-5.98299898,-1.88853300
-5.98199898,-1.88853300
-5.98099898,-1.88853300
-5.97999898,-1.88853300
-5.97899898,-1.88853300
-5.97799898,-3.77706700
-5.97699898,-3.77706700
-5.97599898,-3.77706700
-5.97499898,-3.77706700
-5.97399898,-3.77706700
-5.97299898,-3.77706700
-5.97199898,-3.77706700
-5.97099898,-1.88853300
-5.96999898,-1.88853300
-5.96899898,0.00000000
-5.96799898,0.00000000
-5.96699898,-1.88853300
-5.96599898,-1.88853300
-5.96499898,-1.88853300
-5.96399898,-1.88853300
-5.96299898,-1.88853300
-5.96199898,0.00000000
-5.96099898,0.00000000
-5.95999898,1.88853300
-5.95899898,1.88853300
-5.95799898,1.88853300
-5.95699898,1.88853300
-5.95599898,1.88853300
-5.95499898,1.88853300
-5.95399898,1.88853300
-5.95299898,1.88853300
-5.95199898,1.88853300
-5.95099898,1.88853300
-5.94999898,1.88853300
-5.94899898,1.88853300
-5.94799898,1.88853300
-5.94699898,3.77706700
-5.94599898,3.77706700
-5.94499898,5.67175200
-5.94399898,5.67175200
-5.94299898,5.67175200
-5.94199898,5.67175200
-5.94099898,3.77706700
-5.93999898,3.77706700
-5.93899898,3.77706700
-5.93799898,3.77706700
-5.93699898,5.67175200
-5.93599898,5.67175200
-5.93499898,5.67175200
-5.93399898,7.56028500
-5.93299898,5.67175200
-5.93199898,5.67175200
-5.93099898,3.77706700
-5.92999898,3.77706700
-5.92899898,3.77706700
-5.92799898,3.77706700
-5.92699898,3.77706700
-5.92599898,5.67175200
-5.92499898,5.67175200
-5.92399898,5.67175200
-5.92299898,5.67175200
-5.92199898,5.67175200
-5.92099898,3.77706700
-5.91999898,3.77706700
-5.91899898,3.77706700
-5.91799898,3.77706700
-5.91699898,3.77706700
-5.91599898,3.77706700
-5.91499898,5.67175200
-5.91399898,5.67175200
-5.91299898,5.67175200
-5.91199898,5.67175200
-5.91099898,5.67175200
-5.90999898,3.77706700
-5.90899898,3.77706700
-5.90799898,3.77706700
-5.90699898,3.77706700
-5.90599898,3.77706700
-5.90499898,3.77706700
-5.90399898,3.77706700
-5.90299898,3.77706700
-5.90199898,3.77706700
-5.90099898,3.77706700
-5.89999898,3.77706700
-5.89899898,3.77706700
-5.89799898,5.67175200
-5.89699898,5.67175200
-5.89599898,3.77706700
-5.89499898,3.77706700
-5.89399898,3.77706700
-5.89299898,3.77706700
-5.89199898,3.77706700
-5.89099898,3.77706700
-5.88999898,5.67175200
-5.88899898,7.56028500
-5.88799898,7.56028500
-5.88699898,5.67175200
-5.88599898,5.67175200
-5.88499898,3.77706700
-5.88399898,3.77706700
-5.88299898,3.77706700
-5.88199898,3.77706700
-5.88099898,5.67175200
-5.87999898,5.67175200
-5.87899898,5.67175200
-5.87799898,7.56028500
-5.87699898,7.56028500
-5.87599898,5.67175200
-5.87499898,5.67175200
-5.87399898,5.67175200
-5.87299898,3.77706700
-5.87199898,3.77706700
-5.87099898,5.67175200
-5.86999898,7.56028500
-5.86899898,7.56028500
-5.86799898,9.45496900
-5.86699898,9.45496900
-5.86599898,7.56028500
-5.86499898,7.56028500
-5.86399898,7.56028500
-5.86299898,7.56028500
-5.86199898,7.56028500
-5.86099898,9.45496900
-5.85999898,9.45496900
-5.85899898,9.45496900
-5.85799898,11.34350000
-5.85699898,11.34350000
-5.85599898,11.34350000
-5.85499898,9.45496900
-5.85399898,11.34350000
-5.85299898,9.45496900
-5.85199898,9.45496900
-5.85099898,9.45496900
-5.84999898,9.45496900
-5.84899898,9.45496900
-5.84799898,9.45496900
-5.84699898,9.45496900
-5.84599898,9.45496900
-5.84499898,11.34350000
-5.84399898,11.34350000
-5.84299898,11.34350000
-5.84199898,11.34350000
-5.84099898,13.23204000
-5.83999898,11.34350000
-5.83899898,11.34350000
-5.83799898,11.34350000
-5.83699898,9.45496900
-5.83599898,9.45496900
-5.83499898,9.45496900
-5.83399898,9.45496900
-5.83299898,11.34350000
-5.83199898,11.34350000
-5.83099898,11.34350000
-5.82999898,11.34350000
-5.82899898,9.45496900
-5.82799898,7.56028500
-5.82699898,7.56028500
-5.82599898,5.67175200
-5.82499898,7.56028500
-5.82399898,7.56028500
-5.82299898,9.45496900
-5.82199898,9.45496900
-5.82099898,9.45496900
-5.81999898,9.45496900
-5.81899898,7.56028500
-5.81799898,7.56028500
-5.81699898,5.67175200
-5.81599898,5.67175200
-5.81499898,5.67175200
-5.81399898,5.67175200
-5.81299898,7.56028500
-5.81199898,7.56028500
-5.81099898,7.56028500
-5.80999898,7.56028500
-5.80899898,7.56028500
-5.80799898,5.67175200
-5.80699898,5.67175200
-5.80599898,7.56028500
-5.80499898,7.56028500
-5.80399898,7.56028500
-5.80299898,7.56028500
-5.80199898,7.56028500
-5.80099898,7.56028500
-5.79999898,5.67175200
-5.79899898,5.67175200
-5.79799898,5.67175200
-5.79699898,5.67175200
-5.79599898,7.56028500
-5.79499898,7.56028500
-5.79399898,7.56028500
-5.79299898,7.56028500
-5.79199898,5.67175200
-5.79099898,5.67175200
-5.78999898,7.56028500
-5.78899898,7.56028500
-5.78799898,7.56028500
-5.78699898,7.56028500
-5.78599898,7.56028500
-5.78499898,9.45496900
-5.78399898,9.45496900
-5.78299898,7.56028500
-5.78199898,9.45496900
-5.78099898,9.45496900
-5.77999898,9.45496900
-5.77899898,9.45496900
-5.77799898,9.45496900
-5.77699898,9.45496900
-5.77599898,9.45496900
-5.77499898,9.45496900
-5.77399898,9.45496900
-5.77299898,9.45496900
-5.77199898,7.56028500
-5.77099898,7.56028500
-5.76999898,7.56028500
-5.76899898,7.56028500
-5.76799898,7.56028500
-5.76699898,9.45496900
-5.76599898,9.45496900
-5.76499898,9.45496900
-5.76399898,9.45496900
-5.76299898,9.45496900
-5.76199898,9.45496900
-5.76099898,9.45496900
-5.75999898,9.45496900
-5.75899898,9.45496900
-5.75799898,9.45496900
-5.75699898,7.56028500
-5.75599898,7.56028500
-5.75499898,7.56028500
-5.75399898,7.56028500
-5.75299898,9.45496900
-5.75199898,9.45496900
-5.75099898,9.45496900
-5.74999898,9.45496900
-5.74899898,9.45496900
-5.74799898,9.45496900
-5.74699898,7.56028500
-5.74599898,7.56028500
-5.74499898,7.56028500
-5.74399898,7.56028500
-5.74299898,7.56028500
-5.74199898,7.56028500
-5.74099898,7.56028500
-5.73999898,9.45496900
-5.73899898,9.45496900
-5.73799898,9.45496900
-5.73699898,9.45496900
-5.73599898,9.45496900
-5.73499898,7.56028500
-5.73399898,7.56028500
-5.73299898,7.56028500
-5.73199898,7.56028500
-5.73099898,7.56028500
-5.72999898,7.56028500
-5.72899898,9.45496900
-5.72799898,9.45496900
-5.72699898,9.45496900
-5.72599898,9.45496900
-5.72499898,9.45496900
-5.72399898,9.45496900
-5.72299898,7.56028500
-5.72199898,7.56028500
-5.72099898,7.56028500
-5.71999898,7.56028500
-5.71899898,7.56028500
-5.71799898,7.56028500
-5.71699898,7.56028500
-5.71599898,7.56028500
-5.71499898,7.56028500
-5.71399898,7.56028500
-5.71299898,9.45496900
-5.71199898,9.45496900
-5.71099898,9.45496900
-5.70999898,9.45496900
-5.70899898,9.45496900
-5.70799898,9.45496900
-5.70699898,9.45496900
-5.70599898,9.45496900
-5.70499898,9.45496900
-5.70399898,9.45496900
-5.70299898,9.45496900
-5.70199898,9.45496900
-5.70099898,9.45496900
-5.69999898,9.45496900
-5.69899898,9.45496900
-5.69799898,9.45496900
-5.69699898,11.34350000
-5.69599898,11.34350000
-5.69499898,11.34350000
-5.69399898,11.34350000
-5.69299898,9.45496900
-5.69199898,9.45496900
-5.69099898,9.45496900
-5.68999898,9.45496900
-5.68899898,9.45496900
-5.68799898,9.45496900
-5.68699898,9.45496900
-5.68599898,11.34350000
-5.68499898,11.34350000
-5.68399898,11.34350000
-5.68299898,11.34350000
-5.68199898,9.45496900
-5.68099898,9.45496900
-5.67999898,7.56028500
-5.67899898,7.56028500
-5.67799898,7.56028500
-5.67699898,7.56028500
-5.67599898,9.45496900
-5.67499898,11.34350000
-5.67399898,11.34350000
-5.67299898,11.34350000
-5.67199898,11.34350000
-5.67099898,9.45496900
-5.66999898,9.45496900
-5.66899898,9.45496900
-5.66799898,9.45496900
-5.66699898,9.45496900
-5.66599898,9.45496900
-5.66499898,9.45496900
-5.66399898,9.45496900
-5.66299898,11.34350000
-5.66199898,11.34350000
-5.66099898,9.45496900
-5.65999898,9.45496900
-5.65899898,9.45496900
-5.65799898,9.45496900
-5.65699898,9.45496900
-5.65599898,9.45496900
-5.65499898,9.45496900
-5.65399899,9.45496900
-5.65299899,9.45496900
-5.65199899,9.45496900
-5.65099899,9.45496900
-5.64999899,9.45496900
-5.64899899,9.45496900
-5.64799899,9.45496900
-5.64699899,9.45496900
-5.64599899,11.34350000
-5.64499899,9.45496900
-5.64399899,9.45496900
-5.64299899,9.45496900
-5.64199899,9.45496900
-5.64099899,9.45496900
-5.63999899,9.45496900
-5.63899899,9.45496900
-5.63799899,9.45496900
-5.63699899,9.45496900
-5.63599899,9.45496900
-5.63499899,9.45496900
-5.63399899,9.45496900
-5.63299899,9.45496900
-5.63199899,9.45496900
-5.63099899,9.45496900
-5.62999899,9.45496900
-5.62899899,11.34350000
-5.62799899,11.34350000
-5.62699899,9.45496900
-5.62599899,9.45496900
-5.62499899,9.45496900
-5.62399899,9.45496900
-5.62299899,9.45496900
-5.62199899,9.45496900
-5.62099899,9.45496900
-5.61999899,11.34350000
-5.61899899,11.34350000
-5.61799899,13.23204000
-5.61699899,13.23204000
-5.61599899,11.34350000
-5.61499899,11.34350000
-5.61399899,11.34350000
-5.61299899,11.34350000
-5.61199899,13.23204000
-5.61099899,13.23204000
-5.60999899,13.23204000
-5.60899899,15.12672000
-5.60799899,15.12672000
-5.60699899,15.12672000
-5.60599899,13.23204000
-5.60499899,13.23204000
-5.60399899,13.23204000
-5.60299899,15.12672000
-5.60199899,15.12672000
-5.60099899,15.12672000
-5.59999899,15.12672000
-5.59899899,15.12672000
-5.59799899,15.12672000
-5.59699899,15.12672000
-5.59599899,15.12672000
-5.59499899,13.23204000
-5.59399899,13.23204000
-5.59299899,13.23204000
-5.59199899,13.23204000
-5.59099899,13.23204000
-5.58999899,13.23204000
-5.58899899,13.23204000
-5.58799899,11.34350000
-5.58699899,11.34350000
-5.58599899,11.34350000
-5.58499899,11.34350000
-5.58399899,11.34350000
-5.58299899,11.34350000
-5.58199899,11.34350000
-5.58099899,11.34350000
-5.57999899,11.34350000
-5.57899899,11.34350000
-5.57799899,9.45496900
-5.57699899,9.45496900
-5.57599899,7.56028500
-5.57499899,7.56028500
-5.57399899,9.45496900
-5.57299899,9.45496900
-5.57199899,9.45496900
-5.57099899,9.45496900
-5.56999899,9.45496900
-5.56899899,9.45496900
-5.56799899,9.45496900
-5.56699899,7.56028500
-5.56599899,7.56028500
-5.56499899,9.45496900
-5.56399899,9.45496900
-5.56299899,9.45496900
-5.56199899,11.34350000
-5.56099899,11.34350000
-5.55999899,9.45496900
-5.55899899,9.45496900
-5.55799899,9.45496900
-5.55699899,9.45496900
-5.55599899,9.45496900
-5.55499899,9.45496900
-5.55399899,11.34350000
-5.55299899,11.34350000
-5.55199899,11.34350000
-5.55099899,13.23204000
-5.54999899,13.23204000
-5.54899899,11.34350000
-5.54799899,9.45496900
-5.54699899,9.45496900
-5.54599899,9.45496900
-5.54499899,9.45496900
-5.54399899,11.34350000
-5.54299899,11.34350000
-5.54199899,13.23204000
-5.54099899,13.23204000
-5.53999899,13.23204000
-5.53899899,11.34350000
-5.53799899,9.45496900
-5.53699899,9.45496900
-5.53599899,9.45496900
-5.53499899,9.45496900
-5.53399899,11.34350000
-5.53299899,11.34350000
-5.53199899,9.45496900
-5.53099899,9.45496900
-5.52999899,9.45496900
-5.52899899,11.34350000
-5.52799899,9.45496900
-5.52699899,9.45496900
-5.52599899,7.56028500
-5.52499899,7.56028500
-5.52399899,9.45496900
-5.52299899,7.56028500
-5.52199899,7.56028500
-5.52099899,7.56028500
-5.51999899,7.56028500
-5.51899899,9.45496900
-5.51799899,9.45496900
-5.51699899,7.56028500
-5.51599899,7.56028500
-5.51499899,7.56028500
-5.51399899,5.67175200
-5.51299899,5.67175200
-5.51199899,3.77706700
-5.51099899,3.77706700
-5.50999899,3.77706700
-5.50899899,5.67175200
-5.50799899,5.67175200
-5.50699899,5.67175200
-5.50599899,5.67175200
-5.50499899,5.67175200
-5.50399899,3.77706700
-5.50299899,3.77706700
-5.50199899,1.88853300
-5.50099899,1.88853300
-5.49999899,1.88853300
-5.49899899,3.77706700
-5.49799899,5.67175200
-5.49699899,7.56028500
-5.49599899,7.56028500
-5.49499899,5.67175200
-5.49399899,5.67175200
-5.49299899,3.77706700
-5.49199899,3.77706700
-5.49099899,3.77706700
-5.48999899,5.67175200
-5.48899899,5.67175200
-5.48799899,7.56028500
-5.48699899,7.56028500
-5.48599899,9.45496900
-5.48499899,9.45496900
-5.48399899,9.45496900
-5.48299899,7.56028500
-5.48199899,7.56028500
-5.48099899,7.56028500
-5.47999899,5.67175200
-5.47899899,7.56028500
-5.47799899,7.56028500
-5.47699899,9.45496900
-5.47599899,9.45496900
-5.47499899,9.45496900
-5.47399899,9.45496900
-5.47299899,9.45496900
-5.47199899,9.45496900
-5.47099899,9.45496900
-5.46999899,9.45496900
-5.46899899,9.45496900
-5.46799899,11.34350000
-5.46699899,9.45496900
-5.46599899,9.45496900
-5.46499899,7.56028500
-5.46399899,7.56028500
-5.46299899,9.45496900
-5.46199899,9.45496900
-5.46099899,11.34350000
-5.45999899,9.45496900
-5.45899899,9.45496900
-5.45799899,9.45496900
-5.45699899,7.56028500
-5.45599899,7.56028500
-5.45499899,5.67175200
-5.45399899,5.67175200
-5.45299899,7.56028500
-5.45199899,7.56028500
-5.45099899,9.45496900
-5.44999899,9.45496900
-5.44899899,9.45496900
-5.44799899,7.56028500
-5.44699899,7.56028500
-5.44599899,5.67175200
-5.44499899,5.67175200
-5.44399899,5.67175200
-5.44299899,5.67175200
-5.44199899,5.67175200
-5.44099899,7.56028500
-5.43999899,7.56028500
-5.43899899,7.56028500
-5.43799899,7.56028500
-5.43699899,5.67175200
-5.43599899,5.67175200
-5.43499899,3.77706700
-5.43399899,3.77706700
-5.43299899,3.77706700
-5.43199899,5.67175200
-5.43099899,5.67175200
-5.42999899,7.56028500
-5.42899899,7.56028500
-5.42799899,7.56028500
-5.42699899,7.56028500
-5.42599899,5.67175200
-5.42499899,5.67175200
-5.42399899,5.67175200
-5.42299899,5.67175200
-5.42199899,7.56028500
-5.42099899,7.56028500
-5.41999899,7.56028500
-5.41899899,7.56028500
-5.41799899,9.45496900
-5.41699899,7.56028500
-5.41599899,7.56028500
-5.41499899,7.56028500
-5.41399899,7.56028500
-5.41299899,7.56028500
-5.41199899,7.56028500
-5.41099899,7.56028500
-5.40999899,7.56028500
-5.40899899,9.45496900
-5.40799899,9.45496900
-5.40699899,9.45496900
-5.40599899,9.45496900
-5.40499899,9.45496900
-5.40399899,7.56028500
-5.40299899,7.56028500
-5.40199899,7.56028500
-5.40099899,7.56028500
-5.39999899,7.56028500
-5.39899899,7.56028500
-5.39799899,9.45496900
-5.39699899,9.45496900
-5.39599899,9.45496900
-5.39499899,9.45496900
-5.39399899,7.56028500
-5.39299899,7.56028500
-5.39199899,7.56028500
-5.39099899,7.56028500
-5.38999899,7.56028500
-5.38899899,7.56028500
-5.38799899,7.56028500
-5.38699899,7.56028500
-5.38599899,7.56028500
-5.38499899,7.56028500
-5.38399899,7.56028500
-5.38299899,7.56028500
-5.38199899,5.67175200
-5.38099899,5.67175200
-5.37999899,5.67175200
-5.37899899,5.67175200
-5.37799899,5.67175200
-5.37699899,5.67175200
-5.37599899,7.56028500
-5.37499899,7.56028500
-5.37399899,7.56028500
-5.37299899,5.67175200
-5.37199899,5.67175200
-5.37099899,3.77706700
-5.36999899,3.77706700
-5.36899899,3.77706700
-5.36799899,5.67175200
-5.36699899,5.67175200
-5.36599899,5.67175200
-5.36499899,5.67175200
-5.36399899,5.67175200
-5.36299899,5.67175200
-5.36199899,5.67175200
-5.36099899,5.67175200
-5.35999899,5.67175200
-5.35899899,5.67175200
-5.35799899,5.67175200
-5.35699899,7.56028500
-5.35599899,7.56028500
-5.35499899,7.56028500
-5.35399899,7.56028500
-5.35299899,7.56028500
-5.35199899,7.56028500
-5.35099899,7.56028500
-5.34999899,7.56028500
-5.34899899,7.56028500
-5.34799899,7.56028500
-5.34699899,7.56028500
-5.34599899,7.56028500
-5.34499899,7.56028500
-5.34399899,7.56028500
-5.34299899,7.56028500
-5.34199899,7.56028500
-5.34099899,7.56028500
-5.33999899,7.56028500
-5.33899899,7.56028500
-5.33799899,7.56028500
-5.33699899,7.56028500
-5.33599899,7.56028500
-5.33499899,9.45496900
-5.33399899,9.45496900
-5.33299899,9.45496900
-5.33199899,7.56028500
-5.33099899,7.56028500
-5.32999899,7.56028500
-5.32899899,9.45496900
-5.32799899,7.56028500
-5.32699899,7.56028500
-5.32599899,5.67175200
-5.32499899,5.67175200
-5.32399899,7.56028500
-5.32299899,7.56028500
-5.32199899,7.56028500
-5.32099899,7.56028500
-5.31999899,7.56028500
-5.31899899,7.56028500
-5.31799899,7.56028500
-5.31699899,5.67175200
-5.31599899,5.67175200
-5.31499899,5.67175200
-5.31399899,5.67175200
-5.31299899,7.56028500
-5.31199899,5.67175200
-5.31099899,5.67175200
-5.30999899,5.67175200
-5.30899899,5.67175200
-5.30799899,5.67175200
-5.30699899,5.67175200
-5.30599899,5.67175200
-5.30499899,5.67175200
-5.30399899,5.67175200
-5.30299899,5.67175200
-5.30199899,5.67175200
-5.30099899,5.67175200
-5.29999900,5.67175200
-5.29899900,5.67175200
-5.29799900,5.67175200
-5.29699900,5.67175200
-5.29599900,5.67175200
-5.29499900,5.67175200
-5.29399900,5.67175200
-5.29299900,5.67175200
-5.29199900,5.67175200
-5.29099900,5.67175200
-5.28999900,5.67175200
-5.28899900,5.67175200
-5.28799900,7.56028500
-5.28699900,9.45496900
-5.28599900,9.45496900
-5.28499900,9.45496900
-5.28399900,9.45496900
-5.28299900,9.45496900
-5.28199900,7.56028500
-5.28099900,5.67175200
-5.27999900,3.77706700
-5.27899900,3.77706700
-5.27799900,5.67175200
-5.27699900,5.67175200
-5.27599900,7.56028500
-5.27499900,9.45496900
-5.27399900,9.45496900
-5.27299900,11.34350000
-5.27199900,9.45496900
-5.27099900,7.56028500
-5.26999900,5.67175200
-5.26899900,5.67175200
-5.26799900,3.77706700
-5.26699900,5.67175200
-5.26599900,7.56028500
-5.26499900,7.56028500
-5.26399900,7.56028500
-5.26299900,7.56028500
-5.26199900,7.56028500
-5.26099900,7.56028500
-5.25999900,7.56028500
-5.25899900,7.56028500
-5.25799900,7.56028500
-5.25699900,7.56028500
-5.25599900,7.56028500
-5.25499900,5.67175200
-5.25399900,3.77706700
-5.25299900,3.77706700
-5.25199900,3.77706700
-5.25099900,3.77706700
-5.24999900,5.67175200
-5.24899900,5.67175200
-5.24799900,7.56028500
-5.24699900,7.56028500
-5.24599900,7.56028500
-5.24499900,7.56028500
-5.24399900,5.67175200
-5.24299900,3.77706700
-5.24199900,1.88853300
-5.24099900,1.88853300
-5.23999900,3.77706700
-5.23899900,3.77706700
-5.23799900,5.67175200
-5.23699900,7.56028500
-5.23599900,7.56028500
-5.23499900,7.56028500
-5.23399900,5.67175200
-5.23299900,5.67175200
-5.23199900,5.67175200
-5.23099900,3.77706700
-5.22999900,5.67175200
-5.22899900,5.67175200
-5.22799900,5.67175200
-5.22699900,3.77706700
-5.22599900,5.67175200
-5.22499900,5.67175200
-5.22399900,5.67175200
-5.22299900,5.67175200
-5.22199900,5.67175200
-5.22099900,5.67175200
-5.21999900,7.56028500
-5.21899900,7.56028500
-5.21799900,7.56028500
-5.21699900,7.56028500
-5.21599900,5.67175200
-5.21499900,3.77706700
-5.21399900,3.77706700
-5.21299900,5.67175200
-5.21199900,5.67175200
-5.21099900,7.56028500
-5.20999900,7.56028500
-5.20899900,7.56028500
-5.20799900,7.56028500
-5.20699900,7.56028500
-5.20599900,5.67175200
-5.20499900,5.67175200
-5.20399900,3.77706700
-5.20299900,5.67175200
-5.20199900,5.67175200
-5.20099900,7.56028500
-5.19999900,7.56028500
-5.19899900,7.56028500
-5.19799900,5.67175200
-5.19699900,5.67175200
-5.19599900,5.67175200
-5.19499900,5.67175200
-5.19399900,5.67175200
-5.19299900,5.67175200
-5.19199900,7.56028500
-5.19099900,7.56028500
-5.18999900,7.56028500
-5.18899900,5.67175200
-5.18799900,5.67175200
-5.18699900,3.77706700
-5.18599900,3.77706700
-5.18499900,3.77706700
-5.18399900,3.77706700
-5.18299900,5.67175200
-5.18199900,5.67175200
-5.18099900,7.56028500
-5.17999900,7.56028500
-5.17899900,7.56028500
-5.17799900,5.67175200
-5.17699900,3.77706700
-5.17599900,1.88853300
-5.17499900,1.88853300
-5.17399900,1.88853300
-5.17299900,3.77706700
-5.17199900,3.77706700
-5.17099900,3.77706700
-5.16999900,5.67175200
-5.16899900,5.67175200
-5.16799900,5.67175200
-5.16699900,5.67175200
-5.16599900,3.77706700
-5.16499900,3.77706700
-5.16399900,3.77706700
-5.16299900,3.77706700
-5.16199900,3.77706700
-5.16099900,3.77706700
-5.15999900,3.77706700
-5.15899900,3.77706700
-5.15799900,3.77706700
-5.15699900,3.77706700
-5.15599900,5.67175200
-5.15499900,5.67175200
-5.15399900,5.67175200
-5.15299900,5.67175200
-5.15199900,5.67175200
-5.15099900,5.67175200
-5.14999900,3.77706700
-5.14899900,3.77706700
-5.14799900,1.88853300
-5.14699900,1.88853300
-5.14599900,3.77706700
-5.14499900,5.67175200
-5.14399900,5.67175200
-5.14299900,5.67175200
-5.14199900,5.67175200
-5.14099900,5.67175200
-5.13999900,3.77706700
-5.13899900,3.77706700
-5.13799900,3.77706700
-5.13699900,3.77706700
-5.13599900,3.77706700
-5.13499900,5.67175200
-5.13399900,5.67175200
-5.13299900,5.67175200
-5.13199900,3.77706700
-5.13099900,3.77706700
-5.12999900,1.88853300
-5.12899900,1.88853300
-5.12799900,3.77706700
-5.12699900,3.77706700
-5.12599900,5.67175200
-5.12499900,7.56028500
-5.12399900,7.56028500
-5.12299900,5.67175200
-5.12199900,3.77706700
-5.12099900,3.77706700
-5.11999900,1.88853300
-5.11899900,1.88853300
-5.11799900,3.77706700
-5.11699900,3.77706700
-5.11599900,5.67175200
-5.11499900,5.67175200
-5.11399900,7.56028500
-5.11299900,7.56028500
-5.11199900,5.67175200
-5.11099900,3.77706700
-5.10999900,3.77706700
-5.10899900,3.77706700
-5.10799900,3.77706700
-5.10699900,3.77706700
-5.10599900,3.77706700
-5.10499900,5.67175200
-5.10399900,5.67175200
-5.10299900,5.67175200
-5.10199900,5.67175200
-5.10099900,5.67175200
-5.09999900,3.77706700
-5.09899900,3.77706700
-5.09799900,3.77706700
-5.09699900,5.67175200
-5.09599900,3.77706700
-5.09499900,3.77706700
-5.09399900,3.77706700
-5.09299900,3.77706700
-5.09199900,3.77706700
-5.09099900,3.77706700
-5.08999900,3.77706700
-5.08899900,3.77706700
-5.08799900,3.77706700
-5.08699900,5.67175200
-5.08599900,3.77706700
-5.08499900,3.77706700
-5.08399900,1.88853300
-5.08299900,1.88853300
-5.08199900,1.88853300
-5.08099900,3.77706700
-5.07999900,3.77706700
-5.07899900,3.77706700
-5.07799900,3.77706700
-5.07699900,3.77706700
-5.07599900,3.77706700
-5.07499900,3.77706700
-5.07399900,1.88853300
-5.07299900,3.77706700
-5.07199900,3.77706700
-5.07099900,3.77706700
-5.06999900,3.77706700
-5.06899900,3.77706700
-5.06799900,3.77706700
-5.06699900,3.77706700
-5.06599900,3.77706700
-5.06499900,3.77706700
-5.06399900,1.88853300
-5.06299900,1.88853300
-5.06199900,3.77706700
-5.06099900,3.77706700
-5.05999900,3.77706700
-5.05899900,3.77706700
-5.05799900,3.77706700
-5.05699900,3.77706700
-5.05599900,3.77706700
-5.05499900,3.77706700
-5.05399900,1.88853300
-5.05299900,3.77706700
-5.05199900,3.77706700
-5.05099900,5.67175200
-5.04999900,5.67175200
-5.04899900,5.67175200
-5.04799900,5.67175200
-5.04699900,5.67175200
-5.04599900,5.67175200
-5.04499900,3.77706700
-5.04399900,3.77706700
-5.04299900,3.77706700
-5.04199900,3.77706700
-5.04099900,5.67175200
-5.03999900,5.67175200
-5.03899900,3.77706700
-5.03799900,3.77706700
-5.03699900,3.77706700
-5.03599900,3.77706700
-5.03499900,3.77706700
-5.03399900,3.77706700
-5.03299900,3.77706700
-5.03199900,3.77706700
-5.03099900,5.67175200
-5.02999900,5.67175200
-5.02899900,5.67175200
-5.02799900,3.77706700
-5.02699900,3.77706700
-5.02599900,3.77706700
-5.02499900,3.77706700
-5.02399900,3.77706700
-5.02299900,1.88853300
-5.02199900,1.88853300
-5.02099900,3.77706700
-5.01999900,3.77706700
-5.01899900,3.77706700
-5.01799900,3.77706700
-5.01699900,1.88853300
-5.01599900,1.88853300
-5.01499900,1.88853300
-5.01399900,1.88853300
-5.01299900,3.77706700
-5.01199900,1.88853300
-5.01099900,1.88853300
-5.00999900,1.88853300
-5.00899900,3.77706700
-5.00799900,3.77706700
-5.00699900,1.88853300
-5.00599900,3.77706700
-5.00499900,3.77706700
-5.00399900,3.77706700
-5.00299900,3.77706700
-5.00199900,3.77706700
-5.00099900,3.77706700
-4.99999900,1.88853300
-4.99899900,3.77706700
-4.99799900,3.77706700
-4.99699900,3.77706700
-4.99599900,3.77706700
-4.99499900,3.77706700
-4.99399900,3.77706700
-4.99299900,3.77706700
-4.99199900,3.77706700
-4.99099900,3.77706700
-4.98999900,3.77706700
-4.98899900,3.77706700
-4.98799900,3.77706700
-4.98699900,3.77706700
-4.98599900,3.77706700
-4.98499900,5.67175200
-4.98399900,5.67175200
-4.98299900,3.77706700
-4.98199900,3.77706700
-4.98099900,3.77706700
-4.97999900,3.77706700
-4.97899900,3.77706700
-4.97799900,3.77706700
-4.97699900,5.67175200
-4.97599900,3.77706700
-4.97499900,3.77706700
-4.97399900,3.77706700
-4.97299900,3.77706700
-4.97199900,3.77706700
-4.97099900,3.77706700
-4.96999900,3.77706700
-4.96899900,3.77706700
-4.96799900,3.77706700
-4.96699900,3.77706700
-4.96599900,3.77706700
-4.96499900,3.77706700
-4.96399900,3.77706700
-4.96299900,3.77706700
-4.96199900,3.77706700
-4.96099900,3.77706700
-4.95999900,3.77706700
-4.95899900,3.77706700
-4.95799900,5.67175200
-4.95699900,5.67175200
-4.95599900,3.77706700
-4.95499900,3.77706700
-4.95399900,1.88853300
-4.95299900,3.77706700
-4.95199900,3.77706700
-4.95099900,3.77706700
-4.94999900,3.77706700
-4.94899900,3.77706700
-4.94799900,5.67175200
-4.94699900,3.77706700
-4.94599901,3.77706700
-4.94499901,3.77706700
-4.94399901,1.88853300
-4.94299901,1.88853300
-4.94199901,3.77706700
-4.94099901,3.77706700
-4.93999901,3.77706700
-4.93899901,5.67175200
-4.93799901,5.67175200
-4.93699901,5.67175200
-4.93599901,3.77706700
-4.93499901,3.77706700
-4.93399901,3.77706700
-4.93299901,1.88853300
-4.93199901,1.88853300
-4.93099901,3.77706700
-4.92999901,3.77706700
-4.92899901,5.67175200
-4.92799901,5.67175200
-4.92699901,5.67175200
-4.92599901,3.77706700
-4.92499901,3.77706700
-4.92399901,3.77706700
-4.92299901,3.77706700
-4.92199901,3.77706700
-4.92099901,3.77706700
-4.91999901,3.77706700
-4.91899901,3.77706700
-4.91799901,3.77706700
-4.91699901,3.77706700
-4.91599901,3.77706700
-4.91499901,3.77706700
-4.91399901,3.77706700
-4.91299901,3.77706700
-4.91199901,3.77706700
-4.91099901,5.67175200
-4.90999901,5.67175200
-4.90899901,3.77706700
-4.90799901,3.77706700
-4.90699901,3.77706700
-4.90599901,3.77706700
-4.90499901,3.77706700
-4.90399901,3.77706700
-4.90299901,3.77706700
-4.90199901,3.77706700
-4.90099901,5.67175200
-4.89999901,3.77706700
-4.89899901,3.77706700
-4.89799901,3.77706700
-4.89699901,3.77706700
-4.89599901,5.67175200
-4.89499901,5.67175200
-4.89399901,5.67175200
-4.89299901,3.77706700
-4.89199901,3.77706700
-4.89099901,3.77706700
-4.88999901,5.67175200
-4.88899901,5.67175200
-4.88799901,3.77706700
-4.88699901,3.77706700
-4.88599901,5.67175200
-4.88499901,5.67175200
-4.88399901,5.67175200
-4.88299901,5.67175200
-4.88199901,3.77706700
-4.88099901,3.77706700
-4.87999901,3.77706700
-4.87899901,3.77706700
-4.87799901,3.77706700
-4.87699901,3.77706700
-4.87599901,5.67175200
-4.87499901,5.67175200
-4.87399901,5.67175200
-4.87299901,5.67175200
-4.87199901,3.77706700
-4.87099901,3.77706700
-4.86999901,3.77706700
-4.86899901,3.77706700
-4.86799901,3.77706700
-4.86699901,3.77706700
-4.86599901,5.67175200
-4.86499901,5.67175200
-4.86399901,5.67175200
-4.86299901,5.67175200
-4.86199901,5.67175200
-4.86099901,3.77706700
-4.85999901,3.77706700
-4.85899901,1.88853300
-4.85799901,1.88853300
-4.85699901,3.77706700
-4.85599901,5.67175200
-4.85499901,5.67175200
-4.85399901,5.67175200
-4.85299901,5.67175200
-4.85199901,5.67175200
-4.85099901,3.77706700
-4.84999901,3.77706700
-4.84899901,3.77706700
-4.84799901,3.77706700
-4.84699901,3.77706700
-4.84599901,3.77706700
-4.84499901,5.67175200
-4.84399901,5.67175200
-4.84299901,5.67175200
-4.84199901,5.67175200
-4.84099901,3.77706700
-4.83999901,3.77706700
-4.83899901,3.77706700
-4.83799901,5.67175200
-4.83699901,5.67175200
-4.83599901,5.67175200
-4.83499901,5.67175200
-4.83399901,5.67175200
-4.83299901,5.67175200
-4.83199901,5.67175200
-4.83099901,5.67175200
-4.82999901,5.67175200
-4.82899901,5.67175200
-4.82799901,5.67175200
-4.82699901,5.67175200
-4.82599901,5.67175200
-4.82499901,5.67175200
-4.82399901,5.67175200
-4.82299901,5.67175200
-4.82199901,5.67175200
-4.82099901,5.67175200
-4.81999901,5.67175200
-4.81899901,5.67175200
-4.81799901,7.56028500
-4.81699901,7.56028500
-4.81599901,7.56028500
-4.81499901,7.56028500
-4.81399901,5.67175200
-4.81299901,5.67175200
-4.81199901,5.67175200
-4.81099901,5.67175200
-4.80999901,5.67175200
-4.80899901,7.56028500
-4.80799901,7.56028500
-4.80699901,7.56028500
-4.80599901,7.56028500
-4.80499901,7.56028500
-4.80399901,7.56028500
-4.80299901,5.67175200
-4.80199901,5.67175200
-4.80099901,5.67175200
-4.79999901,5.67175200
-4.79899901,5.67175200
-4.79799901,5.67175200
-4.79699901,5.67175200
-4.79599901,5.67175200
-4.79499901,5.67175200
-4.79399901,5.67175200
-4.79299901,5.67175200
-4.79199901,3.77706700
-4.79099901,3.77706700
-4.78999901,5.67175200
-4.78899901,5.67175200
-4.78799901,7.56028500
-4.78699901,7.56028500
-4.78599901,5.67175200
-4.78499901,7.56028500
-4.78399901,7.56028500
-4.78299901,7.56028500
-4.78199901,7.56028500
-4.78099901,7.56028500
-4.77999901,7.56028500
-4.77899901,7.56028500
-4.77799901,5.67175200
-4.77699901,5.67175200
-4.77599901,5.67175200
-4.77499901,5.67175200
-4.77399901,5.67175200
-4.77299901,5.67175200
-4.77199901,5.67175200
-4.77099901,5.67175200
-4.76999901,3.77706700
-4.76899901,1.88853300
-4.76799901,3.77706700
-4.76699901,3.77706700
-4.76599901,3.77706700
-4.76499901,3.77706700
-4.76399901,5.67175200
-4.76299901,7.56028500
-4.76199901,7.56028500
-4.76099901,7.56028500
-4.75999901,7.56028500
-4.75899901,5.67175200
-4.75799901,5.67175200
-4.75699901,5.67175200
-4.75599901,5.67175200
-4.75499901,5.67175200
-4.75399901,7.56028500
-4.75299901,7.56028500
-4.75199901,7.56028500
-4.75099901,7.56028500
-4.74999901,7.56028500
-4.74899901,5.67175200
-4.74799901,5.67175200
-4.74699901,5.67175200
-4.74599901,7.56028500
-4.74499901,7.56028500
-4.74399901,7.56028500
-4.74299901,7.56028500
-4.74199901,9.45496900
-4.74099901,9.45496900
-4.73999901,7.56028500
-4.73899901,7.56028500
-4.73799901,7.56028500
-4.73699901,7.56028500
-4.73599901,5.67175200
-4.73499901,5.67175200
-4.73399901,5.67175200
-4.73299901,7.56028500
-4.73199901,7.56028500
-4.73099901,7.56028500
-4.72999901,5.67175200
-4.72899901,5.67175200
-4.72799901,5.67175200
-4.72699901,5.67175200
-4.72599901,5.67175200
-4.72499901,5.67175200
-4.72399901,5.67175200
-4.72299901,7.56028500
-4.72199901,7.56028500
-4.72099901,9.45496900
-4.71999901,9.45496900
-4.71899901,7.56028500
-4.71799901,7.56028500
-4.71699901,5.67175200
-4.71599901,5.67175200
-4.71499901,5.67175200
-4.71399901,5.67175200
-4.71299901,7.56028500
-4.71199901,7.56028500
-4.71099901,5.67175200
-4.70999901,5.67175200
-4.70899901,5.67175200
-4.70799901,7.56028500
-4.70699901,7.56028500
-4.70599901,7.56028500
-4.70499901,9.45496900
-4.70399901,7.56028500
-4.70299901,9.45496900
-4.70199901,9.45496900
-4.70099901,9.45496900
-4.69999901,11.34350000
-4.69899901,11.34350000
-4.69799901,9.45496900
-4.69699901,9.45496900
-4.69599901,9.45496900
-4.69499901,9.45496900
-4.69399901,7.56028500
-4.69299901,7.56028500
-4.69199901,7.56028500
-4.69099901,7.56028500
-4.68999901,7.56028500
-4.68899901,7.56028500
-4.68799901,7.56028500
-4.68699901,9.45496900
-4.68599901,9.45496900
-4.68499901,7.56028500
-4.68399901,7.56028500
-4.68299901,7.56028500
-4.68199901,9.45496900
-4.68099901,9.45496900
-4.67999901,9.45496900
-4.67899901,9.45496900
-4.67799901,11.34350000
-4.67699901,11.34350000
-4.67599901,11.34350000
-4.67499901,9.45496900
-4.67399901,9.45496900
-4.67299901,9.45496900
-4.67199901,9.45496900
-4.67099901,7.56028500
-4.66999901,7.56028500
-4.66899901,7.56028500
-4.66799901,7.56028500
-4.66699901,7.56028500
-4.66599901,7.56028500
-4.66499901,7.56028500
-4.66399901,9.45496900
-4.66299901,9.45496900
-4.66199901,9.45496900
-4.66099901,9.45496900
-4.65999901,9.45496900
-4.65899901,9.45496900
-4.65799901,9.45496900
-4.65699901,11.34350000
-4.65599901,11.34350000
-4.65499901,11.34350000
-4.65399901,11.34350000
-4.65299901,11.34350000
-4.65199901,11.34350000
-4.65099901,11.34350000
-4.64999901,9.45496900
-4.64899901,9.45496900
-4.64799901,9.45496900
-4.64699901,7.56028500
-4.64599901,7.56028500
-4.64499901,7.56028500
-4.64399901,7.56028500
-4.64299901,7.56028500
-4.64199901,7.56028500
-4.64099901,9.45496900
-4.63999901,9.45496900
-4.63899901,9.45496900
-4.63799901,9.45496900
-4.63699901,9.45496900
-4.63599901,9.45496900
-4.63499901,9.45496900
-4.63399901,9.45496900
-4.63299901,11.34350000
-4.63199901,11.34350000
-4.63099901,11.34350000
-4.62999901,11.34350000
-4.62899901,11.34350000
-4.62799901,9.45496900
-4.62699901,9.45496900
-4.62599901,9.45496900
-4.62499901,9.45496900
-4.62399901,9.45496900
-4.62299901,9.45496900
-4.62199901,9.45496900
-4.62099901,9.45496900
-4.61999901,7.56028500
-4.61899901,7.56028500
-4.61799901,7.56028500
-4.61699901,7.56028500
-4.61599901,7.56028500
-4.61499901,9.45496900
-4.61399901,9.45496900
-4.61299901,11.34350000
-4.61199901,11.34350000
-4.61099901,11.34350000
-4.60999901,11.34350000
-4.60899901,11.34350000
-4.60799901,11.34350000
-4.60699901,11.34350000
-4.60599901,11.34350000
-4.60499901,11.34350000
-4.60399901,11.34350000
-4.60299901,11.34350000
-4.60199901,11.34350000
-4.60099901,11.34350000
-4.59999901,9.45496900
-4.59899901,9.45496900
-4.59799901,11.34350000
-4.59699901,11.34350000
-4.59599901,11.34350000
-4.59499901,11.34350000
-4.59399901,11.34350000
-4.59299902,11.34350000
-4.59199902,11.34350000
-4.59099902,11.34350000
-4.58999902,11.34350000
-4.58899902,11.34350000
-4.58799902,11.34350000
-4.58699902,13.23204000
-4.58599902,13.23204000
-4.58499902,13.23204000
-4.58399902,11.34350000
-4.58299902,11.34350000
-4.58199902,11.34350000
-4.58099902,11.34350000
-4.57999902,11.34350000
-4.57899902,11.34350000
-4.57799902,11.34350000
-4.57699902,11.34350000
-4.57599902,11.34350000
-4.57499902,11.34350000
-4.57399902,9.45496900
-4.57299902,9.45496900
-4.57199902,9.45496900
-4.57099902,9.45496900
-4.56999902,9.45496900
-4.56899902,9.45496900
-4.56799902,11.34350000
-4.56699902,11.34350000
-4.56599902,11.34350000
-4.56499902,11.34350000
-4.56399902,11.34350000
-4.56299902,9.45496900
-4.56199902,9.45496900
-4.56099902,11.34350000
-4.55999902,11.34350000
-4.55899902,11.34350000
-4.55799902,11.34350000
-4.55699902,11.34350000
-4.55599902,11.34350000
-4.55499902,11.34350000
-4.55399902,11.34350000
-4.55299902,9.45496900
-4.55199902,9.45496900
-4.55099902,9.45496900
-4.54999902,11.34350000
-4.54899902,11.34350000
-4.54799902,11.34350000
-4.54699902,11.34350000
-4.54599902,13.23204000
-4.54499902,13.23204000
-4.54399902,11.34350000
-4.54299902,11.34350000
-4.54199902,11.34350000
-4.54099902,13.23204000
-4.53999902,13.23204000
-4.53899902,15.12672000
-4.53799902,15.12672000
-4.53699902,15.12672000
-4.53599902,15.12672000
-4.53499902,15.12672000
-4.53399902,13.23204000
-4.53299902,13.23204000
-4.53199902,13.23204000
-4.53099902,15.12672000
-4.52999902,15.12672000
-4.52899902,15.12672000
-4.52799902,13.23204000
-4.52699902,13.23204000
-4.52599902,13.23204000
-4.52499902,13.23204000
-4.52399902,13.23204000
-4.52299902,13.23204000
-4.52199902,13.23204000
-4.52099902,15.12672000
-4.51999902,15.12672000
-4.51899902,13.23204000
-4.51799902,13.23204000
-4.51699902,13.23204000
-4.51599902,13.23204000
-4.51499902,13.23204000
-4.51399902,13.23204000
-4.51299902,13.23204000
-4.51199902,13.23204000
-4.51099902,13.23204000
-4.50999902,13.23204000
-4.50899902,13.23204000
-4.50799902,13.23204000
-4.50699902,11.34350000
-4.50599902,9.45496900
-4.50499902,9.45496900
-4.50399902,11.34350000
-4.50299902,11.34350000
-4.50199902,11.34350000
-4.50099902,11.34350000
-4.49999902,11.34350000
-4.49899902,11.34350000
-4.49799902,11.34350000
-4.49699902,11.34350000
-4.49599902,9.45496900
-4.49499902,9.45496900
-4.49399902,11.34350000
-4.49299902,11.34350000
-4.49199902,13.23204000
-4.49099902,13.23204000
-4.48999902,13.23204000
-4.48899902,13.23204000
-4.48799902,11.34350000
-4.48699902,11.34350000
-4.48599902,11.34350000
-4.48499902,11.34350000
-4.48399902,11.34350000
-4.48299902,13.23204000
-4.48199902,13.23204000
-4.48099902,13.23204000
-4.47999902,13.23204000
-4.47899902,13.23204000
-4.47799902,13.23204000
-4.47699902,11.34350000
-4.47599902,13.23204000
-4.47499902,13.23204000
-4.47399902,13.23204000
-4.47299902,13.23204000
-4.47199902,13.23204000
-4.47099902,13.23204000
-4.46999902,13.23204000
-4.46899902,13.23204000
-4.46799902,13.23204000
-4.46699902,13.23204000
-4.46599902,13.23204000
-4.46499902,15.12672000
-4.46399902,13.23204000
-4.46299902,13.23204000
-4.46199902,13.23204000
-4.46099902,13.23204000
-4.45999902,13.23204000
-4.45899902,13.23204000
-4.45799902,13.23204000
-4.45699902,13.23204000
-4.45599902,15.12672000
-4.45499902,13.23204000
-4.45399902,13.23204000
-4.45299902,13.23204000
-4.45199902,13.23204000
-4.45099902,11.34350000
-4.44999902,11.34350000
-4.44899902,11.34350000
-4.44799902,13.23204000
-4.44699902,15.12672000
-4.44599902,15.12672000
-4.44499902,17.01525000
-4.44399902,17.01525000
-4.44299902,15.12672000
-4.44199902,13.23204000
-4.44099902,13.23204000
-4.43999902,13.23204000
-4.43899902,13.23204000
-4.43799902,13.23204000
-4.43699902,15.12672000
-4.43599902,15.12672000
-4.43499902,15.12672000
-4.43399902,15.12672000
-4.43299902,13.23204000
-4.43199902,11.34350000
-4.43099902,11.34350000
-4.42999902,11.34350000
-4.42899902,11.34350000
-4.42799902,11.34350000
-4.42699902,11.34350000
-4.42599902,11.34350000
-4.42499902,13.23204000
-4.42399902,13.23204000
-4.42299902,11.34350000
-4.42199902,11.34350000
-4.42099902,11.34350000
-4.41999902,11.34350000
-4.41899902,11.34350000
-4.41799902,11.34350000
-4.41699902,11.34350000
-4.41599902,13.23204000
-4.41499902,13.23204000
-4.41399902,13.23204000
-4.41299902,11.34350000
-4.41199902,11.34350000
-4.41099902,9.45496900
-4.40999902,9.45496900
-4.40899902,9.45496900
-4.40799902,9.45496900
-4.40699902,9.45496900
-4.40599902,11.34350000
-4.40499902,11.34350000
-4.40399902,11.34350000
-4.40299902,11.34350000
-4.40199902,11.34350000
-4.40099902,11.34350000
-4.39999902,11.34350000
-4.39899902,11.34350000
-4.39799902,11.34350000
-4.39699902,11.34350000
-4.39599902,13.23204000
-4.39499902,13.23204000
-4.39399902,13.23204000
-4.39299902,15.12672000
-4.39199902,15.12672000
-4.39099902,15.12672000
-4.38999902,15.12672000
-4.38899902,15.12672000
-4.38799902,15.12672000
-4.38699902,15.12672000
-4.38599902,13.23204000
-4.38499902,13.23204000
-4.38399902,13.23204000
-4.38299902,13.23204000
-4.38199902,15.12672000
-4.38099902,15.12672000
-4.37999902,17.01525000
-4.37899902,17.01525000
-4.37799902,17.01525000
-4.37699902,15.12672000
-4.37599902,15.12672000
-4.37499902,15.12672000
-4.37399902,15.12672000
-4.37299902,15.12672000
-4.37199902,17.01525000
-4.37099902,17.01525000
-4.36999902,17.01525000
-4.36899902,17.01525000
-4.36799902,17.01525000
-4.36699902,17.01525000
-4.36599902,17.01525000
-4.36499902,15.12672000
-4.36399902,13.23204000
-4.36299902,13.23204000
-4.36199902,15.12672000
-4.36099902,15.12672000
-4.35999902,15.12672000
-4.35899902,15.12672000
-4.35799902,15.12672000
-4.35699902,15.12672000
-4.35599902,13.23204000
-4.35499902,13.23204000
-4.35399902,13.23204000
-4.35299902,13.23204000
-4.35199902,13.23204000
-4.35099902,13.23204000
-4.34999902,13.23204000
-4.34899902,13.23204000
-4.34799902,15.12672000
-4.34699902,15.12672000
-4.34599902,15.12672000
-4.34499902,15.12672000
-4.34399902,15.12672000
-4.34299902,13.23204000
-4.34199902,15.12672000
-4.34099902,13.23204000
-4.33999902,13.23204000
-4.33899902,13.23204000
-4.33799902,13.23204000
-4.33699902,13.23204000
-4.33599902,13.23204000
-4.33499902,15.12672000
-4.33399902,13.23204000
-4.33299902,13.23204000
-4.33199902,13.23204000
-4.33099902,13.23204000
-4.32999902,13.23204000
-4.32899902,13.23204000
-4.32799902,13.23204000
-4.32699902,15.12672000
-4.32599902,15.12672000
-4.32499902,17.01525000
-4.32399902,17.01525000
-4.32299902,17.01525000
-4.32199902,17.01525000
-4.32099902,15.12672000
-4.31999902,15.12672000
-4.31899902,15.12672000
-4.31799902,15.12672000
-4.31699902,15.12672000
-4.31599902,15.12672000
-4.31499902,15.12672000
-4.31399902,17.01525000
-4.31299902,17.01525000
-4.31199902,15.12672000
-4.31099902,15.12672000
-4.30999902,15.12672000
-4.30899902,15.12672000
-4.30799902,15.12672000
-4.30699902,15.12672000
-4.30599902,15.12672000
-4.30499902,15.12672000
-4.30399902,17.01525000
-4.30299902,17.01525000
-4.30199902,15.12672000
-4.30099902,15.12672000
-4.29999902,15.12672000
-4.29899902,15.12672000
-4.29799902,15.12672000
-4.29699902,15.12672000
-4.29599902,15.12672000
-4.29499902,15.12672000
-4.29399902,17.01525000
-4.29299902,17.01525000
-4.29199902,17.01525000
-4.29099902,17.01525000
-4.28999902,17.01525000
-4.28899902,18.90994000
-4.28799902,17.01525000
-4.28699902,17.01525000
-4.28599902,17.01525000
-4.28499902,17.01525000
-4.28399902,18.90994000
-4.28299902,18.90994000
-4.28199902,18.90994000
-4.28099902,18.90994000
-4.27999902,18.90994000
-4.27899902,18.90994000
-4.27799902,18.90994000
-4.27699902,18.90994000
-4.27599902,18.90994000
-4.27499902,18.90994000
-4.27399902,20.79847000
-4.27299902,20.79847000
-4.27199902,20.79847000
-4.27099902,20.79847000
-4.26999902,20.79847000
-4.26899902,20.79847000
-4.26799902,18.90994000
-4.26699902,18.90994000
-4.26599902,18.90994000
-4.26499902,18.90994000
-4.26399902,18.90994000
-4.26299902,18.90994000
-4.26199902,18.90994000
-4.26099902,18.90994000
-4.25999902,18.90994000
-4.25899902,18.90994000
-4.25799902,18.90994000
-4.25699902,18.90994000
-4.25599902,18.90994000
-4.25499902,18.90994000
-4.25399902,18.90994000
-4.25299902,20.79847000
-4.25199902,20.79847000
-4.25099902,18.90994000
-4.24999902,18.90994000
-4.24899902,18.90994000
-4.24799902,18.90994000
-4.24699902,18.90994000
-4.24599902,18.90994000
-4.24499902,18.90994000
-4.24399902,18.90994000
-4.24299902,18.90994000
-4.24199902,18.90994000
-4.24099902,18.90994000
-4.23999902,17.01525000
-4.23899903,17.01525000
-4.23799903,17.01525000
-4.23699903,17.01525000
-4.23599903,18.90994000
-4.23499903,18.90994000
-4.23399903,18.90994000
-4.23299903,18.90994000
-4.23199903,18.90994000
-4.23099903,18.90994000
-4.22999903,18.90994000
-4.22899903,17.01525000
-4.22799903,17.01525000
-4.22699903,17.01525000
-4.22599903,17.01525000
-4.22499903,18.90994000
-4.22399903,20.79847000
-4.22299903,20.79847000
-4.22199903,18.90994000
-4.22099903,18.90994000
-4.21999903,18.90994000
-4.21899903,18.90994000
-4.21799903,17.01525000
-4.21699903,18.90994000
-4.21599903,18.90994000
-4.21499903,20.79847000
-4.21399903,20.79847000
-4.21299903,20.79847000
-4.21199903,20.79847000
-4.21099903,20.79847000
-4.20999903,18.90994000
-4.20899903,18.90994000
-4.20799903,17.01525000
-4.20699903,18.90994000
-4.20599903,18.90994000
-4.20499903,20.79847000
-4.20399903,20.79847000
-4.20299903,20.79847000
-4.20199903,20.79847000
-4.20099903,18.90994000
-4.19999903,18.90994000
-4.19899903,18.90994000
-4.19799903,18.90994000
-4.19699903,18.90994000
-4.19599903,20.79847000
-4.19499903,20.79847000
-4.19399903,20.79847000
-4.19299903,20.79847000
-4.19199903,18.90994000
-4.19099903,18.90994000
-4.18999903,18.90994000
-4.18899903,18.90994000
-4.18799903,18.90994000
-4.18699903,18.90994000
-4.18599903,20.79847000
-4.18499903,20.79847000
-4.18399903,20.79847000
-4.18299903,18.90994000
-4.18199903,18.90994000
-4.18099903,18.90994000
-4.17999903,18.90994000
-4.17899903,20.79847000
-4.17799903,20.79847000
-4.17699903,20.79847000
-4.17599903,20.79847000
-4.17499903,20.79847000
-4.17399903,18.90994000
-4.17299903,18.90994000
-4.17199903,18.90994000
-4.17099903,18.90994000
-4.16999903,18.90994000
-4.16899903,18.90994000
-4.16799903,20.79847000
-4.16699903,20.79847000
-4.16599903,20.79847000
-4.16499903,18.90994000
-4.16399903,18.90994000
-4.16299903,18.90994000
-4.16199903,18.90994000
-4.16099903,18.90994000
-4.15999903,18.90994000
-4.15899903,20.79847000
-4.15799903,20.79847000
-4.15699903,20.79847000
-4.15599903,20.79847000
-4.15499903,18.90994000
-4.15399903,18.90994000
-4.15299903,18.90994000
-4.15199903,18.90994000
-4.15099903,18.90994000
-4.14999903,20.79847000
-4.14899903,20.79847000
-4.14799903,20.79847000
-4.14699903,20.79847000
-4.14599903,20.79847000
-4.14499903,20.79847000
-4.14399903,18.90994000
-4.14299903,18.90994000
-4.14199903,18.90994000
-4.14099903,20.79847000
-4.13999903,20.79847000
-4.13899903,20.79847000
-4.13799903,20.79847000
-4.13699903,20.79847000
-4.13599903,20.79847000
-4.13499903,20.79847000
-4.13399903,18.90994000
-4.13299903,18.90994000
-4.13199903,18.90994000
-4.13099903,20.79847000
-4.12999903,20.79847000
-4.12899903,22.68701000
-4.12799903,20.79847000
-4.12699903,20.79847000
-4.12599903,20.79847000
-4.12499903,18.90994000
-4.12399903,18.90994000
-4.12299903,18.90994000
-4.12199903,18.90994000
-4.12099903,20.79847000
-4.11999903,20.79847000
-4.11899903,22.68701000
-4.11799903,22.68701000
-4.11699903,20.79847000
-4.11599903,20.79847000
-4.11499903,18.90994000
-4.11399903,18.90994000
-4.11299903,18.90994000
-4.11199903,20.79847000
-4.11099903,20.79847000
-4.10999903,20.79847000
-4.10899903,20.79847000
-4.10799903,20.79847000
-4.10699903,20.79847000
-4.10599903,20.79847000
-4.10499903,20.79847000
-4.10399903,20.79847000
-4.10299903,18.90994000
-4.10199903,20.79847000
-4.10099903,20.79847000
-4.09999903,22.68701000
-4.09899903,22.68701000
-4.09799903,20.79847000
-4.09699903,20.79847000
-4.09599903,20.79847000
-4.09499903,20.79847000
-4.09399903,20.79847000
-4.09299903,20.79847000
-4.09199903,20.79847000
-4.09099903,22.68701000
-4.08999903,22.68701000
-4.08899903,22.68701000
-4.08799903,22.68701000
-4.08699903,20.79847000
-4.08599903,20.79847000
-4.08499903,22.68701000
-4.08399903,22.68701000
-4.08299903,22.68701000
-4.08199903,20.79847000
-4.08099903,22.68701000
-4.07999903,22.68701000
-4.07899903,22.68701000
-4.07799903,22.68701000
-4.07699903,22.68701000
-4.07599903,22.68701000
-4.07499903,22.68701000
-4.07399903,22.68701000
-4.07299903,22.68701000
-4.07199903,22.68701000
-4.07099903,20.79847000
-4.06999903,20.79847000
-4.06899903,20.79847000
-4.06799903,20.79847000
-4.06699903,22.68701000
-4.06599903,22.68701000
-4.06499903,22.68701000
-4.06399903,22.68701000
-4.06299903,24.58169000
-4.06199903,22.68701000
-4.06099903,20.79847000
-4.05999903,20.79847000
-4.05899903,20.79847000
-4.05799903,20.79847000
-4.05699903,20.79847000
-4.05599903,22.68701000
-4.05499903,22.68701000
-4.05399903,22.68701000
-4.05299903,22.68701000
-4.05199903,22.68701000
-4.05099903,20.79847000
-4.04999903,20.79847000
-4.04899903,20.79847000
-4.04799903,22.68701000
-4.04699903,22.68701000
-4.04599903,24.58169000
-4.04499903,24.58169000
-4.04399903,24.58169000
-4.04299903,24.58169000
-4.04199903,24.58169000
-4.04099903,24.58169000
-4.03999903,24.58169000
-4.03899903,24.58169000
-4.03799903,24.58169000
-4.03699903,26.47023000
-4.03599903,26.47023000
-4.03499903,28.36491000
-4.03399903,28.36491000
-4.03299903,28.36491000
-4.03199903,26.47023000
-4.03099903,26.47023000
-4.02999903,26.47023000
-4.02899903,26.47023000
-4.02799903,26.47023000
-4.02699903,26.47023000
-4.02599903,26.47023000
-4.02499903,26.47023000
-4.02399903,26.47023000
-4.02299903,26.47023000
-4.02199903,26.47023000
-4.02099903,26.47023000
-4.01999903,26.47023000
-4.01899903,26.47023000
-4.01799903,24.58169000
-4.01699903,24.58169000
-4.01599903,24.58169000
-4.01499903,24.58169000
-4.01399903,24.58169000
-4.01299903,24.58169000
-4.01199903,26.47023000
-4.01099903,26.47023000
-4.00999903,24.58169000
-4.00899903,24.58169000
-4.00799903,24.58169000
-4.00699903,24.58169000
-4.00599903,22.68701000
-4.00499903,22.68701000
-4.00399903,22.68701000
-4.00299903,22.68701000
-4.00199903,22.68701000
-4.00099903,22.68701000
-3.99999903,22.68701000
-3.99899903,22.68701000
-3.99799903,22.68701000
-3.99699903,22.68701000
-3.99599903,22.68701000
-3.99499903,20.79847000
-3.99399903,20.79847000
-3.99299903,20.79847000
-3.99199903,20.79847000
-3.99099903,22.68701000
-3.98999903,22.68701000
-3.98899903,24.58169000
-3.98799903,22.68701000
-3.98699903,22.68701000
-3.98599903,22.68701000
-3.98499903,22.68701000
-3.98399903,22.68701000
-3.98299903,22.68701000
-3.98199903,22.68701000
-3.98099903,22.68701000
-3.97999903,22.68701000
-3.97899903,24.58169000
-3.97799903,24.58169000
-3.97699903,24.58169000
-3.97599903,24.58169000
-3.97499903,24.58169000
-3.97399903,24.58169000
-3.97299903,24.58169000
-3.97199903,22.68701000
-3.97099903,24.58169000
-3.96999903,24.58169000
-3.96899903,24.58169000
-3.96799903,24.58169000
-3.96699903,24.58169000
-3.96599903,24.58169000
-3.96499903,26.47023000
-3.96399903,26.47023000
-3.96299903,26.47023000
-3.96199903,24.58169000
-3.96099903,24.58169000
-3.95999903,22.68701000
-3.95899903,22.68701000
-3.95799903,24.58169000
-3.95699903,24.58169000
-3.95599903,24.58169000
-3.95499903,26.47023000
-3.95399903,26.47023000
-3.95299903,26.47023000
-3.95199903,24.58169000
-3.95099903,22.68701000
-3.94999903,20.79847000
-3.94899903,20.79847000
-3.94799903,20.79847000
-3.94699903,20.79847000
-3.94599903,22.68701000
-3.94499903,22.68701000
-3.94399903,22.68701000
-3.94299903,22.68701000
-3.94199903,20.79847000
-3.94099903,20.79847000
-3.93999903,18.90994000
-3.93899903,18.90994000
-3.93799903,18.90994000
-3.93699903,18.90994000
-3.93599903,17.01525000
-3.93499903,17.01525000
-3.93399903,18.90994000
-3.93299903,18.90994000
-3.93199903,18.90994000
-3.93099903,18.90994000
-3.92999903,17.01525000
-3.92899903,17.01525000
-3.92799903,17.01525000
-3.92699903,17.01525000
-3.92599903,17.01525000
-3.92499903,18.90994000
-3.92399903,18.90994000
-3.92299903,18.90994000
-3.92199903,18.90994000
-3.92099903,18.90994000
-3.91999903,18.90994000
-3.91899903,18.90994000
-3.91799903,18.90994000
-3.91699903,20.79847000
-3.91599903,20.79847000
-3.91499903,20.79847000
-3.91399903,20.79847000
-3.91299903,20.79847000
-3.91199903,20.79847000
-3.91099903,20.79847000
-3.90999903,20.79847000
-3.90899903,22.68701000
-3.90799903,22.68701000
-3.90699903,22.68701000
-3.90599903,22.68701000
-3.90499903,22.68701000
-3.90399903,22.68701000
-3.90299903,22.68701000
-3.90199903,24.58169000
-3.90099903,24.58169000
-3.89999903,24.58169000
-3.89899903,22.68701000
-3.89799903,22.68701000
-3.89699903,24.58169000
-3.89599903,24.58169000
-3.89499903,22.68701000
-3.89399903,22.68701000
-3.89299903,22.68701000
-3.89199903,22.68701000
-3.89099903,22.68701000
-3.88999903,22.68701000
-3.88899903,22.68701000
-3.88799903,22.68701000
-3.88699903,22.68701000
-3.88599904,22.68701000
-3.88499904,22.68701000
-3.88399904,22.68701000
-3.88299904,20.79847000
-3.88199904,20.79847000
-3.88099904,22.68701000
-3.87999904,22.68701000
-3.87899904,22.68701000
-3.87799904,22.68701000
-3.87699904,22.68701000
-3.87599904,22.68701000
-3.87499904,20.79847000
-3.87399904,20.79847000
-3.87299904,20.79847000
-3.87199904,20.79847000
-3.87099904,20.79847000
-3.86999904,22.68701000
-3.86899904,22.68701000
-3.86799904,22.68701000
-3.86699904,20.79847000
-3.86599904,20.79847000
-3.86499904,20.79847000
-3.86399904,20.79847000
-3.86299904,20.79847000
-3.86199904,20.79847000
-3.86099904,22.68701000
-3.85999904,22.68701000
-3.85899904,22.68701000
-3.85799904,22.68701000
-3.85699904,22.68701000
-3.85599904,20.79847000
-3.85499904,20.79847000
-3.85399904,20.79847000
-3.85299904,20.79847000
-3.85199904,22.68701000
-3.85099904,22.68701000
-3.84999904,22.68701000
-3.84899904,22.68701000
-3.84799904,22.68701000
-3.84699904,22.68701000
-3.84599904,20.79847000
-3.84499904,20.79847000
-3.84399904,20.79847000
-3.84299904,20.79847000
-3.84199904,22.68701000
-3.84099904,22.68701000
-3.83999904,20.79847000
-3.83899904,20.79847000
-3.83799904,20.79847000
-3.83699904,20.79847000
-3.83599904,20.79847000
-3.83499904,20.79847000
-3.83399904,20.79847000
-3.83299904,22.68701000
-3.83199904,22.68701000
-3.83099904,22.68701000
-3.82999904,22.68701000
-3.82899904,22.68701000
-3.82799904,20.79847000
-3.82699904,20.79847000
-3.82599904,20.79847000
-3.82499904,22.68701000
-3.82399904,22.68701000
-3.82299904,24.58169000
-3.82199904,24.58169000
-3.82099904,22.68701000
-3.81999904,22.68701000
-3.81899904,20.79847000
-3.81799904,20.79847000
-3.81699904,20.79847000
-3.81599904,22.68701000
-3.81499904,22.68701000
-3.81399904,22.68701000
-3.81299904,24.58169000
-3.81199904,24.58169000
-3.81099904,22.68701000
-3.80999904,22.68701000
-3.80899904,22.68701000
-3.80799904,22.68701000
-3.80699904,22.68701000
-3.80599904,22.68701000
-3.80499904,22.68701000
-3.80399904,24.58169000
-3.80299904,24.58169000
-3.80199904,24.58169000
-3.80099904,24.58169000
-3.79999904,24.58169000
-3.79899904,22.68701000
-3.79799904,22.68701000
-3.79699904,22.68701000
-3.79599904,22.68701000
-3.79499904,24.58169000
-3.79399904,24.58169000
-3.79299904,24.58169000
-3.79199904,24.58169000
-3.79099904,22.68701000
-3.78999904,22.68701000
-3.78899904,22.68701000
-3.78799904,22.68701000
-3.78699904,22.68701000
-3.78599904,24.58169000
-3.78499904,24.58169000
-3.78399904,24.58169000
-3.78299904,22.68701000
-3.78199904,22.68701000
-3.78099904,22.68701000
-3.77999904,22.68701000
-3.77899904,22.68701000
-3.77799904,22.68701000
-3.77699904,24.58169000
-3.77599904,22.68701000
-3.77499904,22.68701000
-3.77399904,22.68701000
-3.77299904,22.68701000
-3.77199904,20.79847000
-3.77099904,20.79847000
-3.76999904,20.79847000
-3.76899904,22.68701000
-3.76799904,22.68701000
-3.76699904,22.68701000
-3.76599904,22.68701000
-3.76499904,22.68701000
-3.76399904,22.68701000
-3.76299904,22.68701000
-3.76199904,20.79847000
-3.76099904,20.79847000
-3.75999904,20.79847000
-3.75899904,22.68701000
-3.75799904,22.68701000
-3.75699904,22.68701000
-3.75599904,22.68701000
-3.75499904,22.68701000
-3.75399904,22.68701000
-3.75299904,22.68701000
-3.75199904,22.68701000
-3.75099904,20.79847000
-3.74999904,22.68701000
-3.74899904,22.68701000
-3.74799904,22.68701000
-3.74699904,22.68701000
-3.74599904,22.68701000
-3.74499904,24.58169000
-3.74399904,22.68701000
-3.74299904,22.68701000
-3.74199904,22.68701000
-3.74099904,22.68701000
-3.73999904,22.68701000
-3.73899904,22.68701000
-3.73799904,22.68701000
-3.73699904,22.68701000
-3.73599904,22.68701000
-3.73499904,22.68701000
-3.73399904,22.68701000
-3.73299904,22.68701000
-3.73199904,22.68701000
-3.73099904,22.68701000
-3.72999904,22.68701000
-3.72899904,24.58169000
-3.72799904,24.58169000
-3.72699904,24.58169000
-3.72599904,24.58169000
-3.72499904,22.68701000
-3.72399904,22.68701000
-3.72299904,22.68701000
-3.72199904,22.68701000
-3.72099904,22.68701000
-3.71999904,22.68701000
-3.71899904,22.68701000
-3.71799904,22.68701000
-3.71699904,22.68701000
-3.71599904,22.68701000
-3.71499904,22.68701000
-3.71399904,22.68701000
-3.71299904,24.58169000
-3.71199904,24.58169000
-3.71099904,22.68701000
-3.70999904,22.68701000
-3.70899904,22.68701000
-3.70799904,22.68701000
-3.70699904,22.68701000
-3.70599904,20.79847000
-3.70499904,22.68701000
-3.70399904,22.68701000
-3.70299904,22.68701000
-3.70199904,24.58169000
-3.70099904,24.58169000
-3.69999904,22.68701000
-3.69899904,22.68701000
-3.69799904,20.79847000
-3.69699904,20.79847000
-3.69599904,20.79847000
-3.69499904,20.79847000
-3.69399904,22.68701000
-3.69299904,22.68701000
-3.69199904,24.58169000
-3.69099904,24.58169000
-3.68999904,24.58169000
-3.68899904,22.68701000
-3.68799904,20.79847000
-3.68699904,20.79847000
-3.68599904,22.68701000
-3.68499904,22.68701000
-3.68399904,22.68701000
-3.68299904,24.58169000
-3.68199904,24.58169000
-3.68099904,24.58169000
-3.67999904,24.58169000
-3.67899904,22.68701000
-3.67799904,22.68701000
-3.67699904,22.68701000
-3.67599904,22.68701000
-3.67499904,22.68701000
-3.67399904,24.58169000
-3.67299904,24.58169000
-3.67199904,24.58169000
-3.67099904,24.58169000
-3.66999904,24.58169000
-3.66899904,24.58169000
-3.66799904,22.68701000
-3.66699904,22.68701000
-3.66599904,22.68701000
-3.66499904,22.68701000
-3.66399904,22.68701000
-3.66299904,22.68701000
-3.66199904,22.68701000
-3.66099904,24.58169000
-3.65999904,24.58169000
-3.65899904,24.58169000
-3.65799904,24.58169000
-3.65699904,22.68701000
-3.65599904,22.68701000
-3.65499904,22.68701000
-3.65399904,22.68701000
-3.65299904,22.68701000
-3.65199904,22.68701000
-3.65099904,22.68701000
-3.64999904,22.68701000
-3.64899904,22.68701000
-3.64799904,22.68701000
-3.64699904,24.58169000
-3.64599904,24.58169000
-3.64499904,24.58169000
-3.64399904,22.68701000
-3.64299904,22.68701000
-3.64199904,20.79847000
-3.64099904,22.68701000
-3.63999904,22.68701000
-3.63899904,22.68701000
-3.63799904,22.68701000
-3.63699904,24.58169000
-3.63599904,24.58169000
-3.63499904,24.58169000
-3.63399904,24.58169000
-3.63299904,24.58169000
-3.63199904,22.68701000
-3.63099904,22.68701000
-3.62999904,22.68701000
-3.62899904,22.68701000
-3.62799904,24.58169000
-3.62699904,24.58169000
-3.62599904,24.58169000
-3.62499904,24.58169000
-3.62399904,22.68701000
-3.62299904,22.68701000
-3.62199904,22.68701000
-3.62099904,22.68701000
-3.61999904,22.68701000
-3.61899904,24.58169000
-3.61799904,24.58169000
-3.61699904,24.58169000
-3.61599904,24.58169000
-3.61499904,24.58169000
-3.61399904,24.58169000
-3.61299904,24.58169000
-3.61199904,22.68701000
-3.61099904,22.68701000
-3.60999904,22.68701000
-3.60899904,24.58169000
-3.60799904,24.58169000
-3.60699904,22.68701000
-3.60599904,22.68701000
-3.60499904,22.68701000
-3.60399904,22.68701000
-3.60299904,22.68701000
-3.60199904,22.68701000
-3.60099904,22.68701000
-3.59999904,22.68701000
-3.59899904,22.68701000
-3.59799904,24.58169000
-3.59699904,22.68701000
-3.59599904,22.68701000
-3.59499904,20.79847000
-3.59399904,20.79847000
-3.59299904,22.68701000
-3.59199904,22.68701000
-3.59099904,22.68701000
-3.58999904,22.68701000
-3.58899904,22.68701000
-3.58799904,20.79847000
-3.58699904,20.79847000
-3.58599904,20.79847000
-3.58499904,20.79847000
-3.58399904,22.68701000
-3.58299904,22.68701000
-3.58199904,24.58169000
-3.58099904,24.58169000
-3.57999904,24.58169000
-3.57899904,24.58169000
-3.57799904,24.58169000
-3.57699904,22.68701000
-3.57599904,22.68701000
-3.57499904,22.68701000
-3.57399904,22.68701000
-3.57299904,24.58169000
-3.57199904,24.58169000
-3.57099904,24.58169000
-3.56999904,24.58169000
-3.56899904,24.58169000
-3.56799904,24.58169000
-3.56699904,24.58169000
-3.56599904,22.68701000
-3.56499904,24.58169000
-3.56399904,24.58169000
-3.56299904,24.58169000
-3.56199904,24.58169000
-3.56099904,26.47023000
-3.55999904,24.58169000
-3.55899904,24.58169000
-3.55799904,24.58169000
-3.55699904,24.58169000
-3.55599904,24.58169000
-3.55499904,22.68701000
-3.55399904,24.58169000
-3.55299904,24.58169000
-3.55199904,24.58169000
-3.55099904,24.58169000
-3.54999904,22.68701000
-3.54899904,22.68701000
-3.54799904,22.68701000
-3.54699904,24.58169000
-3.54599904,24.58169000
-3.54499904,24.58169000
-3.54399904,24.58169000
-3.54299904,24.58169000
-3.54199904,22.68701000
-3.54099904,22.68701000
-3.53999904,22.68701000
-3.53899904,22.68701000
-3.53799904,22.68701000
-3.53699904,22.68701000
-3.53599904,24.58169000
-3.53499904,24.58169000
-3.53399904,24.58169000
-3.53299904,22.68701000
-3.53199905,22.68701000
-3.53099905,22.68701000
-3.52999905,20.79847000
-3.52899905,20.79847000
-3.52799905,22.68701000
-3.52699905,22.68701000
-3.52599905,24.58169000
-3.52499905,24.58169000
-3.52399905,24.58169000
-3.52299905,24.58169000
-3.52199905,22.68701000
-3.52099905,22.68701000
-3.51999905,20.79847000
-3.51899905,20.79847000
-3.51799905,22.68701000
-3.51699905,24.58169000
-3.51599905,24.58169000
-3.51499905,26.47023000
-3.51399905,24.58169000
-3.51299905,24.58169000
-3.51199905,24.58169000
-3.51099905,24.58169000
-3.50999905,22.68701000
-3.50899905,22.68701000
-3.50799905,24.58169000
-3.50699905,24.58169000
-3.50599905,26.47023000
-3.50499905,26.47023000
-3.50399905,26.47023000
-3.50299905,24.58169000
-3.50199905,24.58169000
-3.50099905,24.58169000
-3.49999905,24.58169000
-3.49899905,24.58169000
-3.49799905,24.58169000
-3.49699905,24.58169000
-3.49599905,24.58169000
-3.49499905,26.47023000
-3.49399905,24.58169000
-3.49299905,24.58169000
-3.49199905,24.58169000
-3.49099905,24.58169000
-3.48999905,24.58169000
-3.48899905,24.58169000
-3.48799905,24.58169000
-3.48699905,24.58169000
-3.48599905,24.58169000
-3.48499905,24.58169000
-3.48399905,24.58169000
-3.48299905,22.68701000
-3.48199905,22.68701000
-3.48099905,24.58169000
-3.47999905,24.58169000
-3.47899905,24.58169000
-3.47799905,24.58169000
-3.47699905,26.47023000
-3.47599905,24.58169000
-3.47499905,24.58169000
-3.47399905,24.58169000
-3.47299905,22.68701000
-3.47199905,22.68701000
-3.47099905,22.68701000
-3.46999905,22.68701000
-3.46899905,22.68701000
-3.46799905,24.58169000
-3.46699905,24.58169000
-3.46599905,24.58169000
-3.46499905,26.47023000
-3.46399905,26.47023000
-3.46299905,26.47023000
-3.46199905,24.58169000
-3.46099905,24.58169000
-3.45999905,24.58169000
-3.45899905,22.68701000
-3.45799905,22.68701000
-3.45699905,22.68701000
-3.45599905,22.68701000
-3.45499905,22.68701000
-3.45399905,24.58169000
-3.45299905,26.47023000
-3.45199905,26.47023000
-3.45099905,28.36491000
-3.44999905,28.36491000
-3.44899905,28.36491000
-3.44799905,24.58169000
-3.44699905,22.68701000
-3.44599905,20.79847000
-3.44499905,20.79847000
-3.44399905,20.79847000
-3.44299905,22.68701000
-3.44199905,24.58169000
-3.44099905,26.47023000
-3.43999905,28.36491000
-3.43899905,28.36491000
-3.43799905,28.36491000
-3.43699905,26.47023000
-3.43599905,24.58169000
-3.43499905,22.68701000
-3.43399905,22.68701000
-3.43299905,22.68701000
-3.43199905,22.68701000
-3.43099905,22.68701000
-3.42999905,24.58169000
-3.42899905,26.47023000
-3.42799905,26.47023000
-3.42699905,28.36491000
-3.42599905,26.47023000
-3.42499905,26.47023000
-3.42399905,26.47023000
-3.42299905,26.47023000
-3.42199905,24.58169000
-3.42099905,22.68701000
-3.41999905,22.68701000
-3.41899905,22.68701000
-3.41799905,22.68701000
-3.41699905,24.58169000
-3.41599905,24.58169000
-3.41499905,26.47023000
-3.41399905,28.36491000
-3.41299905,28.36491000
-3.41199905,28.36491000
-3.41099905,28.36491000
-3.40999905,26.47023000
-3.40899905,24.58169000
-3.40799905,22.68701000
-3.40699905,22.68701000
-3.40599905,22.68701000
-3.40499905,24.58169000
-3.40399905,26.47023000
-3.40299905,26.47023000
-3.40199905,28.36491000
-3.40099905,28.36491000
-3.39999905,28.36491000
-3.39899905,26.47023000
-3.39799905,26.47023000
-3.39699905,24.58169000
-3.39599905,22.68701000
-3.39499905,22.68701000
-3.39399905,22.68701000
-3.39299905,24.58169000
-3.39199905,26.47023000
-3.39099905,26.47023000
-3.38999905,26.47023000
-3.38899905,26.47023000
-3.38799905,26.47023000
-3.38699905,26.47023000
-3.38599905,26.47023000
-3.38499905,24.58169000
-3.38399905,24.58169000
-3.38299905,24.58169000
-3.38199905,24.58169000
-3.38099905,24.58169000
-3.37999905,24.58169000
-3.37899905,24.58169000
-3.37799905,24.58169000
-3.37699905,26.47023000
-3.37599905,26.47023000
-3.37499905,26.47023000
-3.37399905,26.47023000
-3.37299905,26.47023000
-3.37199905,26.47023000
-3.37099905,26.47023000
-3.36999905,24.58169000
-3.36899905,24.58169000
-3.36799905,24.58169000
-3.36699905,24.58169000
-3.36599905,24.58169000
-3.36499905,26.47023000
-3.36399905,26.47023000
-3.36299905,26.47023000
-3.36199905,26.47023000
-3.36099905,26.47023000
-3.35999905,26.47023000
-3.35899905,26.47023000
-3.35799905,28.36491000
-3.35699905,28.36491000
-3.35599905,26.47023000
-3.35499905,26.47023000
-3.35399905,26.47023000
-3.35299905,26.47023000
-3.35199905,26.47023000
-3.35099905,26.47023000
-3.34999905,26.47023000
-3.34899905,26.47023000
-3.34799905,26.47023000
-3.34699905,28.36491000
-3.34599905,28.36491000
-3.34499905,28.36491000
-3.34399905,26.47023000
-3.34299905,28.36491000
-3.34199905,28.36491000
-3.34099905,26.47023000
-3.33999905,26.47023000
-3.33899905,24.58169000
-3.33799905,24.58169000
-3.33699905,26.47023000
-3.33599905,26.47023000
-3.33499905,26.47023000
-3.33399905,28.36491000
-3.33299905,28.36491000
-3.33199905,28.36491000
-3.33099905,28.36491000
-3.32999905,28.36491000
-3.32899905,28.36491000
-3.32799905,26.47023000
-3.32699905,24.58169000
-3.32599905,24.58169000
-3.32499905,22.68701000
-3.32399905,24.58169000
-3.32299905,24.58169000
-3.32199905,26.47023000
-3.32099905,28.36491000
-3.31999905,30.25344000
-3.31899905,28.36491000
-3.31799905,28.36491000
-3.31699905,26.47023000
-3.31599905,26.47023000
-3.31499905,24.58169000
-3.31399905,22.68701000
-3.31299905,22.68701000
-3.31199905,22.68701000
-3.31099905,24.58169000
-3.30999905,26.47023000
-3.30899905,28.36491000
-3.30799905,28.36491000
-3.30699905,28.36491000
-3.30599905,26.47023000
-3.30499905,26.47023000
-3.30399905,26.47023000
-3.30299905,24.58169000
-3.30199905,24.58169000
-3.30099905,24.58169000
-3.29999905,26.47023000
-3.29899905,26.47023000
-3.29799905,26.47023000
-3.29699905,28.36491000
-3.29599905,28.36491000
-3.29499905,26.47023000
-3.29399905,26.47023000
-3.29299905,26.47023000
-3.29199905,26.47023000
-3.29099905,26.47023000
-3.28999905,26.47023000
-3.28899905,28.36491000
-3.28799905,26.47023000
-3.28699905,26.47023000
-3.28599905,28.36491000
-3.28499905,28.36491000
-3.28399905,28.36491000
-3.28299905,26.47023000
-3.28199905,26.47023000
-3.28099905,28.36491000
-3.27999905,28.36491000
-3.27899905,28.36491000
-3.27799905,28.36491000
-3.27699905,28.36491000
-3.27599905,28.36491000
-3.27499905,28.36491000
-3.27399905,28.36491000
-3.27299905,28.36491000
-3.27199905,26.47023000
-3.27099905,26.47023000
-3.26999905,26.47023000
-3.26899905,28.36491000
-3.26799905,28.36491000
-3.26699905,30.25344000
-3.26599905,30.25344000
-3.26499905,30.25344000
-3.26399905,28.36491000
-3.26299905,28.36491000
-3.26199905,26.47023000
-3.26099905,26.47023000
-3.25999905,26.47023000
-3.25899905,26.47023000
-3.25799905,26.47023000
-3.25699905,28.36491000
-3.25599905,28.36491000
-3.25499905,28.36491000
-3.25399905,28.36491000
-3.25299905,28.36491000
-3.25199905,28.36491000
-3.25099905,26.47023000
-3.24999905,28.36491000
-3.24899905,28.36491000
-3.24799905,28.36491000
-3.24699905,28.36491000
-3.24599905,28.36491000
-3.24499905,28.36491000
-3.24399905,28.36491000
-3.24299905,28.36491000
-3.24199905,26.47023000
-3.24099905,28.36491000
-3.23999905,28.36491000
-3.23899905,28.36491000
-3.23799905,28.36491000
-3.23699905,28.36491000
-3.23599905,28.36491000
-3.23499905,26.47023000
-3.23399905,26.47023000
-3.23299905,28.36491000
-3.23199905,26.47023000
-3.23099905,26.47023000
-3.22999905,26.47023000
-3.22899905,28.36491000
-3.22799905,28.36491000
-3.22699905,30.25344000
-3.22599905,28.36491000
-3.22499905,28.36491000
-3.22399905,28.36491000
-3.22299905,28.36491000
-3.22199905,28.36491000
-3.22099905,28.36491000
-3.21999905,28.36491000
-3.21899905,28.36491000
-3.21799905,28.36491000
-3.21699905,28.36491000
-3.21599905,28.36491000
-3.21499905,28.36491000
-3.21399905,28.36491000
-3.21299905,28.36491000
-3.21199905,28.36491000
-3.21099905,30.25344000
-3.20999905,30.25344000
-3.20899905,30.25344000
-3.20799905,30.25344000
-3.20699905,28.36491000
-3.20599905,28.36491000
-3.20499905,28.36491000
-3.20399905,26.47023000
-3.20299905,28.36491000
-3.20199905,28.36491000
-3.20099905,30.25344000
-3.19999905,30.25344000
-3.19899905,30.25344000
-3.19799905,30.25344000
-3.19699905,28.36491000
-3.19599905,28.36491000
-3.19499905,28.36491000
-3.19399905,26.47023000
-3.19299905,28.36491000
-3.19199905,28.36491000
-3.19099905,30.25344000
-3.18999905,30.25344000
-3.18899905,30.25344000
-3.18799905,30.25344000
-3.18699905,28.36491000
-3.18599905,28.36491000
-3.18499905,28.36491000
-3.18399905,28.36491000
-3.18299905,28.36491000
-3.18199905,30.25344000
-3.18099905,30.25344000
-3.17999905,30.25344000
-3.17899905,28.36491000
-3.17799906,28.36491000
-3.17699906,28.36491000
-3.17599906,28.36491000
-3.17499906,28.36491000
-3.17399906,28.36491000
-3.17299906,28.36491000
-3.17199906,30.25344000
-3.17099906,30.25344000
-3.16999906,30.25344000
-3.16899906,30.25344000
-3.16799906,28.36491000
-3.16699906,28.36491000
-3.16599906,28.36491000
-3.16499906,28.36491000
-3.16399906,28.36491000
-3.16299906,30.25344000
-3.16199906,30.25344000
-3.16099906,30.25344000
-3.15999906,30.25344000
-3.15899906,28.36491000
-3.15799906,28.36491000
-3.15699906,28.36491000
-3.15599906,28.36491000
-3.15499906,28.36491000
-3.15399906,28.36491000
-3.15299906,30.25344000
-3.15199906,30.25344000
-3.15099906,28.36491000
-3.14999906,28.36491000
-3.14899906,28.36491000
-3.14799906,28.36491000
-3.14699906,28.36491000
-3.14599906,28.36491000
-3.14499906,32.14198000
-3.14399906,32.14198000
-3.14299906,32.14198000
-3.14199906,30.25344000
-3.14099906,30.25344000
-3.13999906,28.36491000
-3.13899906,28.36491000
-3.13799906,28.36491000
-3.13699906,28.36491000
-3.13599906,28.36491000
-3.13499906,30.25344000
-3.13399906,32.14198000
-3.13299906,32.14198000
-3.13199906,32.14198000
-3.13099906,30.25344000
-3.12999906,30.25344000
-3.12899906,28.36491000
-3.12799906,28.36491000
-3.12699906,28.36491000
-3.12599906,30.25344000
-3.12499906,30.25344000
-3.12399906,30.25344000
-3.12299906,32.14198000
-3.12199906,32.14198000
-3.12099906,32.14198000
-3.11999906,30.25344000
-3.11899906,30.25344000
-3.11799906,30.25344000
-3.11699906,32.14198000
-3.11599906,32.14198000
-3.11499906,32.14198000
-3.11399906,30.25344000
-3.11299906,30.25344000
-3.11199906,30.25344000
-3.11099906,30.25344000
-3.10999906,30.25344000
-3.10899906,30.25344000
-3.10799906,32.14198000
-3.10699906,32.14198000
-3.10599906,32.14198000
-3.10499906,32.14198000
-3.10399906,30.25344000
-3.10299906,30.25344000
-3.10199906,30.25344000
-3.10099906,30.25344000
-3.09999906,30.25344000
-3.09899906,30.25344000
-3.09799906,30.25344000
-3.09699906,32.14198000
-3.09599906,32.14198000
-3.09499906,30.25344000
-3.09399906,30.25344000
-3.09299906,30.25344000
-3.09199906,28.36491000
-3.09099906,28.36491000
-3.08999906,28.36491000
-3.08899906,30.25344000
-3.08799906,30.25344000
-3.08699906,30.25344000
-3.08599906,30.25344000
-3.08499906,30.25344000
-3.08399906,28.36491000
-3.08299906,28.36491000
-3.08199906,28.36491000
-3.08099906,28.36491000
-3.07999906,30.25344000
-3.07899906,30.25344000
-3.07799906,30.25344000
-3.07699906,32.14198000
-3.07599906,30.25344000
-3.07499906,30.25344000
-3.07399906,30.25344000
-3.07299906,30.25344000
-3.07199906,28.36491000
-3.07099906,30.25344000
-3.06999906,30.25344000
-3.06899906,32.14198000
-3.06799906,32.14198000
-3.06699906,32.14198000
-3.06599906,30.25344000
-3.06499906,30.25344000
-3.06399906,30.25344000
-3.06299906,30.25344000
-3.06199906,30.25344000
-3.06099906,30.25344000
-3.05999906,30.25344000
-3.05899906,32.14198000
-3.05799906,32.14198000
-3.05699906,32.14198000
-3.05599906,32.14198000
-3.05499906,32.14198000
-3.05399906,32.14198000
-3.05299906,32.14198000
-3.05199906,32.14198000
-3.05099906,34.03666000
-3.04999906,34.03666000
-3.04899906,32.14198000
-3.04799906,32.14198000
-3.04699906,30.25344000
-3.04599906,30.25344000
-3.04499906,30.25344000
-3.04399906,30.25344000
-3.04299906,32.14198000
-3.04199906,32.14198000
-3.04099906,34.03666000
-3.03999906,34.03666000
-3.03899906,34.03666000
-3.03799906,32.14198000
-3.03699906,30.25344000
-3.03599906,28.36491000
-3.03499906,28.36491000
-3.03399906,28.36491000
-3.03299906,28.36491000
-3.03199906,30.25344000
-3.03099906,30.25344000
-3.02999906,32.14198000
-3.02899906,32.14198000
-3.02799906,34.03666000
-3.02699906,32.14198000
-3.02599906,32.14198000
-3.02499906,30.25344000
-3.02399906,30.25344000
-3.02299906,28.36491000
-3.02199906,28.36491000
-3.02099906,28.36491000
-3.01999906,28.36491000
-3.01899906,28.36491000
-3.01799906,28.36491000
-3.01699906,30.25344000
-3.01599906,32.14198000
-3.01499906,32.14198000
-3.01399906,32.14198000
-3.01299906,32.14198000
-3.01199906,30.25344000
-3.01099906,28.36491000
-3.00999906,28.36491000
-3.00899906,28.36491000
-3.00799906,28.36491000
-3.00699906,28.36491000
-3.00599906,30.25344000
-3.00499906,32.14198000
-3.00399906,32.14198000
-3.00299906,34.03666000
-3.00199906,34.03666000
-3.00099906,32.14198000
-2.99999906,30.25344000
-2.99899906,28.36491000
-2.99799906,28.36491000
-2.99699906,28.36491000
-2.99599906,28.36491000
-2.99499906,30.25344000
-2.99399906,32.14198000
-2.99299906,34.03666000
-2.99199906,34.03666000
-2.99099906,34.03666000
-2.98999906,32.14198000
-2.98899906,32.14198000
-2.98799906,30.25344000
-2.98699906,30.25344000
-2.98599906,30.25344000
-2.98499906,30.25344000
-2.98399906,32.14198000
-2.98299906,32.14198000
-2.98199906,32.14198000
-2.98099906,32.14198000
-2.97999906,32.14198000
-2.97899906,32.14198000
-2.97799906,32.14198000
-2.97699906,32.14198000
-2.97599906,32.14198000
-2.97499906,32.14198000
-2.97399906,32.14198000
-2.97299906,32.14198000
-2.97199906,32.14198000
-2.97099906,32.14198000
-2.96999906,32.14198000
-2.96899906,30.25344000
-2.96799906,30.25344000
-2.96699906,30.25344000
-2.96599906,32.14198000
-2.96499906,32.14198000
-2.96399906,32.14198000
-2.96299906,32.14198000
-2.96199906,32.14198000
-2.96099906,32.14198000
-2.95999906,32.14198000
-2.95899906,32.14198000
-2.95799906,32.14198000
-2.95699906,32.14198000
-2.95599906,30.25344000
-2.95499906,30.25344000
-2.95399906,30.25344000
-2.95299906,30.25344000
-2.95199906,32.14198000
-2.95099906,32.14198000
-2.94999906,32.14198000
-2.94899906,34.03666000
-2.94799906,34.03666000
-2.94699906,34.03666000
-2.94599906,32.14198000
-2.94499906,32.14198000
-2.94399906,32.14198000
-2.94299906,30.25344000
-2.94199906,30.25344000
-2.94099906,30.25344000
-2.93999906,32.14198000
-2.93899906,34.03666000
-2.93799906,34.03666000
-2.93699906,34.03666000
-2.93599906,34.03666000
-2.93499906,34.03666000
-2.93399906,32.14198000
-2.93299906,32.14198000
-2.93199906,32.14198000
-2.93099906,32.14198000
-2.92999906,30.25344000
-2.92899906,32.14198000
-2.92799906,32.14198000
-2.92699906,32.14198000
-2.92599906,34.03666000
-2.92499906,34.03666000
-2.92399906,34.03666000
-2.92299906,34.03666000
-2.92199906,34.03666000
-2.92099906,34.03666000
-2.91999906,34.03666000
-2.91899906,34.03666000
-2.91799906,34.03666000
-2.91699906,34.03666000
-2.91599906,32.14198000
-2.91499906,34.03666000
-2.91399906,34.03666000
-2.91299906,34.03666000
-2.91199906,34.03666000
-2.91099906,34.03666000
-2.90999906,34.03666000
-2.90899906,34.03666000
-2.90799906,32.14198000
-2.90699906,32.14198000
-2.90599906,32.14198000
-2.90499906,34.03666000
-2.90399906,34.03666000
-2.90299906,34.03666000
-2.90199906,32.14198000
-2.90099906,32.14198000
-2.89999906,32.14198000
-2.89899906,32.14198000
-2.89799906,34.03666000
-2.89699906,34.03666000
-2.89599906,34.03666000
-2.89499906,34.03666000
-2.89399906,34.03666000
-2.89299906,34.03666000
-2.89199906,34.03666000
-2.89099906,34.03666000
-2.88999906,32.14198000
-2.88899906,32.14198000
-2.88799906,30.25344000
-2.88699906,32.14198000
-2.88599906,32.14198000
-2.88499906,34.03666000
-2.88399906,34.03666000
-2.88299906,34.03666000
-2.88199906,34.03666000
-2.88099906,34.03666000
-2.87999906,34.03666000
-2.87899906,32.14198000
-2.87799906,32.14198000
-2.87699906,32.14198000
-2.87599906,32.14198000
-2.87499906,32.14198000
-2.87399906,32.14198000
-2.87299906,34.03666000
-2.87199906,32.14198000
-2.87099906,34.03666000
-2.86999906,32.14198000
-2.86899906,32.14198000
-2.86799906,30.25344000
-2.86699906,30.25344000
-2.86599906,30.25344000
-2.86499906,30.25344000
-2.86399906,30.25344000
-2.86299906,30.25344000
-2.86199906,30.25344000
-2.86099906,30.25344000
-2.85999906,30.25344000
-2.85899906,30.25344000
-2.85799906,30.25344000
-2.85699906,28.36491000
-2.85599906,28.36491000
-2.85499906,28.36491000
-2.85399906,28.36491000
-2.85299906,28.36491000
-2.85199906,28.36491000
-2.85099906,28.36491000
-2.84999906,28.36491000
-2.84899906,30.25344000
-2.84799906,30.25344000
-2.84699906,28.36491000
-2.84599906,28.36491000
-2.84499906,28.36491000
-2.84399906,26.47023000
-2.84299906,26.47023000
-2.84199906,26.47023000
-2.84099906,28.36491000
-2.83999906,28.36491000
-2.83899906,28.36491000
-2.83799906,30.25344000
-2.83699906,28.36491000
-2.83599906,28.36491000
-2.83499906,28.36491000
-2.83399906,26.47023000
-2.83299906,28.36491000
-2.83199906,26.47023000
-2.83099906,28.36491000
-2.82999906,30.25344000
-2.82899906,32.14198000
-2.82799906,34.03666000
-2.82699906,34.03666000
-2.82599906,32.14198000
-2.82499907,32.14198000
-2.82399907,32.14198000
-2.82299907,30.25344000
-2.82199907,30.25344000
-2.82099907,30.25344000
-2.81999907,30.25344000
-2.81899907,32.14198000
-2.81799907,32.14198000
-2.81699907,34.03666000
-2.81599907,34.03666000
-2.81499907,34.03666000
-2.81399907,34.03666000
-2.81299907,32.14198000
-2.81199907,32.14198000
-2.81099907,30.25344000
-2.80999907,30.25344000
-2.80899907,30.25344000
-2.80799907,30.25344000
-2.80699907,32.14198000
-2.80599907,32.14198000
-2.80499907,32.14198000
-2.80399907,32.14198000
-2.80299907,32.14198000
-2.80199907,32.14198000
-2.80099907,32.14198000
-2.79999907,30.25344000
-2.79899907,28.36491000
-2.79799907,28.36491000
-2.79699907,28.36491000
-2.79599907,28.36491000
-2.79499907,28.36491000
-2.79399907,30.25344000
-2.79299907,32.14198000
-2.79199907,32.14198000
-2.79099907,32.14198000
-2.78999907,32.14198000
-2.78899907,30.25344000
-2.78799907,30.25344000
-2.78699907,28.36491000
-2.78599907,26.47023000
-2.78499907,28.36491000
-2.78399907,28.36491000
-2.78299907,30.25344000
-2.78199907,32.14198000
-2.78099907,34.03666000
-2.77999907,35.92520000
-2.77899907,34.03666000
-2.77799907,34.03666000
-2.77699907,32.14198000
-2.77599907,30.25344000
-2.77499907,28.36491000
-2.77399907,28.36491000
-2.77299907,30.25344000
-2.77199907,30.25344000
-2.77099907,34.03666000
-2.76999907,35.92520000
-2.76899907,37.81988000
-2.76799907,35.92520000
-2.76699907,35.92520000
-2.76599907,34.03666000
-2.76499907,32.14198000
-2.76399907,32.14198000
-2.76299907,30.25344000
-2.76199907,30.25344000
-2.76099907,32.14198000
-2.75999907,32.14198000
-2.75899907,34.03666000
-2.75799907,35.92520000
-2.75699907,37.81988000
-2.75599907,37.81988000
-2.75499907,37.81988000
-2.75399907,35.92520000
-2.75299907,34.03666000
-2.75199907,32.14198000
-2.75099907,32.14198000
-2.74999907,32.14198000
-2.74899907,32.14198000
-2.74799907,32.14198000
-2.74699907,32.14198000
-2.74599907,34.03666000
-2.74499907,35.92520000
-2.74399907,35.92520000
-2.74299907,34.03666000
-2.74199907,34.03666000
-2.74099907,32.14198000
-2.73999907,30.25344000
-2.73899907,30.25344000
-2.73799907,30.25344000
-2.73699907,32.14198000
-2.73599907,34.03666000
-2.73499907,35.92520000
-2.73399907,35.92520000
-2.73299907,35.92520000
-2.73199907,35.92520000
-2.73099907,34.03666000
-2.72999907,34.03666000
-2.72899907,34.03666000
-2.72799907,34.03666000
-2.72699907,34.03666000
-2.72599907,34.03666000
-2.72499907,34.03666000
-2.72399907,35.92520000
-2.72299907,35.92520000
-2.72199907,35.92520000
-2.72099907,35.92520000
-2.71999907,35.92520000
-2.71899907,35.92520000
-2.71799907,37.81988000
-2.71699907,37.81988000
-2.71599907,37.81988000
-2.71499907,37.81988000
-2.71399907,37.81988000
-2.71299907,37.81988000
-2.71199907,37.81988000
-2.71099907,37.81988000
-2.70999907,37.81988000
-2.70899907,39.70842000
-2.70799907,41.59695000
-2.70699907,41.59695000
-2.70599907,41.59695000
-2.70499907,41.59695000
-2.70399907,39.70842000
-2.70299907,37.81988000
-2.70199907,37.81988000
-2.70099907,37.81988000
-2.69999907,37.81988000
-2.69899907,37.81988000
-2.69799907,39.70842000
-2.69699907,41.59695000
-2.69599907,41.59695000
-2.69499907,41.59695000
-2.69399907,39.70842000
-2.69299907,39.70842000
-2.69199907,37.81988000
-2.69099907,35.92520000
-2.68999907,35.92520000
-2.68899907,35.92520000
-2.68799907,37.81988000
-2.68699907,37.81988000
-2.68599907,39.70842000
-2.68499907,37.81988000
-2.68399907,37.81988000
-2.68299907,35.92520000
-2.68199907,35.92520000
-2.68099907,35.92520000
-2.67999907,34.03666000
-2.67899907,34.03666000
-2.67799907,34.03666000
-2.67699907,34.03666000
-2.67599907,35.92520000
-2.67499907,35.92520000
-2.67399907,35.92520000
-2.67299907,37.81988000
-2.67199907,35.92520000
-2.67099907,35.92520000
-2.66999907,35.92520000
-2.66899907,35.92520000
-2.66799907,35.92520000
-2.66699907,34.03666000
-2.66599907,34.03666000
-2.66499907,34.03666000
-2.66399907,35.92520000
-2.66299907,35.92520000
-2.66199907,35.92520000
-2.66099907,35.92520000
-2.65999907,37.81988000
-2.65899907,37.81988000
-2.65799907,35.92520000
-2.65699907,37.81988000
-2.65599907,35.92520000
-2.65499907,35.92520000
-2.65399907,35.92520000
-2.65299907,35.92520000
-2.65199907,37.81988000
-2.65099907,37.81988000
-2.64999907,37.81988000
-2.64899907,37.81988000
-2.64799907,37.81988000
-2.64699907,37.81988000
-2.64599907,37.81988000
-2.64499907,37.81988000
-2.64399907,39.70842000
-2.64299907,39.70842000
-2.64199907,39.70842000
-2.64099907,39.70842000
-2.63999907,37.81988000
-2.63899907,37.81988000
-2.63799907,37.81988000
-2.63699907,37.81988000
-2.63599907,37.81988000
-2.63499907,39.70842000
-2.63399907,39.70842000
-2.63299907,39.70842000
-2.63199907,39.70842000
-2.63099907,37.81988000
-2.62999907,37.81988000
-2.62899907,37.81988000
-2.62799907,37.81988000
-2.62699907,37.81988000
-2.62599907,37.81988000
-2.62499907,37.81988000
-2.62399907,37.81988000
-2.62299907,39.70842000
-2.62199907,39.70842000
-2.62099907,39.70842000
-2.61999907,37.81988000
-2.61899907,37.81988000
-2.61799907,35.92520000
-2.61699907,37.81988000
-2.61599907,37.81988000
-2.61499907,37.81988000
-2.61399907,39.70842000
-2.61299907,39.70842000
-2.61199907,41.59695000
-2.61099907,39.70842000
-2.60999907,37.81988000
-2.60899907,37.81988000
-2.60799907,35.92520000
-2.60699907,37.81988000
-2.60599907,37.81988000
-2.60499907,39.70842000
-2.60399907,39.70842000
-2.60299907,39.70842000
-2.60199907,39.70842000
-2.60099907,41.59695000
-2.59999907,39.70842000
-2.59899907,39.70842000
-2.59799907,39.70842000
-2.59699907,39.70842000
-2.59599907,39.70842000
-2.59499907,39.70842000
-2.59399907,39.70842000
-2.59299907,39.70842000
-2.59199907,39.70842000
-2.59099907,41.59695000
-2.58999907,41.59695000
-2.58899907,41.59695000
-2.58799907,41.59695000
-2.58699907,41.59695000
-2.58599907,41.59695000
-2.58499907,39.70842000
-2.58399907,37.81988000
-2.58299907,37.81988000
-2.58199907,37.81988000
-2.58099907,37.81988000
-2.57999907,37.81988000
-2.57899907,39.70842000
-2.57799907,39.70842000
-2.57699907,41.59695000
-2.57599907,39.70842000
-2.57499907,39.70842000
-2.57399907,39.70842000
-2.57299907,37.81988000
-2.57199907,37.81988000
-2.57099907,37.81988000
-2.56999907,35.92520000
-2.56899907,37.81988000
-2.56799907,37.81988000
-2.56699907,37.81988000
-2.56599907,37.81988000
-2.56499907,37.81988000
-2.56399907,37.81988000
-2.56299907,35.92520000
-2.56199907,35.92520000
-2.56099907,35.92520000
-2.55999907,35.92520000
-2.55899907,35.92520000
-2.55799907,37.81988000
-2.55699907,37.81988000
-2.55599907,37.81988000
-2.55499907,35.92520000
-2.55399907,35.92520000
-2.55299907,35.92520000
-2.55199907,37.81988000
-2.55099907,37.81988000
-2.54999907,39.70842000
-2.54899907,39.70842000
-2.54799907,39.70842000
-2.54699907,39.70842000
-2.54599907,39.70842000
-2.54499907,39.70842000
-2.54399907,39.70842000
-2.54299907,39.70842000
-2.54199907,39.70842000
-2.54099907,39.70842000
-2.53999907,39.70842000
-2.53899907,39.70842000
-2.53799907,39.70842000
-2.53699907,39.70842000
-2.53599907,37.81988000
-2.53499907,37.81988000
-2.53399907,39.70842000
-2.53299907,39.70842000
-2.53199907,39.70842000
-2.53099907,39.70842000
-2.52999907,39.70842000
-2.52899907,41.59695000
-2.52799907,39.70842000
-2.52699907,37.81988000
-2.52599907,37.81988000
-2.52499907,37.81988000
-2.52399907,37.81988000
-2.52299907,37.81988000
-2.52199907,39.70842000
-2.52099907,39.70842000
-2.51999907,39.70842000
-2.51899907,39.70842000
-2.51799907,37.81988000
-2.51699907,37.81988000
-2.51599907,35.92520000
-2.51499907,35.92520000
-2.51399907,37.81988000
-2.51299907,37.81988000
-2.51199907,37.81988000
-2.51099907,37.81988000
-2.50999907,37.81988000
-2.50899907,37.81988000
-2.50799907,37.81988000
-2.50699907,37.81988000
-2.50599907,35.92520000
-2.50499907,37.81988000
-2.50399907,37.81988000
-2.50299907,37.81988000
-2.50199907,37.81988000
-2.50099907,37.81988000
-2.49999907,37.81988000
-2.49899907,37.81988000
-2.49799907,37.81988000
-2.49699907,37.81988000
-2.49599907,37.81988000
-2.49499907,37.81988000
-2.49399907,37.81988000
-2.49299907,39.70842000
-2.49199907,39.70842000
-2.49099907,39.70842000
-2.48999907,39.70842000
-2.48899907,39.70842000
-2.48799907,37.81988000
-2.48699907,37.81988000
-2.48599907,37.81988000
-2.48499907,39.70842000
-2.48399907,41.59695000
-2.48299907,41.59695000
-2.48199907,41.59695000
-2.48099907,41.59695000
-2.47999907,41.59695000
-2.47899907,41.59695000
-2.47799907,41.59695000
-2.47699907,43.49163000
-2.47599907,43.49163000
-2.47499907,43.49163000
-2.47399907,43.49163000
-2.47299907,43.49163000
-2.47199907,43.49163000
-2.47099908,43.49163000
-2.46999908,43.49163000
-2.46899908,43.49163000
-2.46799908,43.49163000
-2.46699908,45.38017000
-2.46599908,45.38017000
-2.46499908,45.38017000
-2.46399908,45.38017000
-2.46299908,45.38017000
-2.46199908,43.49163000
-2.46099908,43.49163000
-2.45999908,41.59695000
-2.45899908,41.59695000
-2.45799908,41.59695000
-2.45699908,41.59695000
-2.45599908,41.59695000
-2.45499908,43.49163000
-2.45399908,43.49163000
-2.45299908,43.49163000
-2.45199908,41.59695000
-2.45099908,41.59695000
-2.44999908,39.70842000
-2.44899908,39.70842000
-2.44799908,37.81988000
-2.44699908,37.81988000
-2.44599908,39.70842000
-2.44499908,39.70842000
-2.44399908,39.70842000
-2.44299908,39.70842000
-2.44199908,37.81988000
-2.44099908,37.81988000
-2.43999908,37.81988000
-2.43899908,37.81988000
-2.43799908,37.81988000
-2.43699908,37.81988000
-2.43599908,35.92520000
-2.43499908,35.92520000
-2.43399908,35.92520000
-2.43299908,35.92520000
-2.43199908,35.92520000
-2.43099908,35.92520000
-2.42999908,37.81988000
-2.42899908,37.81988000
-2.42799908,37.81988000
-2.42699908,37.81988000
-2.42599908,37.81988000
-2.42499908,37.81988000
-2.42399908,35.92520000
-2.42299908,35.92520000
-2.42199908,35.92520000
-2.42099908,37.81988000
-2.41999908,37.81988000
-2.41899908,37.81988000
-2.41799908,39.70842000
-2.41699908,39.70842000
-2.41599908,39.70842000
-2.41499908,39.70842000
-2.41399908,39.70842000
-2.41299908,39.70842000
-2.41199908,39.70842000
-2.41099908,39.70842000
-2.40999908,39.70842000
-2.40899908,39.70842000
-2.40799908,41.59695000
-2.40699908,41.59695000
-2.40599908,41.59695000
-2.40499908,39.70842000
-2.40399908,39.70842000
-2.40299908,39.70842000
-2.40199908,39.70842000
-2.40099908,41.59695000
-2.39999908,41.59695000
-2.39899908,43.49163000
-2.39799908,43.49163000
-2.39699908,41.59695000
-2.39599908,41.59695000
-2.39499908,39.70842000
-2.39399908,39.70842000
-2.39299908,39.70842000
-2.39199908,39.70842000
-2.39099908,41.59695000
-2.38999908,41.59695000
-2.38899908,43.49163000
-2.38799908,43.49163000
-2.38699908,41.59695000
-2.38599908,39.70842000
-2.38499908,39.70842000
-2.38399908,37.81988000
-2.38299908,37.81988000
-2.38199908,37.81988000
-2.38099908,37.81988000
-2.37999908,39.70842000
-2.37899908,39.70842000
-2.37799908,37.81988000
-2.37699908,37.81988000
-2.37599908,35.92520000
-2.37499908,34.03666000
-2.37399908,34.03666000
-2.37299908,35.92520000
-2.37199908,35.92520000
-2.37099908,35.92520000
-2.36999908,35.92520000
-2.36899908,35.92520000
-2.36799908,34.03666000
-2.36699908,34.03666000
-2.36599908,34.03666000
-2.36499908,34.03666000
-2.36399908,34.03666000
-2.36299908,34.03666000
-2.36199908,34.03666000
-2.36099908,35.92520000
-2.35999908,35.92520000
-2.35899908,35.92520000
-2.35799908,35.92520000
-2.35699908,35.92520000
-2.35599908,34.03666000
-2.35499908,35.92520000
-2.35399908,35.92520000
-2.35299908,35.92520000
-2.35199908,35.92520000
-2.35099908,37.81988000
-2.34999908,37.81988000
-2.34899908,37.81988000
-2.34799908,37.81988000
-2.34699908,37.81988000
-2.34599908,37.81988000
-2.34499908,37.81988000
-2.34399908,37.81988000
-2.34299908,39.70842000
-2.34199908,39.70842000
-2.34099908,39.70842000
-2.33999908,39.70842000
-2.33899908,39.70842000
-2.33799908,39.70842000
-2.33699908,39.70842000
-2.33599908,39.70842000
-2.33499908,39.70842000
-2.33399908,41.59695000
-2.33299908,41.59695000
-2.33199908,41.59695000
-2.33099908,41.59695000
-2.32999908,39.70842000
-2.32899908,41.59695000
-2.32799908,41.59695000
-2.32699908,39.70842000
-2.32599908,41.59695000
-2.32499908,41.59695000
-2.32399908,39.70842000
-2.32299908,39.70842000
-2.32199908,39.70842000
-2.32099908,39.70842000
-2.31999908,37.81988000
-2.31899908,37.81988000
-2.31799908,39.70842000
-2.31699908,39.70842000
-2.31599908,39.70842000
-2.31499908,39.70842000
-2.31399908,39.70842000
-2.31299908,39.70842000
-2.31199908,37.81988000
-2.31099908,37.81988000
-2.30999908,37.81988000
-2.30899908,37.81988000
-2.30799908,37.81988000
-2.30699908,37.81988000
-2.30599908,37.81988000
-2.30499908,39.70842000
-2.30399908,37.81988000
-2.30299908,37.81988000
-2.30199908,37.81988000
-2.30099908,37.81988000
-2.29999908,35.92520000
-2.29899908,35.92520000
-2.29799908,35.92520000
-2.29699908,37.81988000
-2.29599908,37.81988000
-2.29499908,37.81988000
-2.29399908,37.81988000
-2.29299908,39.70842000
-2.29199908,39.70842000
-2.29099908,37.81988000
-2.28999908,37.81988000
-2.28899908,37.81988000
-2.28799908,37.81988000
-2.28699908,37.81988000
-2.28599908,37.81988000
-2.28499908,37.81988000
-2.28399908,37.81988000
-2.28299908,37.81988000
-2.28199908,39.70842000
-2.28099908,39.70842000
-2.27999908,39.70842000
-2.27899908,39.70842000
-2.27799908,39.70842000
-2.27699908,39.70842000
-2.27599908,37.81988000
-2.27499908,37.81988000
-2.27399908,37.81988000
-2.27299908,39.70842000
-2.27199908,39.70842000
-2.27099908,41.59695000
-2.26999908,41.59695000
-2.26899908,39.70842000
-2.26799908,39.70842000
-2.26699908,39.70842000
-2.26599908,39.70842000
-2.26499908,39.70842000
-2.26399908,37.81988000
-2.26299908,39.70842000
-2.26199908,39.70842000
-2.26099908,41.59695000
-2.25999908,41.59695000
-2.25899908,41.59695000
-2.25799908,41.59695000
-2.25699908,41.59695000
-2.25599908,41.59695000
-2.25499908,39.70842000
-2.25399908,39.70842000
-2.25299908,39.70842000
-2.25199908,39.70842000
-2.25099908,41.59695000
-2.24999908,41.59695000
-2.24899908,41.59695000
-2.24799908,41.59695000
-2.24699908,41.59695000
-2.24599908,39.70842000
-2.24499908,39.70842000
-2.24399908,39.70842000
-2.24299908,39.70842000
-2.24199908,39.70842000
-2.24099908,39.70842000
-2.23999908,39.70842000
-2.23899908,39.70842000
-2.23799908,39.70842000
-2.23699908,41.59695000
-2.23599908,39.70842000
-2.23499908,39.70842000
-2.23399908,39.70842000
-2.23299908,39.70842000
-2.23199908,39.70842000
-2.23099908,39.70842000
-2.22999908,39.70842000
-2.22899908,39.70842000
-2.22799908,39.70842000
-2.22699908,39.70842000
-2.22599908,39.70842000
-2.22499908,39.70842000
-2.22399908,39.70842000
-2.22299908,39.70842000
-2.22199908,37.81988000
-2.22099908,37.81988000
-2.21999908,37.81988000
-2.21899908,37.81988000
-2.21799908,37.81988000
-2.21699908,39.70842000
-2.21599908,39.70842000
-2.21499908,41.59695000
-2.21399908,41.59695000
-2.21299908,41.59695000
-2.21199908,39.70842000
-2.21099908,37.81988000
-2.20999908,37.81988000
-2.20899908,37.81988000
-2.20799908,37.81988000
-2.20699908,39.70842000
-2.20599908,39.70842000
-2.20499908,41.59695000
-2.20399908,41.59695000
-2.20299908,41.59695000
-2.20199908,41.59695000
-2.20099908,39.70842000
-2.19999908,39.70842000
-2.19899908,37.81988000
-2.19799908,39.70842000
-2.19699908,39.70842000
-2.19599908,41.59695000
-2.19499908,41.59695000
-2.19399908,41.59695000
-2.19299908,41.59695000
-2.19199908,39.70842000
-2.19099908,39.70842000
-2.18999908,39.70842000
-2.18899908,39.70842000
-2.18799908,39.70842000
-2.18699908,39.70842000
-2.18599908,39.70842000
-2.18499908,41.59695000
-2.18399908,41.59695000
-2.18299908,41.59695000
-2.18199908,39.70842000
-2.18099908,39.70842000
-2.17999908,39.70842000
-2.17899908,39.70842000
-2.17799908,39.70842000
-2.17699908,41.59695000
-2.17599908,41.59695000
-2.17499908,39.70842000
-2.17399908,39.70842000
-2.17299908,39.70842000
-2.17199908,39.70842000
-2.17099908,39.70842000
-2.16999908,39.70842000
-2.16899908,39.70842000
-2.16799908,39.70842000
-2.16699908,39.70842000
-2.16599908,39.70842000
-2.16499908,39.70842000
-2.16399908,39.70842000
-2.16299908,39.70842000
-2.16199908,39.70842000
-2.16099908,39.70842000
-2.15999908,39.70842000
-2.15899908,41.59695000
-2.15799908,41.59695000
-2.15699908,41.59695000
-2.15599908,39.70842000
-2.15499908,39.70842000
-2.15399908,37.81988000
-2.15299908,37.81988000
-2.15199908,39.70842000
-2.15099908,39.70842000
-2.14999908,41.59695000
-2.14899908,41.59695000
-2.14799908,41.59695000
-2.14699908,41.59695000
-2.14599908,41.59695000
-2.14499908,39.70842000
-2.14399908,37.81988000
-2.14299908,37.81988000
-2.14199908,39.70842000
-2.14099908,41.59695000
-2.13999908,41.59695000
-2.13899908,43.49163000
-2.13799908,43.49163000
-2.13699908,41.59695000
-2.13599908,41.59695000
-2.13499908,39.70842000
-2.13399908,39.70842000
-2.13299908,39.70842000
-2.13199908,39.70842000
-2.13099908,39.70842000
-2.12999908,39.70842000
-2.12899908,41.59695000
-2.12799908,41.59695000
-2.12699908,41.59695000
-2.12599908,41.59695000
-2.12499908,39.70842000
-2.12399908,39.70842000
-2.12299908,39.70842000
-2.12199908,39.70842000
-2.12099908,41.59695000
-2.11999908,41.59695000
-2.11899908,41.59695000
-2.11799909,41.59695000
-2.11699909,41.59695000
-2.11599909,39.70842000
-2.11499909,39.70842000
-2.11399909,39.70842000
-2.11299909,39.70842000
-2.11199909,41.59695000
-2.11099909,41.59695000
-2.10999909,41.59695000
-2.10899909,41.59695000
-2.10799909,41.59695000
-2.10699909,41.59695000
-2.10599909,41.59695000
-2.10499909,41.59695000
-2.10399909,41.59695000
-2.10299909,41.59695000
-2.10199909,41.59695000
-2.10099909,41.59695000
-2.09999909,41.59695000
-2.09899909,41.59695000
-2.09799909,39.70842000
-2.09699909,41.59695000
-2.09599909,41.59695000
-2.09499909,41.59695000
-2.09399909,43.49163000
-2.09299909,43.49163000
-2.09199909,43.49163000
-2.09099909,43.49163000
-2.08999909,41.59695000
-2.08899909,41.59695000
-2.08799909,39.70842000
-2.08699909,39.70842000
-2.08599909,39.70842000
-2.08499909,41.59695000
-2.08399909,43.49163000
-2.08299909,43.49163000
-2.08199909,43.49163000
-2.08099909,43.49163000
-2.07999909,41.59695000
-2.07899909,39.70842000
-2.07799909,39.70842000
-2.07699909,39.70842000
-2.07599909,39.70842000
-2.07499909,39.70842000
-2.07399909,41.59695000
-2.07299909,41.59695000
-2.07199909,43.49163000
-2.07099909,41.59695000
-2.06999909,41.59695000
-2.06899909,39.70842000
-2.06799909,39.70842000
-2.06699909,39.70842000
-2.06599909,39.70842000
-2.06499909,39.70842000
-2.06399909,41.59695000
-2.06299909,41.59695000
-2.06199909,41.59695000
-2.06099909,41.59695000
-2.05999909,39.70842000
-2.05899909,39.70842000
-2.05799909,39.70842000
-2.05699909,39.70842000
-2.05599909,39.70842000
-2.05499909,41.59695000
-2.05399909,41.59695000
-2.05299909,41.59695000
-2.05199909,41.59695000
-2.05099909,41.59695000
-2.04999909,41.59695000
-2.04899909,41.59695000
-2.04799909,41.59695000
-2.04699909,41.59695000
-2.04599909,41.59695000
-2.04499909,41.59695000
-2.04399909,41.59695000
-2.04299909,41.59695000
-2.04199909,41.59695000
-2.04099909,41.59695000
-2.03999909,43.49163000
-2.03899909,41.59695000
-2.03799909,41.59695000
-2.03699909,41.59695000
-2.03599909,41.59695000
-2.03499909,41.59695000
-2.03399909,41.59695000
-2.03299909,41.59695000
-2.03199909,41.59695000
-2.03099909,41.59695000
-2.02999909,41.59695000
-2.02899909,43.49163000
-2.02799909,43.49163000
-2.02699909,43.49163000
-2.02599909,43.49163000
-2.02499909,43.49163000
-2.02399909,41.59695000
-2.02299909,41.59695000
-2.02199909,41.59695000
-2.02099909,41.59695000
-2.01999909,41.59695000
-2.01899909,43.49163000
-2.01799909,43.49163000
-2.01699909,45.38017000
-2.01599909,43.49163000
-2.01499909,43.49163000
-2.01399909,41.59695000
-2.01299909,41.59695000
-2.01199909,39.70842000
-2.01099909,39.70842000
-2.00999909,41.59695000
-2.00899909,41.59695000
-2.00799909,43.49163000
-2.00699909,43.49163000
-2.00599909,43.49163000
-2.00499909,43.49163000
-2.00399909,41.59695000
-2.00299909,41.59695000
-2.00199909,41.59695000
-2.00099909,43.49163000
-1.99999909,43.49163000
-1.99899909,43.49163000
-1.99799909,43.49163000
-1.99699909,41.59695000
-1.99599909,41.59695000
-1.99499909,41.59695000
-1.99399909,41.59695000
-1.99299909,41.59695000
-1.99199909,41.59695000
-1.99099909,41.59695000
-1.98999909,41.59695000
-1.98899909,43.49163000
-1.98799909,43.49163000
-1.98699909,43.49163000
-1.98599909,43.49163000
-1.98499909,43.49163000
-1.98399909,41.59695000
-1.98299909,41.59695000
-1.98199909,41.59695000
-1.98099909,43.49163000
-1.97999909,43.49163000
-1.97899909,43.49163000
-1.97799909,43.49163000
-1.97699909,43.49163000
-1.97599909,43.49163000
-1.97499909,41.59695000
-1.97399909,41.59695000
-1.97299909,43.49163000
-1.97199909,43.49163000
-1.97099909,43.49163000
-1.96999909,43.49163000
-1.96899909,43.49163000
-1.96799909,43.49163000
-1.96699909,43.49163000
-1.96599909,43.49163000
-1.96499909,43.49163000
-1.96399909,41.59695000
-1.96299909,41.59695000
-1.96199909,43.49163000
-1.96099909,43.49163000
-1.95999909,43.49163000
-1.95899909,43.49163000
-1.95799909,43.49163000
-1.95699909,43.49163000
-1.95599909,43.49163000
-1.95499909,41.59695000
-1.95399909,41.59695000
-1.95299909,43.49163000
-1.95199909,43.49163000
-1.95099909,45.38017000
-1.94999909,45.38017000
-1.94899909,45.38017000
-1.94799909,43.49163000
-1.94699909,43.49163000
-1.94599909,43.49163000
-1.94499909,43.49163000
-1.94399909,41.59695000
-1.94299909,41.59695000
-1.94199909,41.59695000
-1.94099909,43.49163000
-1.93999909,43.49163000
-1.93899909,43.49163000
-1.93799909,43.49163000
-1.93699909,43.49163000
-1.93599909,43.49163000
-1.93499909,43.49163000
-1.93399909,43.49163000
-1.93299909,43.49163000
-1.93199909,43.49163000
-1.93099909,43.49163000
-1.92999909,43.49163000
-1.92899909,43.49163000
-1.92799909,43.49163000
-1.92699909,43.49163000
-1.92599909,43.49163000
-1.92499909,43.49163000
-1.92399909,43.49163000
-1.92299909,43.49163000
-1.92199909,41.59695000
-1.92099909,41.59695000
-1.91999909,43.49163000
-1.91899909,43.49163000
-1.91799909,43.49163000
-1.91699909,45.38017000
-1.91599909,45.38017000
-1.91499909,43.49163000
-1.91399909,43.49163000
-1.91299909,43.49163000
-1.91199909,43.49163000
-1.91099909,43.49163000
-1.90999909,43.49163000
-1.90899909,43.49163000
-1.90799909,43.49163000
-1.90699909,43.49163000
-1.90599909,43.49163000
-1.90499909,45.38017000
-1.90399909,43.49163000
-1.90299909,43.49163000
-1.90199909,43.49163000
-1.90099909,43.49163000
-1.89999909,43.49163000
-1.89899909,43.49163000
-1.89799909,45.38017000
-1.89699909,45.38017000
-1.89599909,45.38017000
-1.89499909,43.49163000
-1.89399909,43.49163000
-1.89299909,43.49163000
-1.89199909,43.49163000
-1.89099909,43.49163000
-1.88999909,43.49163000
-1.88899909,43.49163000
-1.88799909,43.49163000
-1.88699909,43.49163000
-1.88599909,43.49163000
-1.88499909,43.49163000
-1.88399909,43.49163000
-1.88299909,43.49163000
-1.88199909,43.49163000
-1.88099909,45.38017000
-1.87999909,45.38017000
-1.87899909,45.38017000
-1.87799909,45.38017000
-1.87699909,45.38017000
-1.87599909,43.49163000
-1.87499909,43.49163000
-1.87399909,43.49163000
-1.87299909,45.38017000
-1.87199909,43.49163000
-1.87099909,43.49163000
-1.86999909,43.49163000
-1.86899909,45.38017000
-1.86799909,45.38017000
-1.86699909,45.38017000
-1.86599909,45.38017000
-1.86499909,45.38017000
-1.86399909,43.49163000
-1.86299909,45.38017000
-1.86199909,45.38017000
-1.86099909,45.38017000
-1.85999909,45.38017000
-1.85899909,45.38017000
-1.85799909,45.38017000
-1.85699909,45.38017000
-1.85599909,45.38017000
-1.85499909,45.38017000
-1.85399909,45.38017000
-1.85299909,45.38017000
-1.85199909,45.38017000
-1.85099909,45.38017000
-1.84999909,45.38017000
-1.84899909,45.38017000
-1.84799909,45.38017000
-1.84699909,45.38017000
-1.84599909,45.38017000
-1.84499909,45.38017000
-1.84399909,45.38017000
-1.84299909,45.38017000
-1.84199909,45.38017000
-1.84099909,45.38017000
-1.83999909,45.38017000
-1.83899909,45.38017000
-1.83799909,45.38017000
-1.83699909,45.38017000
-1.83599909,43.49163000
-1.83499909,45.38017000
-1.83399909,45.38017000
-1.83299909,45.38017000
-1.83199909,45.38017000
-1.83099909,45.38017000
-1.82999909,43.49163000
-1.82899909,43.49163000
-1.82799909,43.49163000
-1.82699909,43.49163000
-1.82599909,43.49163000
-1.82499909,45.38017000
-1.82399909,45.38017000
-1.82299909,45.38017000
-1.82199909,45.38017000
-1.82099909,45.38017000
-1.81999909,43.49163000
-1.81899909,43.49163000
-1.81799909,43.49163000
-1.81699909,45.38017000
-1.81599909,45.38017000
-1.81499909,45.38017000
-1.81399909,47.27485000
-1.81299909,47.27485000
-1.81199909,45.38017000
-1.81099909,45.38017000
-1.80999909,45.38017000
-1.80899909,45.38017000
-1.80799909,45.38017000
-1.80699909,45.38017000
-1.80599909,45.38017000
-1.80499909,47.27485000
-1.80399909,47.27485000
-1.80299909,47.27485000
-1.80199909,47.27485000
-1.80099909,47.27485000
-1.79999909,45.38017000
-1.79899909,45.38017000
-1.79799909,45.38017000
-1.79699909,47.27485000
-1.79599909,47.27485000
-1.79499909,47.27485000
-1.79399909,47.27485000
-1.79299909,47.27485000
-1.79199909,45.38017000
-1.79099909,45.38017000
-1.78999909,45.38017000
-1.78899909,45.38017000
-1.78799909,45.38017000
-1.78699909,47.27485000
-1.78599909,47.27485000
-1.78499909,47.27485000
-1.78399909,47.27485000
-1.78299909,47.27485000
-1.78199909,45.38017000
-1.78099909,45.38017000
-1.77999909,45.38017000
-1.77899909,45.38017000
-1.77799909,47.27485000
-1.77699909,47.27485000
-1.77599909,47.27485000
-1.77499909,45.38017000
-1.77399909,45.38017000
-1.77299909,43.49163000
-1.77199909,43.49163000
-1.77099909,43.49163000
-1.76999909,43.49163000
-1.76899909,45.38017000
-1.76799909,45.38017000
-1.76699909,45.38017000
-1.76599909,45.38017000
-1.76499909,45.38017000
-1.76399910,45.38017000
-1.76299910,45.38017000
-1.76199910,45.38017000
-1.76099910,47.27485000
-1.75999910,47.27485000
-1.75899910,47.27485000
-1.75799910,47.27485000
-1.75699910,47.27485000
-1.75599910,47.27485000
-1.75499910,47.27485000
-1.75399910,47.27485000
-1.75299910,47.27485000
-1.75199910,45.38017000
-1.75099910,45.38017000
-1.74999910,45.38017000
-1.74899910,47.27485000
-1.74799910,47.27485000
-1.74699910,47.27485000
-1.74599910,47.27485000
-1.74499910,47.27485000
-1.74399910,45.38017000
-1.74299910,45.38017000
-1.74199910,45.38017000
-1.74099910,47.27485000
-1.73999910,47.27485000
-1.73899910,47.27485000
-1.73799910,47.27485000
-1.73699910,47.27485000
-1.73599910,45.38017000
-1.73499910,47.27485000
-1.73399910,47.27485000
-1.73299910,47.27485000
-1.73199910,47.27485000
-1.73099910,49.16338000
-1.72999910,47.27485000
-1.72899910,49.16338000
-1.72799910,47.27485000
-1.72699910,47.27485000
-1.72599910,47.27485000
-1.72499910,47.27485000
-1.72399910,47.27485000
-1.72299910,47.27485000
-1.72199910,47.27485000
-1.72099910,49.16338000
-1.71999910,51.05191000
-1.71899910,49.16338000
-1.71799910,49.16338000
-1.71699910,47.27485000
-1.71599910,45.38017000
-1.71499910,45.38017000
-1.71399910,45.38017000
-1.71299910,47.27485000
-1.71199910,47.27485000
-1.71099910,49.16338000
-1.70999910,49.16338000
-1.70899910,49.16338000
-1.70799910,47.27485000
-1.70699910,47.27485000
-1.70599910,45.38017000
-1.70499910,45.38017000
-1.70399910,45.38017000
-1.70299910,47.27485000
-1.70199910,49.16338000
-1.70099910,49.16338000
-1.69999910,49.16338000
-1.69899910,49.16338000
-1.69799910,47.27485000
-1.69699910,45.38017000
-1.69599910,45.38017000
-1.69499910,45.38017000
-1.69399910,45.38017000
-1.69299910,45.38017000
-1.69199910,45.38017000
-1.69099910,45.38017000
-1.68999910,45.38017000
-1.68899910,45.38017000
-1.68799910,45.38017000
-1.68699910,45.38017000
-1.68599910,43.49163000
-1.68499910,45.38017000
-1.68399910,45.38017000
-1.68299910,47.27485000
-1.68199910,49.16338000
-1.68099910,49.16338000
-1.67999910,49.16338000
-1.67899910,47.27485000
-1.67799910,47.27485000
-1.67699910,49.16338000
-1.67599910,49.16338000
-1.67499910,49.16338000
-1.67399910,47.27485000
-1.67299910,47.27485000
-1.67199910,47.27485000
-1.67099910,47.27485000
-1.66999910,47.27485000
-1.66899910,47.27485000
-1.66799910,47.27485000
-1.66699910,47.27485000
-1.66599910,47.27485000
-1.66499910,47.27485000
-1.66399910,47.27485000
-1.66299910,49.16338000
-1.66199910,49.16338000
-1.66099910,49.16338000
-1.65999910,49.16338000
-1.65899910,49.16338000
-1.65799910,49.16338000
-1.65699910,51.05191000
-1.65599910,51.05191000
-1.65499910,51.05191000
-1.65399910,51.05191000
-1.65299910,51.05191000
-1.65199910,51.05191000
-1.65099910,49.16338000
-1.64999910,47.27485000
-1.64899910,47.27485000
-1.64799910,47.27485000
-1.64699910,47.27485000
-1.64599910,49.16338000
-1.64499910,49.16338000
-1.64399910,49.16338000
-1.64299910,47.27485000
-1.64199910,47.27485000
-1.64099910,47.27485000
-1.63999910,47.27485000
-1.63899910,47.27485000
-1.63799910,47.27485000
-1.63699910,49.16338000
-1.63599910,51.05191000
-1.63499910,51.05191000
-1.63399910,51.05191000
-1.63299910,51.05191000
-1.63199910,49.16338000
-1.63099910,49.16338000
-1.62999910,49.16338000
-1.62899910,49.16338000
-1.62799910,49.16338000
-1.62699910,49.16338000
-1.62599910,49.16338000
-1.62499910,49.16338000
-1.62399910,49.16338000
-1.62299910,47.27485000
-1.62199910,47.27485000
-1.62099910,47.27485000
-1.61999910,45.38017000
-1.61899910,45.38017000
-1.61799910,47.27485000
-1.61699910,47.27485000
-1.61599910,47.27485000
-1.61499910,47.27485000
-1.61399910,49.16338000
-1.61299910,49.16338000
-1.61199910,49.16338000
-1.61099910,49.16338000
-1.60999910,49.16338000
-1.60899910,49.16338000
-1.60799910,49.16338000
-1.60699910,51.05191000
-1.60599910,51.05191000
-1.60499910,51.05191000
-1.60399910,49.16338000
-1.60299910,49.16338000
-1.60199910,49.16338000
-1.60099910,49.16338000
-1.59999910,49.16338000
-1.59899910,49.16338000
-1.59799910,49.16338000
-1.59699910,49.16338000
-1.59599910,49.16338000
-1.59499910,49.16338000
-1.59399910,49.16338000
-1.59299910,49.16338000
-1.59199910,49.16338000
-1.59099910,51.05191000
-1.58999910,51.05191000
-1.58899910,51.05191000
-1.58799910,51.05191000
-1.58699910,51.05191000
-1.58599910,51.05191000
-1.58499910,51.05191000
-1.58399910,51.05191000
-1.58299910,51.05191000
-1.58199910,51.05191000
-1.58099910,51.05191000
-1.57999910,51.05191000
-1.57899910,51.05191000
-1.57799910,49.16338000
-1.57699910,49.16338000
-1.57599910,49.16338000
-1.57499910,49.16338000
-1.57399910,49.16338000
-1.57299910,49.16338000
-1.57199910,47.27485000
-1.57099910,49.16338000
-1.56999910,49.16338000
-1.56899910,49.16338000
-1.56799910,49.16338000
-1.56699910,49.16338000
-1.56599910,49.16338000
-1.56499910,49.16338000
-1.56399910,49.16338000
-1.56299910,49.16338000
-1.56199910,49.16338000
-1.56099910,49.16338000
-1.55999910,49.16338000
-1.55899910,49.16338000
-1.55799910,49.16338000
-1.55699910,49.16338000
-1.55599910,49.16338000
-1.55499910,49.16338000
-1.55399910,49.16338000
-1.55299910,49.16338000
-1.55199910,47.27485000
-1.55099910,47.27485000
-1.54999910,47.27485000
-1.54899910,47.27485000
-1.54799910,47.27485000
-1.54699910,47.27485000
-1.54599910,47.27485000
-1.54499910,47.27485000
-1.54399910,49.16338000
-1.54299910,49.16338000
-1.54199910,49.16338000
-1.54099910,49.16338000
-1.53999910,49.16338000
-1.53899910,49.16338000
-1.53799910,49.16338000
-1.53699910,49.16338000
-1.53599910,49.16338000
-1.53499910,49.16338000
-1.53399910,49.16338000
-1.53299910,49.16338000
-1.53199910,47.27485000
-1.53099910,47.27485000
-1.52999910,47.27485000
-1.52899910,47.27485000
-1.52799910,47.27485000
-1.52699910,47.27485000
-1.52599910,47.27485000
-1.52499910,47.27485000
-1.52399910,47.27485000
-1.52299910,47.27485000
-1.52199910,47.27485000
-1.52099910,47.27485000
-1.51999910,47.27485000
-1.51899910,49.16338000
-1.51799910,49.16338000
-1.51699910,51.05191000
-1.51599910,51.05191000
-1.51499910,51.05191000
-1.51399910,51.05191000
-1.51299910,51.05191000
-1.51199910,49.16338000
-1.51099910,49.16338000
-1.50999910,49.16338000
-1.50899910,49.16338000
-1.50799910,49.16338000
-1.50699910,51.05191000
-1.50599910,49.16338000
-1.50499910,51.05191000
-1.50399910,49.16338000
-1.50299910,49.16338000
-1.50199910,49.16338000
-1.50099910,49.16338000
-1.49999910,49.16338000
-1.49899910,49.16338000
-1.49799910,49.16338000
-1.49699910,51.05191000
-1.49599910,51.05191000
-1.49499910,49.16338000
-1.49399910,49.16338000
-1.49299910,49.16338000
-1.49199910,51.05191000
-1.49099910,51.05191000
-1.48999910,51.05191000
-1.48899910,51.05191000
-1.48799910,51.05191000
-1.48699910,51.05191000
-1.48599910,49.16338000
-1.48499910,49.16338000
-1.48399910,49.16338000
-1.48299910,47.27485000
-1.48199910,47.27485000
-1.48099910,49.16338000
-1.47999910,49.16338000
-1.47899910,49.16338000
-1.47799910,49.16338000
-1.47699910,49.16338000
-1.47599910,49.16338000
-1.47499910,49.16338000
-1.47399910,47.27485000
-1.47299910,49.16338000
-1.47199910,47.27485000
-1.47099910,49.16338000
-1.46999910,49.16338000
-1.46899910,49.16338000
-1.46799910,49.16338000
-1.46699910,49.16338000
-1.46599910,49.16338000
-1.46499910,49.16338000
-1.46399910,49.16338000
-1.46299910,49.16338000
-1.46199910,49.16338000
-1.46099910,51.05191000
-1.45999910,51.05191000
-1.45899910,51.05191000
-1.45799910,49.16338000
-1.45699910,49.16338000
-1.45599910,49.16338000
-1.45499910,47.27485000
-1.45399910,49.16338000
-1.45299910,49.16338000
-1.45199910,51.05191000
-1.45099910,52.94660000
-1.44999910,52.94660000
-1.44899910,52.94660000
-1.44799910,51.05191000
-1.44699910,51.05191000
-1.44599910,51.05191000
-1.44499910,51.05191000
-1.44399910,51.05191000
-1.44299910,51.05191000
-1.44199910,52.94660000
-1.44099910,52.94660000
-1.43999910,52.94660000
-1.43899910,52.94660000
-1.43799910,52.94660000
-1.43699910,51.05191000
-1.43599910,51.05191000
-1.43499910,51.05191000
-1.43399910,51.05191000
-1.43299910,51.05191000
-1.43199910,51.05191000
-1.43099910,51.05191000
-1.42999910,51.05191000
-1.42899910,52.94660000
-1.42799910,52.94660000
-1.42699910,51.05191000
-1.42599910,51.05191000
-1.42499910,51.05191000
-1.42399910,51.05191000
-1.42299910,51.05191000
-1.42199910,52.94660000
-1.42099910,52.94660000
-1.41999910,51.05191000
-1.41899910,51.05191000
-1.41799910,51.05191000
-1.41699910,51.05191000
-1.41599910,51.05191000
-1.41499910,51.05191000
-1.41399910,51.05191000
-1.41299910,49.16338000
-1.41199910,49.16338000
-1.41099911,49.16338000
-1.40999911,49.16338000
-1.40899911,49.16338000
-1.40799911,49.16338000
-1.40699911,49.16338000
-1.40599911,49.16338000
-1.40499911,51.05191000
-1.40399911,51.05191000
-1.40299911,51.05191000
-1.40199911,49.16338000
-1.40099911,49.16338000
-1.39999911,49.16338000
-1.39899911,49.16338000
-1.39799911,49.16338000
-1.39699911,49.16338000
-1.39599911,51.05191000
-1.39499911,51.05191000
-1.39399911,51.05191000
-1.39299911,51.05191000
-1.39199911,49.16338000
-1.39099911,49.16338000
-1.38999911,49.16338000
-1.38899911,49.16338000
-1.38799911,49.16338000
-1.38699911,49.16338000
-1.38599911,51.05191000
-1.38499911,51.05191000
-1.38399911,51.05191000
-1.38299911,51.05191000
-1.38199911,51.05191000
-1.38099911,49.16338000
-1.37999911,49.16338000
-1.37899911,49.16338000
-1.37799911,49.16338000
-1.37699911,49.16338000
-1.37599911,51.05191000
-1.37499911,51.05191000
-1.37399911,51.05191000
-1.37299911,51.05191000
-1.37199911,51.05191000
-1.37099911,51.05191000
-1.36999911,49.16338000
-1.36899911,49.16338000
-1.36799911,51.05191000
-1.36699911,51.05191000
-1.36599911,51.05191000
-1.36499911,51.05191000
-1.36399911,51.05191000
-1.36299911,51.05191000
-1.36199911,49.16338000
-1.36099911,49.16338000
-1.35999911,49.16338000
-1.35899911,49.16338000
-1.35799911,49.16338000
-1.35699911,51.05191000
-1.35599911,51.05191000
-1.35499911,51.05191000
-1.35399911,49.16338000
-1.35299911,51.05191000
-1.35199911,49.16338000
-1.35099911,49.16338000
-1.34999911,49.16338000
-1.34899911,51.05191000
-1.34799911,51.05191000
-1.34699911,51.05191000
-1.34599911,49.16338000
-1.34499911,51.05191000
-1.34399911,49.16338000
-1.34299911,49.16338000
-1.34199911,49.16338000
-1.34099911,49.16338000
-1.33999911,49.16338000
-1.33899911,49.16338000
-1.33799911,49.16338000
-1.33699911,51.05191000
-1.33599911,49.16338000
-1.33499911,49.16338000
-1.33399911,49.16338000
-1.33299911,49.16338000
-1.33199911,49.16338000
-1.33099911,51.05191000
-1.32999911,51.05191000
-1.32899911,51.05191000
-1.32799911,51.05191000
-1.32699911,51.05191000
-1.32599911,51.05191000
-1.32499911,49.16338000
-1.32399911,49.16338000
-1.32299911,49.16338000
-1.32199911,49.16338000
-1.32099911,49.16338000
-1.31999911,49.16338000
-1.31899911,49.16338000
-1.31799911,49.16338000
-1.31699911,51.05191000
-1.31599911,49.16338000
-1.31499911,49.16338000
-1.31399911,49.16338000
-1.31299911,49.16338000
-1.31199911,49.16338000
-1.31099911,47.27485000
-1.30999911,49.16338000
-1.30899911,49.16338000
-1.30799911,49.16338000
-1.30699911,49.16338000
-1.30599911,49.16338000
-1.30499911,49.16338000
-1.30399911,49.16338000
-1.30299911,49.16338000
-1.30199911,47.27485000
-1.30099911,47.27485000
-1.29999911,47.27485000
-1.29899911,47.27485000
-1.29799911,47.27485000
-1.29699911,47.27485000
-1.29599911,47.27485000
-1.29499911,47.27485000
-1.29399911,47.27485000
-1.29299911,47.27485000
-1.29199911,47.27485000
-1.29099911,47.27485000
-1.28999911,47.27485000
-1.28899911,45.38017000
-1.28799911,45.38017000
-1.28699911,45.38017000
-1.28599911,45.38017000
-1.28499911,47.27485000
-1.28399911,47.27485000
-1.28299911,47.27485000
-1.28199911,47.27485000
-1.28099911,47.27485000
-1.27999911,45.38017000
-1.27899911,45.38017000
-1.27799911,45.38017000
-1.27699911,45.38017000
-1.27599911,45.38017000
-1.27499911,47.27485000
-1.27399911,47.27485000
-1.27299911,47.27485000
-1.27199911,47.27485000
-1.27099911,47.27485000
-1.26999911,47.27485000
-1.26899911,47.27485000
-1.26799911,45.38017000
-1.26699911,45.38017000
-1.26599911,45.38017000
-1.26499911,47.27485000
-1.26399911,49.16338000
-1.26299911,49.16338000
-1.26199911,49.16338000
-1.26099911,49.16338000
-1.25999911,49.16338000
-1.25899911,49.16338000
-1.25799911,49.16338000
-1.25699911,49.16338000
-1.25599911,49.16338000
-1.25499911,49.16338000
-1.25399911,49.16338000
-1.25299911,51.05191000
-1.25199911,51.05191000
-1.25099911,49.16338000
-1.24999911,49.16338000
-1.24899911,49.16338000
-1.24799911,49.16338000
-1.24699911,49.16338000
-1.24599911,49.16338000
-1.24499911,49.16338000
-1.24399911,49.16338000
-1.24299911,49.16338000
-1.24199911,49.16338000
-1.24099911,51.05191000
-1.23999911,49.16338000
-1.23899911,49.16338000
-1.23799911,49.16338000
-1.23699911,49.16338000
-1.23599911,49.16338000
-1.23499911,49.16338000
-1.23399911,49.16338000
-1.23299911,49.16338000
-1.23199911,49.16338000
-1.23099911,49.16338000
-1.22999911,49.16338000
-1.22899911,49.16338000
-1.22799911,47.27485000
-1.22699911,47.27485000
-1.22599911,47.27485000
-1.22499911,47.27485000
-1.22399911,45.38017000
-1.22299911,45.38017000
-1.22199911,47.27485000
-1.22099911,47.27485000
-1.21999911,49.16338000
-1.21899911,49.16338000
-1.21799911,47.27485000
-1.21699911,47.27485000
-1.21599911,47.27485000
-1.21499911,45.38017000
-1.21399911,45.38017000
-1.21299911,45.38017000
-1.21199911,47.27485000
-1.21099911,47.27485000
-1.20999911,49.16338000
-1.20899911,49.16338000
-1.20799911,49.16338000
-1.20699911,49.16338000
-1.20599911,47.27485000
-1.20499911,47.27485000
-1.20399911,47.27485000
-1.20299911,47.27485000
-1.20199911,47.27485000
-1.20099911,49.16338000
-1.19999911,49.16338000
-1.19899911,51.05191000
-1.19799911,51.05191000
-1.19699911,51.05191000
-1.19599911,49.16338000
-1.19499911,49.16338000
-1.19399911,49.16338000
-1.19299911,49.16338000
-1.19199911,49.16338000
-1.19099911,51.05191000
-1.18999911,51.05191000
-1.18899911,51.05191000
-1.18799911,51.05191000
-1.18699911,51.05191000
-1.18599911,51.05191000
-1.18499911,51.05191000
-1.18399911,51.05191000
-1.18299911,51.05191000
-1.18199911,51.05191000
-1.18099911,51.05191000
-1.17999911,51.05191000
-1.17899911,51.05191000
-1.17799911,51.05191000
-1.17699911,51.05191000
-1.17599911,51.05191000
-1.17499911,51.05191000
-1.17399911,51.05191000
-1.17299911,51.05191000
-1.17199911,51.05191000
-1.17099911,51.05191000
-1.16999911,51.05191000
-1.16899911,51.05191000
-1.16799911,51.05191000
-1.16699911,51.05191000
-1.16599911,51.05191000
-1.16499911,51.05191000
-1.16399911,51.05191000
-1.16299911,52.94660000
-1.16199911,52.94660000
-1.16099911,52.94660000
-1.15999911,51.05191000
-1.15899911,51.05191000
-1.15799911,51.05191000
-1.15699911,51.05191000
-1.15599911,51.05191000
-1.15499911,52.94660000
-1.15399911,52.94660000
-1.15299911,54.83513000
-1.15199911,52.94660000
-1.15099911,52.94660000
-1.14999911,51.05191000
-1.14899911,51.05191000
-1.14799911,51.05191000
-1.14699911,51.05191000
-1.14599911,52.94660000
-1.14499911,54.83513000
-1.14399911,54.83513000
-1.14299911,54.83513000
-1.14199911,54.83513000
-1.14099911,54.83513000
-1.13999911,52.94660000
-1.13899911,54.83513000
-1.13799911,52.94660000
-1.13699911,54.83513000
-1.13599911,54.83513000
-1.13499911,54.83513000
-1.13399911,54.83513000
-1.13299911,54.83513000
-1.13199911,52.94660000
-1.13099911,52.94660000
-1.12999911,52.94660000
-1.12899911,52.94660000
-1.12799911,52.94660000
-1.12699911,52.94660000
-1.12599911,52.94660000
-1.12499911,52.94660000
-1.12399911,52.94660000
-1.12299911,52.94660000
-1.12199911,52.94660000
-1.12099911,52.94660000
-1.11999911,52.94660000
-1.11899911,52.94660000
-1.11799911,52.94660000
-1.11699911,52.94660000
-1.11599911,52.94660000
-1.11499911,52.94660000
-1.11399911,52.94660000
-1.11299911,51.05191000
-1.11199911,51.05191000
-1.11099911,51.05191000
-1.10999911,51.05191000
-1.10899911,51.05191000
-1.10799911,52.94660000
-1.10699911,52.94660000
-1.10599911,52.94660000
-1.10499911,52.94660000
-1.10399911,51.05191000
-1.10299911,49.16338000
-1.10199911,49.16338000
-1.10099911,49.16338000
-1.09999911,49.16338000
-1.09899911,51.05191000
-1.09799911,52.94660000
-1.09699911,52.94660000
-1.09599911,52.94660000
-1.09499911,51.05191000
-1.09399911,51.05191000
-1.09299911,49.16338000
-1.09199911,49.16338000
-1.09099911,49.16338000
-1.08999911,51.05191000
-1.08899911,52.94660000
-1.08799911,52.94660000
-1.08699911,54.83513000
-1.08599911,52.94660000
-1.08499911,52.94660000
-1.08399911,51.05191000
-1.08299911,51.05191000
-1.08199911,49.16338000
-1.08099911,51.05191000
-1.07999911,51.05191000
-1.07899911,52.94660000
-1.07799911,52.94660000
-1.07699911,52.94660000
-1.07599911,52.94660000
-1.07499911,52.94660000
-1.07399911,51.05191000
-1.07299911,51.05191000
-1.07199911,49.16338000
-1.07099911,51.05191000
-1.06999911,52.94660000
-1.06899911,52.94660000
-1.06799911,52.94660000
-1.06699911,52.94660000
-1.06599911,52.94660000
-1.06499911,52.94660000
-1.06399911,52.94660000
-1.06299911,51.05191000
-1.06199911,51.05191000
-1.06099911,51.05191000
-1.05999911,52.94660000
-1.05899911,52.94660000
-1.05799911,52.94660000
-1.05699912,52.94660000
-1.05599912,51.05191000
-1.05499912,51.05191000
-1.05399912,51.05191000
-1.05299912,51.05191000
-1.05199912,52.94660000
-1.05099912,52.94660000
-1.04999912,52.94660000
-1.04899912,52.94660000
-1.04799912,52.94660000
-1.04699912,51.05191000
-1.04599912,51.05191000
-1.04499912,51.05191000
-1.04399912,51.05191000
-1.04299912,51.05191000
-1.04199912,51.05191000
-1.04099912,52.94660000
-1.03999912,51.05191000
-1.03899912,51.05191000
-1.03799912,51.05191000
-1.03699912,51.05191000
-1.03599912,49.16338000
-1.03499912,49.16338000
-1.03399912,49.16338000
-1.03299912,51.05191000
-1.03199912,51.05191000
-1.03099912,51.05191000
-1.02999912,51.05191000
-1.02899912,51.05191000
-1.02799912,49.16338000
-1.02699912,49.16338000
-1.02599912,49.16338000
-1.02499912,51.05191000
-1.02399912,51.05191000
-1.02299912,51.05191000
-1.02199912,51.05191000
-1.02099912,51.05191000
-1.01999912,51.05191000
-1.01899912,51.05191000
-1.01799912,49.16338000
-1.01699912,49.16338000
-1.01599912,49.16338000
-1.01499912,49.16338000
-1.01399912,51.05191000
-1.01299912,51.05191000
-1.01199912,52.94660000
-1.01099912,52.94660000
-1.00999912,51.05191000
-1.00899912,51.05191000
-1.00799912,49.16338000
-1.00699912,49.16338000
-1.00599912,49.16338000
-1.00499912,51.05191000
-1.00399912,51.05191000
-1.00299912,52.94660000
-1.00199912,52.94660000
-1.00099912,52.94660000
-0.99999912,51.05191000
-0.99899912,51.05191000
-0.99799912,51.05191000
-0.99699912,51.05191000
-0.99599912,52.94660000
-0.99499912,52.94660000
-0.99399912,52.94660000
-0.99299912,52.94660000
-0.99199912,52.94660000
-0.99099912,52.94660000
-0.98999912,52.94660000
-0.98899912,51.05191000
-0.98799912,51.05191000
-0.98699912,51.05191000
-0.98599912,51.05191000
-0.98499912,52.94660000
-0.98399912,51.05191000
-0.98299912,51.05191000
-0.98199912,51.05191000
-0.98099912,51.05191000
-0.97999912,51.05191000
-0.97899912,51.05191000
-0.97799912,51.05191000
-0.97699912,52.94660000
-0.97599912,52.94660000
-0.97499912,52.94660000
-0.97399912,52.94660000
-0.97299912,51.05191000
-0.97199912,51.05191000
-0.97099912,49.16338000
-0.96999912,49.16338000
-0.96899912,51.05191000
-0.96799912,51.05191000
-0.96699912,51.05191000
-0.96599912,52.94660000
-0.96499912,52.94660000
-0.96399912,51.05191000
-0.96299912,49.16338000
-0.96199912,49.16338000
-0.96099912,49.16338000
-0.95999912,49.16338000
-0.95899912,49.16338000
-0.95799912,51.05191000
-0.95699912,51.05191000
-0.95599912,51.05191000
-0.95499912,52.94660000
-0.95399912,51.05191000
-0.95299912,51.05191000
-0.95199912,49.16338000
-0.95099912,49.16338000
-0.94999912,49.16338000
-0.94899912,49.16338000
-0.94799912,51.05191000
-0.94699912,51.05191000
-0.94599912,51.05191000
-0.94499912,51.05191000
-0.94399912,51.05191000
-0.94299912,51.05191000
-0.94199912,49.16338000
-0.94099912,49.16338000
-0.93999912,49.16338000
-0.93899912,49.16338000
-0.93799912,51.05191000
-0.93699912,51.05191000
-0.93599912,51.05191000
-0.93499912,51.05191000
-0.93399912,51.05191000
-0.93299912,51.05191000
-0.93199912,51.05191000
-0.93099912,51.05191000
-0.92999912,51.05191000
-0.92899912,51.05191000
-0.92799912,51.05191000
-0.92699912,51.05191000
-0.92599912,51.05191000
-0.92499912,51.05191000
-0.92399912,51.05191000
-0.92299912,51.05191000
-0.92199912,51.05191000
-0.92099912,52.94660000
-0.91999912,52.94660000
-0.91899912,52.94660000
-0.91799912,52.94660000
-0.91699912,52.94660000
-0.91599912,52.94660000
-0.91499912,52.94660000
-0.91399912,52.94660000
-0.91299912,54.83513000
-0.91199912,54.83513000
-0.91099912,54.83513000
-0.90999912,54.83513000
-0.90899912,54.83513000
-0.90799912,54.83513000
-0.90699912,54.83513000
-0.90599912,54.83513000
-0.90499912,56.72982000
-0.90399912,56.72982000
-0.90299912,56.72982000
-0.90199912,56.72982000
-0.90099912,56.72982000
-0.89999912,56.72982000
-0.89899912,56.72982000
-0.89799912,54.83513000
-0.89699912,56.72982000
-0.89599912,54.83513000
-0.89499912,54.83513000
-0.89399912,56.72982000
-0.89299912,56.72982000
-0.89199912,54.83513000
-0.89099912,54.83513000
-0.88999912,54.83513000
-0.88899912,54.83513000
-0.88799912,54.83513000
-0.88699912,52.94660000
-0.88599912,52.94660000
-0.88499912,52.94660000
-0.88399912,52.94660000
-0.88299912,52.94660000
-0.88199912,52.94660000
-0.88099912,52.94660000
-0.87999912,52.94660000
-0.87899912,52.94660000
-0.87799912,52.94660000
-0.87699912,52.94660000
-0.87599912,52.94660000
-0.87499912,51.05191000
-0.87399912,51.05191000
-0.87299912,51.05191000
-0.87199912,51.05191000
-0.87099912,51.05191000
-0.86999912,51.05191000
-0.86899912,51.05191000
-0.86799912,51.05191000
-0.86699912,51.05191000
-0.86599912,51.05191000
-0.86499912,52.94660000
-0.86399912,51.05191000
-0.86299912,51.05191000
-0.86199912,51.05191000
-0.86099912,49.16338000
-0.85999912,51.05191000
-0.85899912,51.05191000
-0.85799912,51.05191000
-0.85699912,52.94660000
-0.85599912,52.94660000
-0.85499912,52.94660000
-0.85399912,52.94660000
-0.85299912,52.94660000
-0.85199912,52.94660000
-0.85099912,52.94660000
-0.84999912,52.94660000
-0.84899912,52.94660000
-0.84799912,52.94660000
-0.84699912,52.94660000
-0.84599912,54.83513000
-0.84499912,54.83513000
-0.84399912,54.83513000
-0.84299912,54.83513000
-0.84199912,52.94660000
-0.84099912,52.94660000
-0.83999912,52.94660000
-0.83899912,52.94660000
-0.83799912,52.94660000
-0.83699912,52.94660000
-0.83599912,52.94660000
-0.83499912,54.83513000
-0.83399912,52.94660000
-0.83299912,52.94660000
-0.83199912,52.94660000
-0.83099912,52.94660000
-0.82999912,52.94660000
-0.82899912,52.94660000
-0.82799912,52.94660000
-0.82699912,52.94660000
-0.82599912,52.94660000
-0.82499912,52.94660000
-0.82399912,52.94660000
-0.82299912,52.94660000
-0.82199912,52.94660000
-0.82099912,52.94660000
-0.81999912,52.94660000
-0.81899912,52.94660000
-0.81799912,51.05191000
-0.81699912,51.05191000
-0.81599912,49.16338000
-0.81499912,49.16338000
-0.81399912,49.16338000
-0.81299912,49.16338000
-0.81199912,49.16338000
-0.81099912,49.16338000
-0.80999912,49.16338000
-0.80899912,49.16338000
-0.80799912,47.27485000
-0.80699912,47.27485000
-0.80599912,47.27485000
-0.80499912,47.27485000
-0.80399912,47.27485000
-0.80299912,47.27485000
-0.80199912,47.27485000
-0.80099912,47.27485000
-0.79999912,47.27485000
-0.79899912,47.27485000
-0.79799912,47.27485000
-0.79699912,47.27485000
-0.79599912,47.27485000
-0.79499912,47.27485000
-0.79399912,47.27485000
-0.79299912,47.27485000
-0.79199912,47.27485000
-0.79099912,47.27485000
-0.78999912,49.16338000
-0.78899912,49.16338000
-0.78799912,49.16338000
-0.78699912,49.16338000
-0.78599912,49.16338000
-0.78499912,49.16338000
-0.78399912,51.05191000
-0.78299912,51.05191000
-0.78199912,51.05191000
-0.78099912,51.05191000
-0.77999912,51.05191000
-0.77899912,51.05191000
-0.77799912,49.16338000
-0.77699912,51.05191000
-0.77599912,51.05191000
-0.77499912,51.05191000
-0.77399912,52.94660000
-0.77299912,52.94660000
-0.77199912,52.94660000
-0.77099912,52.94660000
-0.76999912,52.94660000
-0.76899912,52.94660000
-0.76799912,51.05191000
-0.76699912,51.05191000
-0.76599912,51.05191000
-0.76499912,51.05191000
-0.76399912,52.94660000
-0.76299912,52.94660000
-0.76199912,54.83513000
-0.76099912,54.83513000
-0.75999912,52.94660000
-0.75899912,51.05191000
-0.75799912,51.05191000
-0.75699912,51.05191000
-0.75599912,51.05191000
-0.75499912,51.05191000
-0.75399912,51.05191000
-0.75299912,52.94660000
-0.75199912,51.05191000
-0.75099912,51.05191000
-0.74999912,51.05191000
-0.74899912,51.05191000
-0.74799912,49.16338000
-0.74699912,49.16338000
-0.74599912,49.16338000
-0.74499912,49.16338000
-0.74399912,51.05191000
-0.74299912,51.05191000
-0.74199912,51.05191000
-0.74099912,51.05191000
-0.73999912,49.16338000
-0.73899912,49.16338000
-0.73799912,49.16338000
-0.73699912,49.16338000
-0.73599912,49.16338000
-0.73499912,49.16338000
-0.73399912,49.16338000
-0.73299912,49.16338000
-0.73199912,49.16338000
-0.73099912,49.16338000
-0.72999912,49.16338000
-0.72899912,49.16338000
-0.72799912,49.16338000
-0.72699912,49.16338000
-0.72599912,51.05191000
-0.72499912,51.05191000
-0.72399912,51.05191000
-0.72299912,51.05191000
-0.72199912,49.16338000
-0.72099912,49.16338000
-0.71999912,49.16338000
-0.71899912,49.16338000
-0.71799912,49.16338000
-0.71699912,51.05191000
-0.71599912,51.05191000
-0.71499912,51.05191000
-0.71399912,51.05191000
-0.71299912,51.05191000
-0.71199912,49.16338000
-0.71099912,49.16338000
-0.70999912,49.16338000
-0.70899912,51.05191000
-0.70799912,51.05191000
-0.70699912,51.05191000
-0.70599912,51.05191000
-0.70499912,51.05191000
-0.70399912,51.05191000
-0.70299913,49.16338000
-0.70199913,49.16338000
-0.70099913,49.16338000
-0.69999913,49.16338000
-0.69899913,51.05191000
-0.69799913,51.05191000
-0.69699913,51.05191000
-0.69599913,51.05191000
-0.69499913,51.05191000
-0.69399913,49.16338000
-0.69299913,49.16338000
-0.69199913,49.16338000
-0.69099913,49.16338000
-0.68999913,49.16338000
-0.68899913,51.05191000
-0.68799913,51.05191000
-0.68699913,51.05191000
-0.68599913,51.05191000
-0.68499913,49.16338000
-0.68399913,49.16338000
-0.68299913,47.27485000
-0.68199913,47.27485000
-0.68099913,49.16338000
-0.67999913,49.16338000
-0.67899913,49.16338000
-0.67799913,49.16338000
-0.67699913,49.16338000
-0.67599913,49.16338000
-0.67499913,49.16338000
-0.67399913,47.27485000
-0.67299913,47.27485000
-0.67199913,47.27485000
-0.67099913,49.16338000
-0.66999913,49.16338000
-0.66899913,49.16338000
-0.66799913,49.16338000
-0.66699913,49.16338000
-0.66599913,47.27485000
-0.66499913,47.27485000
-0.66399913,47.27485000
-0.66299913,47.27485000
-0.66199913,47.27485000
-0.66099913,49.16338000
-0.65999913,49.16338000
-0.65899913,49.16338000
-0.65799913,49.16338000
-0.65699913,49.16338000
-0.65599913,47.27485000
-0.65499913,47.27485000
-0.65399913,49.16338000
-0.65299913,49.16338000
-0.65199913,49.16338000
-0.65099913,49.16338000
-0.64999913,49.16338000
-0.64899913,51.05191000
-0.64799913,49.16338000
-0.64699913,49.16338000
-0.64599913,49.16338000
-0.64499913,49.16338000
-0.64399913,47.27485000
-0.64299913,49.16338000
-0.64199913,49.16338000
-0.64099913,51.05191000
-0.63999913,51.05191000
-0.63899913,51.05191000
-0.63799913,49.16338000
-0.63699913,49.16338000
-0.63599913,49.16338000
-0.63499913,49.16338000
-0.63399913,49.16338000
-0.63299913,49.16338000
-0.63199913,49.16338000
-0.63099913,51.05191000
-0.62999913,51.05191000
-0.62899913,51.05191000
-0.62799913,49.16338000
-0.62699913,49.16338000
-0.62599913,47.27485000
-0.62499913,49.16338000
-0.62399913,49.16338000
-0.62299913,49.16338000
-0.62199913,49.16338000
-0.62099913,49.16338000
-0.61999913,51.05191000
-0.61899913,51.05191000
-0.61799913,49.16338000
-0.61699913,49.16338000
-0.61599913,49.16338000
-0.61499913,49.16338000
-0.61399913,49.16338000
-0.61299913,49.16338000
-0.61199913,49.16338000
-0.61099913,49.16338000
-0.60999913,49.16338000
-0.60899913,49.16338000
-0.60799913,49.16338000
-0.60699913,49.16338000
-0.60599913,49.16338000
-0.60499913,49.16338000
-0.60399913,49.16338000
-0.60299913,49.16338000
-0.60199913,49.16338000
-0.60099913,49.16338000
-0.59999913,49.16338000
-0.59899913,49.16338000
-0.59799913,49.16338000
-0.59699913,51.05191000
-0.59599913,51.05191000
-0.59499913,51.05191000
-0.59399913,51.05191000
-0.59299913,51.05191000
-0.59199913,49.16338000
-0.59099913,49.16338000
-0.58999913,49.16338000
-0.58899913,49.16338000
-0.58799913,49.16338000
-0.58699913,51.05191000
-0.58599913,51.05191000
-0.58499913,51.05191000
-0.58399913,51.05191000
-0.58299913,51.05191000
-0.58199913,49.16338000
-0.58099913,49.16338000
-0.57999913,49.16338000
-0.57899913,49.16338000
-0.57799913,49.16338000
-0.57699913,51.05191000
-0.57599913,51.05191000
-0.57499913,52.94660000
-0.57399913,52.94660000
-0.57299913,51.05191000
-0.57199913,51.05191000
-0.57099913,49.16338000
-0.56999913,49.16338000
-0.56899913,49.16338000
-0.56799913,49.16338000
-0.56699913,51.05191000
-0.56599913,51.05191000
-0.56499913,51.05191000
-0.56399913,51.05191000
-0.56299913,51.05191000
-0.56199913,51.05191000
-0.56099913,51.05191000
-0.55999913,51.05191000
-0.55899913,49.16338000
-0.55799913,49.16338000
-0.55699913,51.05191000
-0.55599913,51.05191000
-0.55499913,51.05191000
-0.55399913,51.05191000
-0.55299913,51.05191000
-0.55199913,51.05191000
-0.55099913,51.05191000
-0.54999913,51.05191000
-0.54899913,51.05191000
-0.54799913,51.05191000
-0.54699913,51.05191000
-0.54599913,51.05191000
-0.54499913,51.05191000
-0.54399913,51.05191000
-0.54299913,51.05191000
-0.54199913,51.05191000
-0.54099913,51.05191000
-0.53999913,51.05191000
-0.53899913,51.05191000
-0.53799913,51.05191000
-0.53699913,51.05191000
-0.53599913,49.16338000
-0.53499913,49.16338000
-0.53399913,49.16338000
-0.53299913,51.05191000
-0.53199913,51.05191000
-0.53099913,51.05191000
-0.52999913,51.05191000
-0.52899913,52.94660000
-0.52799913,52.94660000
-0.52699913,51.05191000
-0.52599913,51.05191000
-0.52499913,49.16338000
-0.52399913,49.16338000
-0.52299913,49.16338000
-0.52199913,51.05191000
-0.52099913,51.05191000
-0.51999913,51.05191000
-0.51899913,51.05191000
-0.51799913,51.05191000
-0.51699913,51.05191000
-0.51599913,51.05191000
-0.51499913,49.16338000
-0.51399913,49.16338000
-0.51299913,49.16338000
-0.51199913,51.05191000
-0.51099913,51.05191000
-0.50999913,51.05191000
-0.50899913,51.05191000
-0.50799913,51.05191000
-0.50699913,51.05191000
-0.50599913,51.05191000
-0.50499913,51.05191000
-0.50399913,51.05191000
-0.50299913,51.05191000
-0.50199913,51.05191000
-0.50099913,51.05191000
-0.49999913,51.05191000
-0.49899913,51.05191000
-0.49799913,51.05191000
-0.49699913,51.05191000
-0.49599913,51.05191000
-0.49499913,51.05191000
-0.49399913,51.05191000
-0.49299913,51.05191000
-0.49199913,51.05191000
-0.49099913,51.05191000
-0.48999913,49.16338000
-0.48899913,51.05191000
-0.48799913,51.05191000
-0.48699913,51.05191000
-0.48599913,52.94660000
-0.48499913,52.94660000
-0.48399913,52.94660000
-0.48299913,52.94660000
-0.48199913,51.05191000
-0.48099913,51.05191000
-0.47999913,49.16338000
-0.47899913,49.16338000
-0.47799913,49.16338000
-0.47699913,51.05191000
-0.47599913,52.94660000
-0.47499913,52.94660000
-0.47399913,52.94660000
-0.47299913,54.83513000
-0.47199913,52.94660000
-0.47099913,51.05191000
-0.46999913,51.05191000
-0.46899913,49.16338000
-0.46799913,49.16338000
-0.46699913,51.05191000
-0.46599913,52.94660000
-0.46499913,52.94660000
-0.46399913,52.94660000
-0.46299913,54.83513000
-0.46199913,52.94660000
-0.46099913,52.94660000
-0.45999913,51.05191000
-0.45899913,51.05191000
-0.45799913,49.16338000
-0.45699913,51.05191000
-0.45599913,51.05191000
-0.45499913,52.94660000
-0.45399913,52.94660000
-0.45299913,52.94660000
-0.45199913,52.94660000
-0.45099913,52.94660000
-0.44999913,51.05191000
-0.44899913,51.05191000
-0.44799913,51.05191000
-0.44699913,51.05191000
-0.44599913,51.05191000
-0.44499913,51.05191000
-0.44399913,51.05191000
-0.44299913,51.05191000
-0.44199913,51.05191000
-0.44099913,51.05191000
-0.43999913,51.05191000
-0.43899913,51.05191000
-0.43799913,51.05191000
-0.43699913,52.94660000
-0.43599913,51.05191000
-0.43499913,51.05191000
-0.43399913,51.05191000
-0.43299913,52.94660000
-0.43199913,51.05191000
-0.43099913,51.05191000
-0.42999913,51.05191000
-0.42899913,51.05191000
-0.42799913,52.94660000
-0.42699913,52.94660000
-0.42599913,51.05191000
-0.42499913,51.05191000
-0.42399913,51.05191000
-0.42299913,51.05191000
-0.42199913,51.05191000
-0.42099913,51.05191000
-0.41999913,51.05191000
-0.41899913,52.94660000
-0.41799913,52.94660000
-0.41699913,52.94660000
-0.41599913,52.94660000
-0.41499913,52.94660000
-0.41399913,51.05191000
-0.41299913,51.05191000
-0.41199913,51.05191000
-0.41099913,52.94660000
-0.40999913,52.94660000
-0.40899913,54.83513000
-0.40799913,54.83513000
-0.40699913,54.83513000
-0.40599913,52.94660000
-0.40499913,52.94660000
-0.40399913,52.94660000
-0.40299913,51.05191000
-0.40199913,51.05191000
-0.40099913,52.94660000
-0.39999913,52.94660000
-0.39899913,54.83513000
-0.39799913,54.83513000
-0.39699913,54.83513000
-0.39599913,52.94660000
-0.39499913,52.94660000
-0.39399913,52.94660000
-0.39299913,52.94660000
-0.39199913,52.94660000
-0.39099913,52.94660000
-0.38999913,52.94660000
-0.38899913,52.94660000
-0.38799913,52.94660000
-0.38699913,52.94660000
-0.38599913,52.94660000
-0.38499913,52.94660000
-0.38399913,51.05191000
-0.38299913,52.94660000
-0.38199913,52.94660000
-0.38099913,52.94660000
-0.37999913,52.94660000
-0.37899913,52.94660000
-0.37799913,51.05191000
-0.37699913,52.94660000
-0.37599913,51.05191000
-0.37499913,51.05191000
-0.37399913,52.94660000
-0.37299913,52.94660000
-0.37199913,52.94660000
-0.37099913,52.94660000
-0.36999913,52.94660000
-0.36899913,52.94660000
-0.36799913,51.05191000
-0.36699913,51.05191000
-0.36599913,51.05191000
-0.36499913,51.05191000
-0.36399913,51.05191000
-0.36299913,52.94660000
-0.36199913,52.94660000
-0.36099913,52.94660000
-0.35999913,52.94660000
-0.35899913,52.94660000
-0.35799913,51.05191000
-0.35699913,51.05191000
-0.35599913,51.05191000
-0.35499913,52.94660000
-0.35399913,52.94660000
-0.35299913,54.83513000
-0.35199913,54.83513000
-0.35099913,54.83513000
-0.34999914,54.83513000
-0.34899914,54.83513000
-0.34799914,52.94660000
-0.34699914,52.94660000
-0.34599914,52.94660000
-0.34499914,54.83513000
-0.34399914,54.83513000
-0.34299914,56.72982000
-0.34199914,56.72982000
-0.34099914,56.72982000
-0.33999914,54.83513000
-0.33899914,52.94660000
-0.33799914,52.94660000
-0.33699914,52.94660000
-0.33599914,52.94660000
-0.33499914,52.94660000
-0.33399914,54.83513000
-0.33299914,54.83513000
-0.33199914,56.72982000
-0.33099914,56.72982000
-0.32999914,54.83513000
-0.32899914,54.83513000
-0.32799914,54.83513000
-0.32699914,52.94660000
-0.32599914,54.83513000
-0.32499914,54.83513000
-0.32399914,54.83513000
-0.32299914,54.83513000
-0.32199914,54.83513000
-0.32099914,54.83513000
-0.31999914,54.83513000
-0.31899914,54.83513000
-0.31799914,52.94660000
-0.31699914,52.94660000
-0.31599914,52.94660000
-0.31499914,54.83513000
-0.31399914,52.94660000
-0.31299914,52.94660000
-0.31199914,52.94660000
-0.31099914,52.94660000
-0.30999914,52.94660000
-0.30899914,52.94660000
-0.30799914,52.94660000
-0.30699914,52.94660000
-0.30599914,52.94660000
-0.30499914,54.83513000
-0.30399914,54.83513000
-0.30299914,52.94660000
-0.30199914,52.94660000
-0.30099914,52.94660000
-0.29999914,52.94660000
-0.29899914,52.94660000
-0.29799914,52.94660000
-0.29699914,54.83513000
-0.29599914,54.83513000
-0.29499914,52.94660000
-0.29399914,52.94660000
-0.29299914,54.83513000
-0.29199914,54.83513000
-0.29099914,52.94660000
-0.28999914,52.94660000
-0.28899914,54.83513000
-0.28799914,54.83513000
-0.28699914,54.83513000
-0.28599914,54.83513000
-0.28499914,54.83513000
-0.28399914,52.94660000
-0.28299914,54.83513000
-0.28199914,54.83513000
-0.28099914,54.83513000
-0.27999914,54.83513000
-0.27899914,54.83513000
-0.27799914,56.72982000
-0.27699914,56.72982000
-0.27599914,54.83513000
-0.27499914,54.83513000
-0.27399914,54.83513000
-0.27299914,54.83513000
-0.27199914,52.94660000
-0.27099914,54.83513000
-0.26999914,54.83513000
-0.26899914,56.72982000
-0.26799914,56.72982000
-0.26699914,56.72982000
-0.26599914,56.72982000
-0.26499914,56.72982000
-0.26399914,54.83513000
-0.26299914,54.83513000
-0.26199914,54.83513000
-0.26099914,54.83513000
-0.25999914,54.83513000
-0.25899914,56.72982000
-0.25799914,56.72982000
-0.25699914,56.72982000
-0.25599914,56.72982000
-0.25499914,56.72982000
-0.25399914,56.72982000
-0.25299914,54.83513000
-0.25199914,54.83513000
-0.25099914,54.83513000
-0.24999914,54.83513000
-0.24899914,56.72982000
-0.24799914,56.72982000
-0.24699914,54.83513000
-0.24599914,54.83513000
-0.24499914,54.83513000
-0.24399914,54.83513000
-0.24299914,56.72982000
-0.24199914,54.83513000
-0.24099914,56.72982000
-0.23999914,54.83513000
-0.23899914,54.83513000
-0.23799914,54.83513000
-0.23699914,54.83513000
-0.23599914,54.83513000
-0.23499914,54.83513000
-0.23399914,54.83513000
-0.23299914,56.72982000
-0.23199914,56.72982000
-0.23099914,54.83513000
-0.22999914,54.83513000
-0.22899914,54.83513000
-0.22799914,54.83513000
-0.22699914,54.83513000
-0.22599914,54.83513000
-0.22499914,54.83513000
-0.22399914,54.83513000
-0.22299914,54.83513000
-0.22199914,54.83513000
-0.22099914,54.83513000
-0.21999914,54.83513000
-0.21899914,54.83513000
-0.21799914,54.83513000
-0.21699914,54.83513000
-0.21599914,54.83513000
-0.21499914,54.83513000
-0.21399914,56.72982000
-0.21299914,56.72982000
-0.21199914,56.72982000
-0.21099914,56.72982000
-0.20999914,54.83513000
-0.20899914,54.83513000
-0.20799914,54.83513000
-0.20699914,54.83513000
-0.20599914,54.83513000
-0.20499914,54.83513000
-0.20399914,56.72982000
-0.20299914,56.72982000
-0.20199914,56.72982000
-0.20099914,56.72982000
-0.19999914,56.72982000
-0.19899914,56.72982000
-0.19799914,56.72982000
-0.19699914,56.72982000
-0.19599914,56.72982000
-0.19499914,56.72982000
-0.19399914,56.72982000
-0.19299914,56.72982000
-0.19199914,56.72982000
-0.19099914,56.72982000
-0.18999914,56.72982000
-0.18899914,56.72982000
-0.18799914,54.83513000
-0.18699914,56.72982000
-0.18599914,56.72982000
-0.18499914,56.72982000
-0.18399914,56.72982000
-0.18299914,56.72982000
-0.18199914,56.72982000
-0.18099914,56.72982000
-0.17999914,56.72982000
-0.17899914,56.72982000
-0.17799914,56.72982000
-0.17699914,56.72982000
-0.17599914,56.72982000
-0.17499914,56.72982000
-0.17399914,56.72982000
-0.17299914,56.72982000
-0.17199914,56.72982000
-0.17099914,56.72982000
-0.16999914,56.72982000
-0.16899914,56.72982000
-0.16799914,56.72982000
-0.16699914,56.72982000
-0.16599914,56.72982000
-0.16499914,56.72982000
-0.16399914,54.83513000
-0.16299914,54.83513000
-0.16199914,54.83513000
-0.16099914,56.72982000
-0.15999914,56.72982000
-0.15899914,56.72982000
-0.15799914,56.72982000
-0.15699914,56.72982000
-0.15599914,56.72982000
-0.15499914,56.72982000
-0.15399914,54.83513000
-0.15299914,54.83513000
-0.15199914,54.83513000
-0.15099914,56.72982000
-0.14999914,56.72982000
-0.14899914,56.72982000
-0.14799914,56.72982000
-0.14699914,56.72982000
-0.14599914,56.72982000
-0.14499914,56.72982000
-0.14399914,56.72982000
-0.14299914,56.72982000
-0.14199914,56.72982000
-0.14099914,56.72982000
-0.13999914,56.72982000
-0.13899914,56.72982000
-0.13799914,56.72982000
-0.13699914,56.72982000
-0.13599914,56.72982000
-0.13499914,56.72982000
-0.13399914,56.72982000
-0.13299914,56.72982000
-0.13199914,56.72982000
-0.13099914,56.72982000
-0.12999914,56.72982000
-0.12899914,56.72982000
-0.12799914,56.72982000
-0.12699914,56.72982000
-0.12599914,54.83513000
-0.12499914,56.72982000
-0.12399914,56.72982000
-0.12299914,56.72982000
-0.12199914,56.72982000
-0.12099914,56.72982000
-0.11999914,56.72982000
-0.11899914,56.72982000
-0.11799914,56.72982000
-0.11699914,54.83513000
-0.11599914,54.83513000
-0.11499914,56.72982000
-0.11399914,56.72982000
-0.11299914,56.72982000
-0.11199914,56.72982000
-0.11099914,56.72982000
-0.10999914,56.72982000
-0.10899914,56.72982000
-0.10799914,54.83513000
-0.10699914,54.83513000
-0.10599914,54.83513000
-0.10499914,54.83513000
-0.10399914,56.72982000
-0.10299914,56.72982000
-0.10199914,56.72982000
-0.10099914,56.72982000
-0.09999914,56.72982000
-0.09899914,56.72982000
-0.09799914,54.83513000
-0.09699914,54.83513000
-0.09599914,54.83513000
-0.09499914,54.83513000
-0.09399914,56.72982000
-0.09299914,56.72982000
-0.09199914,56.72982000
-0.09099914,56.72982000
-0.08999914,56.72982000
-0.08899914,56.72982000
-0.08799914,54.83513000
-0.08699914,54.83513000
-0.08599914,54.83513000
-0.08499914,54.83513000
-0.08399914,56.72982000
-0.08299914,56.72982000
-0.08199914,56.72982000
-0.08099914,56.72982000
-0.07999914,54.83513000
-0.07899914,54.83513000
-0.07799914,54.83513000
-0.07699914,54.83513000
-0.07599914,56.72982000
-0.07499914,56.72982000
-0.07399914,56.72982000
-0.07299914,56.72982000
-0.07199914,56.72982000
-0.07099914,54.83513000
-0.06999914,54.83513000
-0.06899914,54.83513000
-0.06799914,54.83513000
-0.06699914,56.72982000
-0.06599914,56.72982000
-0.06499914,56.72982000
-0.06399914,56.72982000
-0.06299914,56.72982000
-0.06199914,56.72982000
-0.06099914,56.72982000
-0.05999914,54.83513000
-0.05899914,54.83513000
-0.05799914,54.83513000
-0.05699914,56.72982000
-0.05599914,56.72982000
-0.05499914,56.72982000
-0.05399914,56.72982000
-0.05299914,56.72982000
-0.05199914,56.72982000
-0.05099914,56.72982000
-0.04999914,54.83513000
-0.04899914,56.72982000
-0.04799914,56.72982000
-0.04699914,56.72982000
-0.04599914,58.61835000
-0.04499914,58.61835000
-0.04399914,56.72982000
-0.04299914,56.72982000
-0.04199914,56.72982000
-0.04099914,56.72982000
-0.03999914,56.72982000
-0.03899914,56.72982000
-0.03799914,56.72982000
-0.03699914,58.61835000
-0.03599914,58.61835000
-0.03499914,58.61835000
-0.03399914,58.61835000
-0.03299914,58.61835000
-0.03199914,56.72982000
-0.03099914,56.72982000
-0.02999914,58.61835000
-0.02899914,58.61835000
-0.02799914,58.61835000
-0.02699914,60.51304000
-0.02599914,60.51304000
-0.02499914,60.51304000
-0.02399914,60.51304000
-0.02299914,58.61835000
-0.02199914,58.61835000
-0.02099914,60.51304000
-0.01999914,60.51304000
-0.01899914,60.51304000
-0.01799914,62.40157000
-0.01699914,62.40157000
-0.01599914,62.40157000
-0.01499914,62.40157000
-0.01399914,62.40157000
-0.01299914,62.40157000
-0.01199914,62.40157000
-0.01099914,62.40157000
-0.00999914,62.40157000
-0.00899914,64.29010000
-0.00799914,64.29010000
-0.00699914,66.18479000
-0.00599914,66.18479000
-0.00499914,66.18479000
-0.00399914,66.18479000
-0.00299914,66.18479000
-0.00199914,66.18479000
-0.00099914,66.18479000
0.00000086,68.07332000
0.00100086,68.07332000
0.00200086,68.07332000
0.00300086,68.07332000
0.00400085,68.07332000
0.00500085,68.07332000
0.00600085,68.07332000
0.00700085,68.07332000
0.00800085,68.07332000
0.00900085,68.07332000
0.01000085,68.07332000
0.01100085,68.07332000
0.01200085,68.07332000
0.01300085,68.07332000
0.01400085,68.07332000
0.01500085,68.07332000
0.01600085,68.07332000
0.01700085,68.07332000
0.01800085,68.07332000
0.01900085,68.07332000
0.02000085,68.07332000
0.02100085,66.18479000
0.02200085,66.18479000
0.02300085,66.18479000
0.02400085,64.29010000
0.02500085,62.40157000
0.02600085,62.40157000
0.02700085,62.40157000
0.02800085,62.40157000
0.02900085,62.40157000
0.03000085,62.40157000
0.03100085,60.51304000
0.03200085,58.61835000
0.03300085,58.61835000
0.03400085,56.72982000
0.03500085,56.72982000
0.03600085,56.72982000
0.03700085,56.72982000
0.03800085,56.72982000
0.03900085,56.72982000
0.04000085,54.83513000
0.04100085,52.94660000
0.04200085,52.94660000
0.04300085,52.94660000
0.04400085,51.05191000
0.04500085,51.05191000
0.04600085,51.05191000
0.04700085,52.94660000
0.04800085,52.94660000
0.04900085,52.94660000
0.05000085,52.94660000
0.05100085,51.05191000
0.05200085,51.05191000
0.05300085,49.16338000
0.05400085,49.16338000
0.05500085,51.05191000
0.05600085,51.05191000
0.05700085,52.94660000
0.05800085,52.94660000
0.05900085,52.94660000
0.06000085,52.94660000
0.06100085,52.94660000
0.06200085,52.94660000
0.06300085,52.94660000
0.06400085,52.94660000
0.06500085,52.94660000
0.06600085,52.94660000
0.06700085,54.83513000
0.06800085,54.83513000
0.06900085,54.83513000
0.07000085,54.83513000
0.07100085,54.83513000
0.07200085,54.83513000
0.07300085,52.94660000
0.07400085,52.94660000
0.07500085,54.83513000
0.07600085,54.83513000
0.07700085,54.83513000
0.07800085,54.83513000
0.07900085,54.83513000
0.08000085,54.83513000
0.08100085,54.83513000
0.08200085,54.83513000
0.08300085,54.83513000
0.08400085,54.83513000
0.08500085,54.83513000
0.08600085,54.83513000
0.08700085,54.83513000
0.08800085,52.94660000
0.08900085,52.94660000
0.09000085,52.94660000
0.09100085,52.94660000
0.09200085,52.94660000
0.09300085,52.94660000
0.09400085,52.94660000
0.09500085,52.94660000
0.09600085,52.94660000
0.09700085,52.94660000
0.09800085,51.05191000
0.09900085,51.05191000
0.10000085,51.05191000
0.10100085,51.05191000
0.10200085,52.94660000
0.10300085,52.94660000
0.10400085,52.94660000
0.10500085,51.05191000
0.10600085,51.05191000
0.10700085,51.05191000
0.10800085,51.05191000
0.10900085,51.05191000
0.11000085,51.05191000
0.11100085,51.05191000
0.11200085,51.05191000
0.11300085,51.05191000
0.11400085,52.94660000
0.11500085,52.94660000
0.11600085,51.05191000
0.11700085,51.05191000
0.11800085,51.05191000
0.11900085,52.94660000
0.12000085,52.94660000
0.12100085,52.94660000
0.12200085,52.94660000
0.12300085,52.94660000
0.12400085,52.94660000
0.12500085,52.94660000
0.12600085,52.94660000
0.12700085,54.83513000
0.12800085,54.83513000
0.12900085,54.83513000
0.13000085,54.83513000
0.13100085,54.83513000
0.13200085,52.94660000
0.13300085,52.94660000
0.13400085,52.94660000
0.13500085,54.83513000
0.13600085,54.83513000
0.13700085,56.72982000
0.13800085,56.72982000
0.13900085,56.72982000
0.14000085,56.72982000
0.14100085,54.83513000
0.14200085,54.83513000
0.14300085,56.72982000
0.14400085,54.83513000
0.14500085,54.83513000
0.14600085,56.72982000
0.14700085,56.72982000
0.14800085,58.61835000
0.14900085,58.61835000
0.15000085,58.61835000
0.15100085,56.72982000
0.15200085,56.72982000
0.15300085,56.72982000
0.15400085,56.72982000
0.15500085,56.72982000
0.15600085,56.72982000
0.15700085,58.61835000
0.15800085,58.61835000
0.15900085,60.51304000
0.16000085,58.61835000
0.16100085,58.61835000
0.16200085,58.61835000
0.16300085,58.61835000
0.16400085,58.61835000
0.16500085,58.61835000
0.16600085,58.61835000
0.16700085,60.51304000
0.16800085,60.51304000
0.16900085,60.51304000
0.17000085,60.51304000
0.17100085,58.61835000
0.17200085,58.61835000
0.17300085,58.61835000
0.17400085,58.61835000
0.17500085,58.61835000
0.17600085,58.61835000
0.17700085,58.61835000
0.17800085,60.51304000
0.17900085,60.51304000
0.18000085,60.51304000
0.18100085,60.51304000
0.18200085,58.61835000
0.18300085,60.51304000
0.18400085,60.51304000
0.18500085,58.61835000
0.18600085,58.61835000
0.18700085,58.61835000
0.18800085,58.61835000
0.18900085,58.61835000
0.19000085,60.51304000
0.19100085,60.51304000
0.19200085,58.61835000
0.19300085,58.61835000
0.19400085,58.61835000
0.19500085,58.61835000
0.19600085,58.61835000
0.19700085,58.61835000
0.19800085,56.72982000
0.19900085,56.72982000
0.20000085,56.72982000
0.20100085,56.72982000
0.20200085,58.61835000
0.20300085,58.61835000
0.20400085,58.61835000
0.20500085,56.72982000
0.20600085,54.83513000
0.20700085,54.83513000
0.20800085,54.83513000
0.20900085,54.83513000
0.21000085,54.83513000
0.21100085,54.83513000
0.21200085,54.83513000
0.21300085,56.72982000
0.21400085,56.72982000
0.21500085,56.72982000
0.21600085,56.72982000
0.21700085,54.83513000
0.21800085,52.94660000
0.21900085,54.83513000
0.22000085,54.83513000
0.22100085,54.83513000
0.22200085,56.72982000
0.22300085,56.72982000
0.22400085,54.83513000
0.22500085,54.83513000
0.22600085,54.83513000
0.22700085,52.94660000
0.22800085,52.94660000
0.22900085,52.94660000
0.23000085,52.94660000
0.23100085,54.83513000
0.23200085,54.83513000
0.23300085,54.83513000
0.23400085,54.83513000
0.23500085,54.83513000
0.23600085,54.83513000
0.23700085,52.94660000
0.23800085,52.94660000
0.23900085,52.94660000
0.24000085,52.94660000
0.24100085,54.83513000
0.24200085,56.72982000
0.24300085,56.72982000
0.24400085,54.83513000
0.24500085,54.83513000
0.24600085,52.94660000
0.24700085,52.94660000
0.24800085,52.94660000
0.24900085,52.94660000
0.25000085,52.94660000
0.25100085,52.94660000
0.25200085,52.94660000
0.25300085,54.83513000
0.25400085,54.83513000
0.25500085,54.83513000
0.25600085,52.94660000
0.25700085,52.94660000
0.25800085,54.83513000
0.25900085,54.83513000
0.26000085,54.83513000
0.26100085,54.83513000
0.26200085,52.94660000
0.26300085,51.05191000
0.26400085,51.05191000
0.26500085,51.05191000
0.26600085,51.05191000
0.26700085,51.05191000
0.26800085,51.05191000
0.26900085,51.05191000
0.27000085,51.05191000
0.27100085,52.94660000
0.27200085,51.05191000
0.27300085,49.16338000
0.27400085,49.16338000
0.27500085,49.16338000
0.27600085,49.16338000
0.27700085,49.16338000
0.27800085,49.16338000
0.27900085,51.05191000
0.28000085,51.05191000
0.28100085,49.16338000
0.28200085,49.16338000
0.28300085,49.16338000
0.28400085,47.27485000
0.28500085,47.27485000
0.28600085,47.27485000
0.28700085,47.27485000
0.28800085,47.27485000
0.28900085,47.27485000
0.29000085,49.16338000
0.29100085,49.16338000
0.29200085,49.16338000
0.29300085,49.16338000
0.29400085,47.27485000
0.29500085,49.16338000
0.29600085,49.16338000
0.29700085,51.05191000
0.29800085,51.05191000
0.29900085,51.05191000
0.30000085,49.16338000
0.30100085,49.16338000
0.30200085,49.16338000
0.30300085,51.05191000
0.30400085,51.05191000
0.30500085,52.94660000
0.30600085,52.94660000
0.30700085,52.94660000
0.30800085,54.83513000
0.30900085,54.83513000
0.31000085,54.83513000
0.31100085,54.83513000
0.31200085,52.94660000
0.31300085,52.94660000
0.31400085,54.83513000
0.31500085,54.83513000
0.31600085,56.72982000
0.31700085,56.72982000
0.31800085,56.72982000
0.31900085,56.72982000
0.32000085,56.72982000
0.32100085,54.83513000
0.32200085,54.83513000
0.32300085,56.72982000
0.32400085,56.72982000
0.32500085,58.61835000
0.32600085,58.61835000
0.32700085,58.61835000
0.32800085,58.61835000
0.32900085,58.61835000
0.33000085,56.72982000
0.33100085,56.72982000
0.33200085,56.72982000
0.33300085,56.72982000
0.33400085,56.72982000
0.33500085,58.61835000
0.33600085,58.61835000
0.33700085,58.61835000
0.33800085,56.72982000
0.33900085,56.72982000
0.34000085,54.83513000
0.34100085,52.94660000
0.34200085,52.94660000
0.34300085,54.83513000
0.34400085,54.83513000
0.34500085,56.72982000
0.34600085,56.72982000
0.34700085,56.72982000
0.34800085,54.83513000
0.34900085,54.83513000
0.35000085,52.94660000
0.35100085,52.94660000
0.35200085,52.94660000
0.35300085,52.94660000
0.35400085,54.83513000
0.35500085,54.83513000
0.35600085,54.83513000
0.35700084,54.83513000
0.35800084,52.94660000
0.35900084,52.94660000
0.36000084,52.94660000
0.36100084,51.05191000
0.36200084,51.05191000
0.36300084,52.94660000
0.36400084,52.94660000
0.36500084,54.83513000
0.36600084,54.83513000
0.36700084,52.94660000
0.36800084,52.94660000
0.36900084,52.94660000
0.37000084,52.94660000
0.37100084,52.94660000
0.37200084,52.94660000
0.37300084,52.94660000
0.37400084,52.94660000
0.37500084,52.94660000
0.37600084,52.94660000
0.37700084,52.94660000
0.37800084,52.94660000
0.37900084,52.94660000
0.38000084,52.94660000
0.38100084,52.94660000
0.38200084,52.94660000
0.38300084,52.94660000
0.38400084,52.94660000
0.38500084,52.94660000
0.38600084,52.94660000
0.38700084,52.94660000
0.38800084,52.94660000
0.38900084,54.83513000
0.39000084,54.83513000
0.39100084,54.83513000
0.39200084,52.94660000
0.39300084,52.94660000
0.39400084,52.94660000
0.39500084,52.94660000
0.39600084,52.94660000
0.39700084,52.94660000
0.39800084,52.94660000
0.39900084,54.83513000
0.40000084,56.72982000
0.40100084,56.72982000
0.40200084,56.72982000
0.40300084,56.72982000
0.40400084,54.83513000
0.40500084,54.83513000
0.40600084,52.94660000
0.40700084,54.83513000
0.40800084,54.83513000
0.40900084,54.83513000
0.41000084,56.72982000
0.41100084,58.61835000
0.41200084,58.61835000
0.41300084,58.61835000
0.41400084,56.72982000
0.41500084,56.72982000
0.41600084,54.83513000
0.41700084,54.83513000
0.41800084,54.83513000
0.41900084,54.83513000
0.42000084,54.83513000
0.42100084,56.72982000
0.42200084,56.72982000
0.42300084,56.72982000
0.42400084,56.72982000
0.42500084,54.83513000
0.42600084,54.83513000
0.42700084,54.83513000
0.42800084,54.83513000
0.42900084,54.83513000
0.43000084,54.83513000
0.43100084,54.83513000
0.43200084,52.94660000
0.43300084,54.83513000
0.43400084,54.83513000
0.43500084,54.83513000
0.43600084,54.83513000
0.43700084,54.83513000
0.43800084,54.83513000
0.43900084,54.83513000
0.44000084,52.94660000
0.44100084,52.94660000
0.44200084,52.94660000
0.44300084,52.94660000
0.44400084,52.94660000
0.44500084,54.83513000
0.44600084,54.83513000
0.44700084,54.83513000
0.44800084,54.83513000
0.44900084,54.83513000
0.45000084,52.94660000
0.45100084,52.94660000
0.45200084,52.94660000
0.45300084,52.94660000
0.45400084,52.94660000
0.45500084,54.83513000
0.45600084,54.83513000
0.45700084,52.94660000
0.45800084,54.83513000
0.45900084,54.83513000
0.46000084,54.83513000
0.46100084,54.83513000
0.46200084,54.83513000
0.46300084,54.83513000
0.46400084,54.83513000
0.46500084,54.83513000
0.46600084,54.83513000
0.46700084,54.83513000
0.46800084,54.83513000
0.46900084,54.83513000
0.47000084,54.83513000
0.47100084,54.83513000
0.47200084,54.83513000
0.47300084,54.83513000
0.47400084,56.72982000
0.47500084,56.72982000
0.47600084,56.72982000
0.47700084,56.72982000
0.47800084,56.72982000
0.47900084,56.72982000
0.48000084,56.72982000
0.48100084,56.72982000
0.48200084,56.72982000
0.48300084,56.72982000
0.48400084,56.72982000
0.48500084,56.72982000
0.48600084,56.72982000
0.48700084,56.72982000
0.48800084,56.72982000
0.48900084,56.72982000
0.49000084,56.72982000
0.49100084,54.83513000
0.49200084,54.83513000
0.49300084,56.72982000
0.49400084,56.72982000
0.49500084,56.72982000
0.49600084,56.72982000
0.49700084,56.72982000
0.49800084,56.72982000
0.49900084,56.72982000
0.50000084,56.72982000
0.50100084,54.83513000
0.50200084,54.83513000
0.50300084,54.83513000
0.50400084,54.83513000
0.50500084,54.83513000
0.50600084,54.83513000
0.50700084,54.83513000
0.50800084,54.83513000
0.50900084,54.83513000
0.51000084,54.83513000
0.51100084,56.72982000
0.51200084,54.83513000
0.51300084,54.83513000
0.51400084,54.83513000
0.51500084,52.94660000
0.51600084,52.94660000
0.51700084,52.94660000
0.51800084,52.94660000
0.51900084,52.94660000
0.52000084,54.83513000
0.52100084,54.83513000
0.52200084,54.83513000
0.52300084,54.83513000
0.52400084,52.94660000
0.52500084,51.05191000
0.52600084,51.05191000
0.52700084,51.05191000
0.52800084,51.05191000
0.52900084,51.05191000
0.53000084,52.94660000
0.53100084,52.94660000
0.53200084,52.94660000
0.53300084,52.94660000
0.53400084,51.05191000
0.53500084,51.05191000
0.53600084,51.05191000
0.53700084,51.05191000
0.53800084,51.05191000
0.53900084,51.05191000
0.54000084,52.94660000
0.54100084,52.94660000
0.54200084,52.94660000
0.54300084,52.94660000
0.54400084,51.05191000
0.54500084,51.05191000
0.54600084,51.05191000
0.54700084,51.05191000
0.54800084,51.05191000
0.54900084,51.05191000
0.55000084,51.05191000
0.55100084,51.05191000
0.55200084,51.05191000
0.55300084,51.05191000
0.55400084,51.05191000
0.55500084,51.05191000
0.55600084,51.05191000
0.55700084,51.05191000
0.55800084,51.05191000
0.55900084,51.05191000
0.56000084,51.05191000
0.56100084,51.05191000
0.56200084,51.05191000
0.56300084,51.05191000
0.56400084,51.05191000
0.56500084,51.05191000
0.56600084,51.05191000
0.56700084,51.05191000
0.56800084,49.16338000
0.56900084,49.16338000
0.57000084,49.16338000
0.57100084,49.16338000
0.57200084,49.16338000
0.57300084,49.16338000
0.57400084,49.16338000
0.57500084,51.05191000
0.57600084,51.05191000
0.57700084,51.05191000
0.57800084,49.16338000
0.57900084,49.16338000
0.58000084,49.16338000
0.58100084,47.27485000
0.58200084,47.27485000
0.58300084,47.27485000
0.58400084,49.16338000
0.58500084,49.16338000
0.58600084,49.16338000
0.58700084,49.16338000
0.58800084,49.16338000
0.58900084,49.16338000
0.59000084,47.27485000
0.59100084,47.27485000
0.59200084,47.27485000
0.59300084,47.27485000
0.59400084,47.27485000
0.59500084,49.16338000
0.59600084,49.16338000
0.59700084,49.16338000
0.59800084,51.05191000
0.59900084,51.05191000
0.60000084,51.05191000
0.60100084,51.05191000
0.60200084,49.16338000
0.60300084,49.16338000
0.60400084,49.16338000
0.60500084,49.16338000
0.60600084,49.16338000
0.60700084,51.05191000
0.60800084,51.05191000
0.60900084,51.05191000
0.61000084,51.05191000
0.61100084,51.05191000
0.61200084,51.05191000
0.61300084,51.05191000
0.61400084,51.05191000
0.61500084,51.05191000
0.61600084,49.16338000
0.61700084,49.16338000
0.61800084,49.16338000
0.61900084,49.16338000
0.62000084,49.16338000
0.62100084,49.16338000
0.62200084,49.16338000
0.62300084,51.05191000
0.62400084,51.05191000
0.62500084,51.05191000
0.62600084,51.05191000
0.62700084,51.05191000
0.62800084,51.05191000
0.62900084,49.16338000
0.63000084,49.16338000
0.63100084,49.16338000
0.63200084,51.05191000
0.63300084,51.05191000
0.63400084,51.05191000
0.63500084,51.05191000
0.63600084,51.05191000
0.63700084,51.05191000
0.63800084,51.05191000
0.63900084,51.05191000
0.64000084,51.05191000
0.64100084,51.05191000
0.64200084,51.05191000
0.64300084,51.05191000
0.64400084,49.16338000
0.64500084,49.16338000
0.64600084,49.16338000
0.64700084,51.05191000
0.64800084,51.05191000
0.64900084,52.94660000
0.65000084,52.94660000
0.65100084,52.94660000
0.65200084,54.83513000
0.65300084,54.83513000
0.65400084,52.94660000
0.65500084,52.94660000
0.65600084,51.05191000
0.65700084,51.05191000
0.65800084,52.94660000
0.65900084,52.94660000
0.66000084,54.83513000
0.66100084,54.83513000
0.66200084,56.72982000
0.66300084,56.72982000
0.66400084,56.72982000
0.66500084,54.83513000
0.66600084,54.83513000
0.66700084,52.94660000
0.66800084,52.94660000
0.66900084,52.94660000
0.67000084,54.83513000
0.67100084,54.83513000
0.67200084,56.72982000
0.67300084,56.72982000
0.67400084,56.72982000
0.67500084,56.72982000
0.67600084,54.83513000
0.67700084,52.94660000
0.67800084,52.94660000
0.67900084,52.94660000
0.68000084,52.94660000
0.68100084,52.94660000
0.68200084,51.05191000
0.68300084,52.94660000
0.68400084,52.94660000
0.68500084,52.94660000
0.68600084,52.94660000
0.68700084,52.94660000
0.68800084,52.94660000
0.68900084,52.94660000
0.69000084,51.05191000
0.69100084,51.05191000
0.69200084,49.16338000
0.69300084,49.16338000
0.69400084,49.16338000
0.69500084,49.16338000
0.69600084,49.16338000
0.69700084,49.16338000
0.69800084,51.05191000
0.69900084,51.05191000
0.70000084,49.16338000
0.70100084,49.16338000
0.70200084,47.27485000
0.70300084,47.27485000
0.70400084,45.38017000
0.70500084,45.38017000
0.70600084,47.27485000
0.70700084,47.27485000
0.70800084,49.16338000
0.70900084,49.16338000
0.71000084,49.16338000
0.71100083,49.16338000
0.71200083,49.16338000
0.71300083,47.27485000
0.71400083,47.27485000
0.71500083,47.27485000
0.71600083,47.27485000
0.71700083,47.27485000
0.71800083,49.16338000
0.71900083,49.16338000
0.72000083,49.16338000
0.72100083,49.16338000
0.72200083,49.16338000
0.72300083,49.16338000
0.72400083,49.16338000
0.72500083,49.16338000
0.72600083,47.27485000
0.72700083,49.16338000
0.72800083,49.16338000
0.72900083,49.16338000
0.73000083,49.16338000
0.73100083,49.16338000
0.73200083,47.27485000
0.73300083,49.16338000
0.73400083,49.16338000
0.73500083,49.16338000
0.73600083,49.16338000
0.73700083,47.27485000
0.73800083,47.27485000
0.73900083,47.27485000
0.74000083,45.38017000
0.74100083,45.38017000
0.74200083,47.27485000
0.74300083,49.16338000
0.74400083,49.16338000
0.74500083,51.05191000
0.74600083,51.05191000
0.74700083,49.16338000
0.74800083,47.27485000
0.74900083,45.38017000
0.75000083,43.49163000
0.75100083,43.49163000
0.75200083,43.49163000
0.75300083,45.38017000
0.75400083,45.38017000
0.75500083,47.27485000
0.75600083,47.27485000
0.75700083,45.38017000
0.75800083,45.38017000
0.75900083,45.38017000
0.76000083,45.38017000
0.76100083,43.49163000
0.76200083,43.49163000
0.76300083,41.59695000
0.76400083,41.59695000
0.76500083,41.59695000
0.76600083,41.59695000
0.76700083,43.49163000
0.76800083,43.49163000
0.76900083,45.38017000
0.77000083,45.38017000
0.77100083,45.38017000
0.77200083,45.38017000
0.77300083,43.49163000
0.77400083,43.49163000
0.77500083,41.59695000
0.77600083,41.59695000
0.77700083,39.70842000
0.77800083,41.59695000
0.77900083,43.49163000
0.78000083,43.49163000
0.78100083,45.38017000
0.78200083,47.27485000
0.78300083,47.27485000
0.78400083,47.27485000
0.78500083,45.38017000
0.78600083,45.38017000
0.78700083,43.49163000
0.78800083,43.49163000
0.78900083,43.49163000
0.79000083,43.49163000
0.79100083,43.49163000
0.79200083,45.38017000
0.79300083,47.27485000
0.79400083,47.27485000
0.79500083,47.27485000
0.79600083,47.27485000
0.79700083,45.38017000
0.79800083,45.38017000
0.79900083,43.49163000
0.80000083,43.49163000
0.80100083,43.49163000
0.80200083,43.49163000
0.80300083,43.49163000
0.80400083,45.38017000
0.80500083,45.38017000
0.80600083,47.27485000
0.80700083,47.27485000
0.80800083,47.27485000
0.80900083,45.38017000
0.81000083,43.49163000
0.81100083,43.49163000
0.81200083,41.59695000
0.81300083,41.59695000
0.81400083,41.59695000
0.81500083,43.49163000
0.81600083,43.49163000
0.81700083,45.38017000
0.81800083,45.38017000
0.81900083,45.38017000
0.82000083,43.49163000
0.82100083,43.49163000
0.82200083,43.49163000
0.82300083,43.49163000
0.82400083,41.59695000
0.82500083,41.59695000
0.82600083,41.59695000
0.82700083,43.49163000
0.82800083,43.49163000
0.82900083,43.49163000
0.83000083,43.49163000
0.83100083,43.49163000
0.83200083,43.49163000
0.83300083,43.49163000
0.83400083,43.49163000
0.83500083,43.49163000
0.83600083,45.38017000
0.83700083,45.38017000
0.83800083,45.38017000
0.83900083,45.38017000
0.84000083,43.49163000
0.84100083,43.49163000
0.84200083,43.49163000
0.84300083,43.49163000
0.84400083,43.49163000
0.84500083,45.38017000
0.84600083,45.38017000
0.84700083,47.27485000
0.84800083,45.38017000
0.84900083,45.38017000
0.85000083,45.38017000
0.85100083,45.38017000
0.85200083,45.38017000
0.85300083,45.38017000
0.85400083,45.38017000
0.85500083,47.27485000
0.85600083,47.27485000
0.85700083,47.27485000
0.85800083,47.27485000
0.85900083,47.27485000
0.86000083,47.27485000
0.86100083,45.38017000
0.86200083,47.27485000
0.86300083,47.27485000
0.86400083,49.16338000
0.86500083,49.16338000
0.86600083,47.27485000
0.86700083,47.27485000
0.86800083,47.27485000
0.86900083,45.38017000
0.87000083,45.38017000
0.87100083,45.38017000
0.87200083,43.49163000
0.87300083,45.38017000
0.87400083,47.27485000
0.87500083,47.27485000
0.87600083,47.27485000
0.87700083,47.27485000
0.87800083,45.38017000
0.87900083,45.38017000
0.88000083,45.38017000
0.88100083,43.49163000
0.88200083,43.49163000
0.88300083,43.49163000
0.88400083,43.49163000
0.88500083,43.49163000
0.88600083,43.49163000
0.88700083,45.38017000
0.88800083,45.38017000
0.88900083,43.49163000
0.89000083,43.49163000
0.89100083,43.49163000
0.89200083,43.49163000
0.89300083,41.59695000
0.89400083,41.59695000
0.89500083,41.59695000
0.89600083,41.59695000
0.89700083,41.59695000
0.89800083,43.49163000
0.89900083,43.49163000
0.90000083,45.38017000
0.90100083,45.38017000
0.90200083,45.38017000
0.90300083,45.38017000
0.90400083,43.49163000
0.90500083,41.59695000
0.90600083,41.59695000
0.90700083,39.70842000
0.90800083,39.70842000
0.90900083,41.59695000
0.91000083,43.49163000
0.91100083,47.27485000
0.91200083,47.27485000
0.91300083,47.27485000
0.91400083,47.27485000
0.91500083,45.38017000
0.91600083,43.49163000
0.91700083,41.59695000
0.91800083,41.59695000
0.91900083,41.59695000
0.92000083,43.49163000
0.92100083,45.38017000
0.92200083,45.38017000
0.92300083,45.38017000
0.92400083,45.38017000
0.92500083,45.38017000
0.92600083,43.49163000
0.92700083,43.49163000
0.92800083,43.49163000
0.92900083,43.49163000
0.93000083,41.59695000
0.93100083,43.49163000
0.93200083,43.49163000
0.93300083,43.49163000
0.93400083,43.49163000
0.93500083,43.49163000
0.93600083,41.59695000
0.93700083,41.59695000
0.93800083,41.59695000
0.93900083,41.59695000
0.94000083,41.59695000
0.94100083,43.49163000
0.94200083,43.49163000
0.94300083,43.49163000
0.94400083,41.59695000
0.94500083,41.59695000
0.94600083,43.49163000
0.94700083,43.49163000
0.94800083,43.49163000
0.94900083,43.49163000
0.95000083,43.49163000
0.95100083,41.59695000
0.95200083,41.59695000
0.95300083,41.59695000
0.95400083,41.59695000
0.95500083,41.59695000
0.95600083,43.49163000
0.95700083,45.38017000
0.95800083,45.38017000
0.95900083,47.27485000
0.96000083,45.38017000
0.96100083,45.38017000
0.96200083,43.49163000
0.96300083,41.59695000
0.96400083,41.59695000
0.96500083,41.59695000
0.96600083,43.49163000
0.96700083,43.49163000
0.96800083,45.38017000
0.96900083,47.27485000
0.97000083,45.38017000
0.97100083,45.38017000
0.97200083,43.49163000
0.97300083,43.49163000
0.97400083,41.59695000
0.97500083,43.49163000
0.97600083,43.49163000
0.97700083,43.49163000
0.97800083,45.38017000
0.97900083,45.38017000
0.98000083,45.38017000
0.98100083,45.38017000
0.98200083,43.49163000
0.98300083,43.49163000
0.98400083,43.49163000
0.98500083,43.49163000
0.98600083,45.38017000
0.98700083,45.38017000
0.98800083,45.38017000
0.98900083,45.38017000
0.99000083,45.38017000
0.99100083,45.38017000
0.99200083,43.49163000
0.99300083,43.49163000
0.99400083,43.49163000
0.99500083,43.49163000
0.99600083,43.49163000
0.99700083,43.49163000
0.99800083,43.49163000
0.99900083,45.38017000
1.00000083,45.38017000
1.00100083,45.38017000
1.00200083,45.38017000
1.00300083,45.38017000
1.00400083,45.38017000
1.00500083,45.38017000
1.00600083,43.49163000
1.00700083,45.38017000
1.00800083,45.38017000
1.00900083,45.38017000
1.01000083,45.38017000
1.01100083,45.38017000
1.01200083,45.38017000
1.01300083,45.38017000
1.01400083,45.38017000
1.01500083,45.38017000
1.01600083,45.38017000
1.01700083,43.49163000
1.01800083,43.49163000
1.01900083,43.49163000
1.02000083,41.59695000
1.02100083,43.49163000
1.02200083,43.49163000
1.02300083,45.38017000
1.02400083,45.38017000
1.02500083,45.38017000
1.02600083,45.38017000
1.02700083,45.38017000
1.02800083,43.49163000
1.02900083,43.49163000
1.03000083,41.59695000
1.03100083,43.49163000
1.03200083,43.49163000
1.03300083,43.49163000
1.03400083,45.38017000
1.03500083,45.38017000
1.03600083,43.49163000
1.03700083,43.49163000
1.03800083,43.49163000
1.03900083,43.49163000
1.04000083,41.59695000
1.04100083,43.49163000
1.04200083,43.49163000
1.04300083,43.49163000
1.04400083,43.49163000
1.04500083,43.49163000
1.04600083,41.59695000
1.04700083,43.49163000
1.04800083,43.49163000
1.04900083,43.49163000
1.05000083,43.49163000
1.05100083,43.49163000
1.05200083,45.38017000
1.05300083,45.38017000
1.05400083,45.38017000
1.05500083,45.38017000
1.05600083,43.49163000
1.05700083,41.59695000
1.05800083,41.59695000
1.05900083,43.49163000
1.06000083,43.49163000
1.06100083,45.38017000
1.06200083,45.38017000
1.06300083,47.27485000
1.06400083,47.27485000
1.06500082,45.38017000
1.06600082,45.38017000
1.06700082,43.49163000
1.06800082,43.49163000
1.06900082,43.49163000
1.07000082,43.49163000
1.07100082,43.49163000
1.07200082,43.49163000
1.07300082,43.49163000
1.07400082,45.38017000
1.07500082,45.38017000
1.07600082,45.38017000
1.07700082,45.38017000
1.07800082,45.38017000
1.07900082,45.38017000
1.08000082,45.38017000
1.08100082,43.49163000
1.08200082,43.49163000
1.08300082,43.49163000
1.08400082,43.49163000
1.08500082,43.49163000
1.08600082,43.49163000
1.08700082,43.49163000
1.08800082,43.49163000
1.08900082,45.38017000
1.09000082,45.38017000
1.09100082,45.38017000
1.09200082,43.49163000
1.09300082,43.49163000
1.09400082,41.59695000
1.09500082,41.59695000
1.09600082,41.59695000
1.09700082,41.59695000
1.09800082,43.49163000
1.09900082,45.38017000
1.10000082,45.38017000
1.10100082,47.27485000
1.10200082,45.38017000
1.10300082,45.38017000
1.10400082,43.49163000
1.10500082,41.59695000
1.10600082,41.59695000
1.10700082,41.59695000
1.10800082,43.49163000
1.10900082,45.38017000
1.11000082,45.38017000
1.11100082,45.38017000
1.11200082,45.38017000
1.11300082,45.38017000
1.11400082,43.49163000
1.11500082,43.49163000
1.11600082,43.49163000
1.11700082,43.49163000
1.11800082,43.49163000
1.11900082,45.38017000
1.12000082,45.38017000
1.12100082,45.38017000
1.12200082,47.27485000
1.12300082,45.38017000
1.12400082,45.38017000
1.12500082,43.49163000
1.12600082,43.49163000
1.12700082,43.49163000
1.12800082,43.49163000
1.12900082,43.49163000
1.13000082,43.49163000
1.13100082,43.49163000
1.13200082,45.38017000
1.13300082,45.38017000
1.13400082,45.38017000
1.13500082,45.38017000
1.13600082,45.38017000
1.13700082,45.38017000
1.13800082,45.38017000
1.13900082,45.38017000
1.14000082,45.38017000
1.14100082,45.38017000
1.14200082,47.27485000
1.14300082,49.16338000
1.14400082,49.16338000
1.14500082,49.16338000
1.14600082,47.27485000
1.14700082,45.38017000
1.14800082,43.49163000
1.14900082,43.49163000
1.15000082,43.49163000
1.15100082,43.49163000
1.15200082,45.38017000
1.15300082,45.38017000
1.15400082,45.38017000
1.15500082,43.49163000
1.15600082,43.49163000
1.15700082,43.49163000
1.15800082,43.49163000
1.15900082,43.49163000
1.16000082,41.59695000
1.16100082,41.59695000
1.16200082,43.49163000
1.16300082,43.49163000
1.16400082,43.49163000
1.16500082,43.49163000
1.16600082,43.49163000
1.16700082,45.38017000
1.16800082,43.49163000
1.16900082,43.49163000
1.17000082,43.49163000
1.17100082,43.49163000
1.17200082,45.38017000
1.17300082,43.49163000
1.17400082,43.49163000
1.17500082,43.49163000
1.17600082,43.49163000
1.17700082,43.49163000
1.17800082,43.49163000
1.17900082,45.38017000
1.18000082,45.38017000
1.18100082,45.38017000
1.18200082,45.38017000
1.18300082,45.38017000
1.18400082,45.38017000
1.18500082,45.38017000
1.18600082,43.49163000
1.18700082,43.49163000
1.18800082,43.49163000
1.18900082,43.49163000
1.19000082,43.49163000
1.19100082,43.49163000
1.19200082,43.49163000
1.19300082,43.49163000
1.19400082,43.49163000
1.19500082,43.49163000
1.19600082,43.49163000
1.19700082,43.49163000
1.19800082,45.38017000
1.19900082,45.38017000
1.20000082,45.38017000
1.20100082,45.38017000
1.20200082,45.38017000
1.20300082,45.38017000
1.20400082,45.38017000
1.20500082,45.38017000
1.20600082,45.38017000
1.20700082,45.38017000
1.20800082,45.38017000
1.20900082,45.38017000
1.21000082,45.38017000
1.21100082,47.27485000
1.21200082,45.38017000
1.21300082,43.49163000
1.21400082,43.49163000
1.21500082,43.49163000
1.21600082,45.38017000
1.21700082,45.38017000
1.21800082,47.27485000
1.21900082,47.27485000
1.22000082,47.27485000
1.22100082,47.27485000
1.22200082,47.27485000
1.22300082,47.27485000
1.22400082,47.27485000
1.22500082,47.27485000
1.22600082,47.27485000
1.22700082,47.27485000
1.22800082,47.27485000
1.22900082,47.27485000
1.23000082,47.27485000
1.23100082,47.27485000
1.23200082,45.38017000
1.23300082,45.38017000
1.23400082,43.49163000
1.23500082,43.49163000
1.23600082,43.49163000
1.23700082,43.49163000
1.23800082,43.49163000
1.23900082,45.38017000
1.24000082,43.49163000
1.24100082,43.49163000
1.24200082,43.49163000
1.24300082,45.38017000
1.24400082,47.27485000
1.24500082,47.27485000
1.24600082,47.27485000
1.24700082,47.27485000
1.24800082,47.27485000
1.24900082,45.38017000
1.25000082,45.38017000
1.25100082,45.38017000
1.25200082,45.38017000
1.25300082,45.38017000
1.25400082,45.38017000
1.25500082,45.38017000
1.25600082,45.38017000
1.25700082,43.49163000
1.25800082,43.49163000
1.25900082,43.49163000
1.26000082,43.49163000
1.26100082,43.49163000
1.26200082,45.38017000
1.26300082,45.38017000
1.26400082,45.38017000
1.26500082,47.27485000
1.26600082,47.27485000
1.26700082,45.38017000
1.26800082,45.38017000
1.26900082,45.38017000
1.27000082,45.38017000
1.27100082,45.38017000
1.27200082,45.38017000
1.27300082,47.27485000
1.27400082,47.27485000
1.27500082,47.27485000
1.27600082,45.38017000
1.27700082,45.38017000
1.27800082,43.49163000
1.27900082,43.49163000
1.28000082,41.59695000
1.28100082,41.59695000
1.28200082,41.59695000
1.28300082,43.49163000
1.28400082,45.38017000
1.28500082,45.38017000
1.28600082,45.38017000
1.28700082,45.38017000
1.28800082,45.38017000
1.28900082,45.38017000
1.29000082,45.38017000
1.29100082,45.38017000
1.29200082,47.27485000
1.29300082,47.27485000
1.29400082,49.16338000
1.29500082,49.16338000
1.29600082,49.16338000
1.29700082,47.27485000
1.29800082,45.38017000
1.29900082,45.38017000
1.30000082,47.27485000
1.30100082,47.27485000
1.30200082,45.38017000
1.30300082,45.38017000
1.30400082,45.38017000
1.30500082,45.38017000
1.30600082,45.38017000
1.30700082,45.38017000
1.30800082,43.49163000
1.30900082,45.38017000
1.31000082,45.38017000
1.31100082,47.27485000
1.31200082,45.38017000
1.31300082,45.38017000
1.31400082,45.38017000
1.31500082,45.38017000
1.31600082,45.38017000
1.31700082,45.38017000
1.31800082,45.38017000
1.31900082,45.38017000
1.32000082,45.38017000
1.32100082,47.27485000
1.32200082,47.27485000
1.32300082,45.38017000
1.32400082,43.49163000
1.32500082,43.49163000
1.32600082,41.59695000
1.32700082,43.49163000
1.32800082,43.49163000
1.32900082,43.49163000
1.33000082,45.38017000
1.33100082,45.38017000
1.33200082,45.38017000
1.33300082,45.38017000
1.33400082,43.49163000
1.33500082,43.49163000
1.33600082,43.49163000
1.33700082,43.49163000
1.33800082,45.38017000
1.33900082,45.38017000
1.34000082,47.27485000
1.34100082,47.27485000
1.34200082,47.27485000
1.34300082,47.27485000
1.34400082,45.38017000
1.34500082,43.49163000
1.34600082,43.49163000
1.34700082,43.49163000
1.34800082,45.38017000
1.34900082,45.38017000
1.35000082,45.38017000
1.35100082,47.27485000
1.35200082,45.38017000
1.35300082,45.38017000
1.35400082,45.38017000
1.35500082,45.38017000
1.35600082,45.38017000
1.35700082,47.27485000
1.35800082,47.27485000
1.35900082,49.16338000
1.36000082,47.27485000
1.36100082,47.27485000
1.36200082,49.16338000
1.36300082,49.16338000
1.36400082,47.27485000
1.36500082,47.27485000
1.36600082,47.27485000
1.36700082,49.16338000
1.36800082,49.16338000
1.36900082,47.27485000
1.37000082,47.27485000
1.37100082,47.27485000
1.37200082,45.38017000
1.37300082,47.27485000
1.37400082,47.27485000
1.37500082,47.27485000
1.37600082,47.27485000
1.37700082,47.27485000
1.37800082,47.27485000
1.37900082,47.27485000
1.38000082,47.27485000
1.38100082,45.38017000
1.38200082,45.38017000
1.38300082,47.27485000
1.38400082,47.27485000
1.38500082,49.16338000
1.38600082,49.16338000
1.38700082,49.16338000
1.38800082,49.16338000
1.38900082,49.16338000
1.39000082,47.27485000
1.39100082,47.27485000
1.39200082,45.38017000
1.39300082,45.38017000
1.39400082,47.27485000
1.39500082,47.27485000
1.39600082,47.27485000
1.39700082,47.27485000
1.39800082,47.27485000
1.39900082,47.27485000
1.40000082,47.27485000
1.40100082,47.27485000
1.40200082,45.38017000
1.40300082,45.38017000
1.40400082,45.38017000
1.40500082,47.27485000
1.40600082,47.27485000
1.40700082,49.16338000
1.40800082,49.16338000
1.40900082,47.27485000
1.41000082,47.27485000
1.41100082,47.27485000
1.41200082,47.27485000
1.41300082,47.27485000
1.41400082,47.27485000
1.41500082,47.27485000
1.41600082,47.27485000
1.41700082,47.27485000
1.41800081,47.27485000
1.41900081,47.27485000
1.42000081,47.27485000
1.42100081,47.27485000
1.42200081,47.27485000
1.42300081,47.27485000
1.42400081,47.27485000
1.42500081,47.27485000
1.42600081,47.27485000
1.42700081,47.27485000
1.42800081,47.27485000
1.42900081,47.27485000
1.43000081,47.27485000
1.43100081,47.27485000
1.43200081,47.27485000
1.43300081,47.27485000
1.43400081,47.27485000
1.43500081,47.27485000
1.43600081,47.27485000
1.43700081,47.27485000
1.43800081,47.27485000
1.43900081,47.27485000
1.44000081,47.27485000
1.44100081,47.27485000
1.44200081,47.27485000
1.44300081,47.27485000
1.44400081,47.27485000
1.44500081,47.27485000
1.44600081,45.38017000
1.44700081,45.38017000
1.44800081,45.38017000
1.44900081,45.38017000
1.45000081,47.27485000
1.45100081,47.27485000
1.45200081,47.27485000
1.45300081,47.27485000
1.45400081,47.27485000
1.45500081,47.27485000
1.45600081,45.38017000
1.45700081,45.38017000
1.45800081,47.27485000
1.45900081,47.27485000
1.46000081,47.27485000
1.46100081,47.27485000
1.46200081,49.16338000
1.46300081,49.16338000
1.46400081,47.27485000
1.46500081,47.27485000
1.46600081,45.38017000
1.46700081,45.38017000
1.46800081,45.38017000
1.46900081,47.27485000
1.47000081,47.27485000
1.47100081,47.27485000
1.47200081,47.27485000
1.47300081,47.27485000
1.47400081,47.27485000
1.47500081,47.27485000
1.47600081,45.38017000
1.47700081,45.38017000
1.47800081,47.27485000
1.47900081,47.27485000
1.48000081,47.27485000
1.48100081,47.27485000
1.48200081,47.27485000
1.48300081,47.27485000
1.48400081,47.27485000
1.48500081,47.27485000
1.48600081,47.27485000
1.48700081,47.27485000
1.48800081,47.27485000
1.48900081,47.27485000
1.49000081,47.27485000
1.49100081,47.27485000
1.49200081,47.27485000
1.49300081,47.27485000
1.49400081,47.27485000
1.49500081,47.27485000
1.49600081,47.27485000
1.49700081,47.27485000
1.49800081,47.27485000
1.49900081,47.27485000
1.50000081,47.27485000
1.50100081,47.27485000
1.50200081,47.27485000
1.50300081,47.27485000
1.50400081,47.27485000
1.50500081,47.27485000
1.50600081,47.27485000
1.50700081,47.27485000
1.50800081,47.27485000
1.50900081,47.27485000
1.51000081,47.27485000
1.51100081,49.16338000
1.51200081,47.27485000
1.51300081,47.27485000
1.51400081,47.27485000
1.51500081,49.16338000
1.51600081,49.16338000
1.51700081,49.16338000
1.51800081,47.27485000
1.51900081,49.16338000
1.52000081,47.27485000
1.52100081,49.16338000
1.52200081,49.16338000
1.52300081,49.16338000
1.52400081,49.16338000
1.52500081,49.16338000
1.52600081,49.16338000
1.52700081,49.16338000
1.52800081,49.16338000
1.52900081,49.16338000
1.53000081,49.16338000
1.53100081,49.16338000
1.53200081,49.16338000
1.53300081,51.05191000
1.53400081,51.05191000
1.53500081,51.05191000
1.53600081,49.16338000
1.53700081,49.16338000
1.53800081,49.16338000
1.53900081,49.16338000
1.54000081,49.16338000
1.54100081,49.16338000
1.54200081,49.16338000
1.54300081,51.05191000
1.54400081,51.05191000
1.54500081,49.16338000
1.54600081,49.16338000
1.54700081,49.16338000
1.54800081,49.16338000
1.54900081,49.16338000
1.55000081,49.16338000
1.55100081,49.16338000
1.55200081,49.16338000
1.55300081,49.16338000
1.55400081,51.05191000
1.55500081,51.05191000
1.55600081,49.16338000
1.55700081,49.16338000
1.55800081,49.16338000
1.55900081,49.16338000
1.56000081,49.16338000
1.56100081,49.16338000
1.56200081,49.16338000
1.56300081,49.16338000
1.56400081,49.16338000
1.56500081,49.16338000
1.56600081,49.16338000
1.56700081,49.16338000
1.56800081,47.27485000
1.56900081,47.27485000
1.57000081,49.16338000
1.57100081,49.16338000
1.57200081,49.16338000
1.57300081,49.16338000
1.57400081,49.16338000
1.57500081,49.16338000
1.57600081,49.16338000
1.57700081,49.16338000
1.57800081,49.16338000
1.57900081,49.16338000
1.58000081,49.16338000
1.58100081,49.16338000
1.58200081,49.16338000
1.58300081,51.05191000
1.58400081,51.05191000
1.58500081,49.16338000
1.58600081,49.16338000
1.58700081,49.16338000
1.58800081,49.16338000
1.58900081,49.16338000
1.59000081,49.16338000
1.59100081,51.05191000
1.59200081,49.16338000
1.59300081,51.05191000
1.59400081,49.16338000
1.59500081,49.16338000
1.59600081,49.16338000
1.59700081,49.16338000
1.59800081,49.16338000
1.59900081,51.05191000
1.60000081,51.05191000
1.60100081,51.05191000
1.60200081,49.16338000
1.60300081,49.16338000
1.60400081,49.16338000
1.60500081,49.16338000
1.60600081,49.16338000
1.60700081,49.16338000
1.60800081,49.16338000
1.60900081,49.16338000
1.61000081,49.16338000
1.61100081,49.16338000
1.61200081,49.16338000
1.61300081,49.16338000
1.61400081,47.27485000
1.61500081,49.16338000
1.61600081,47.27485000
1.61700081,47.27485000
1.61800081,47.27485000
1.61900081,47.27485000
1.62000081,47.27485000
1.62100081,47.27485000
1.62200081,47.27485000
1.62300081,47.27485000
1.62400081,47.27485000
1.62500081,47.27485000
1.62600081,47.27485000
1.62700081,47.27485000
1.62800081,47.27485000
1.62900081,47.27485000
1.63000081,47.27485000
1.63100081,47.27485000
1.63200081,47.27485000
1.63300081,45.38017000
1.63400081,47.27485000
1.63500081,47.27485000
1.63600081,47.27485000
1.63700081,47.27485000
1.63800081,47.27485000
1.63900081,47.27485000
1.64000081,47.27485000
1.64100081,47.27485000
1.64200081,47.27485000
1.64300081,47.27485000
1.64400081,47.27485000
1.64500081,47.27485000
1.64600081,47.27485000
1.64700081,49.16338000
1.64800081,49.16338000
1.64900081,49.16338000
1.65000081,47.27485000
1.65100081,47.27485000
1.65200081,47.27485000
1.65300081,49.16338000
1.65400081,49.16338000
1.65500081,49.16338000
1.65600081,49.16338000
1.65700081,49.16338000
1.65800081,49.16338000
1.65900081,49.16338000
1.66000081,47.27485000
1.66100081,47.27485000
1.66200081,47.27485000
1.66300081,47.27485000
1.66400081,47.27485000
1.66500081,47.27485000
1.66600081,47.27485000
1.66700081,49.16338000
1.66800081,47.27485000
1.66900081,47.27485000
1.67000081,47.27485000
1.67100081,49.16338000
1.67200081,47.27485000
1.67300081,47.27485000
1.67400081,45.38017000
1.67500081,45.38017000
1.67600081,43.49163000
1.67700081,43.49163000
1.67800081,43.49163000
1.67900081,45.38017000
1.68000081,43.49163000
1.68100081,45.38017000
1.68200081,47.27485000
1.68300081,47.27485000
1.68400081,47.27485000
1.68500081,45.38017000
1.68600081,43.49163000
1.68700081,43.49163000
1.68800081,41.59695000
1.68900081,41.59695000
1.69000081,41.59695000
1.69100081,43.49163000
1.69200081,45.38017000
1.69300081,47.27485000
1.69400081,49.16338000
1.69500081,49.16338000
1.69600081,47.27485000
1.69700081,45.38017000
1.69800081,45.38017000
1.69900081,43.49163000
1.70000081,43.49163000
1.70100081,43.49163000
1.70200081,43.49163000
1.70300081,45.38017000
1.70400081,47.27485000
1.70500081,47.27485000
1.70600081,47.27485000
1.70700081,47.27485000
1.70800081,45.38017000
1.70900081,47.27485000
1.71000081,47.27485000
1.71100081,47.27485000
1.71200081,47.27485000
1.71300081,47.27485000
1.71400081,47.27485000
1.71500081,47.27485000
1.71600081,47.27485000
1.71700081,47.27485000
1.71800081,47.27485000
1.71900081,47.27485000
1.72000081,47.27485000
1.72100081,49.16338000
1.72200081,47.27485000
1.72300081,47.27485000
1.72400081,47.27485000
1.72500081,45.38017000
1.72600081,45.38017000
1.72700081,45.38017000
1.72800081,45.38017000
1.72900081,45.38017000
1.73000081,45.38017000
1.73100081,47.27485000
1.73200081,47.27485000
1.73300081,47.27485000
1.73400081,45.38017000
1.73500081,47.27485000
1.73600081,47.27485000
1.73700081,47.27485000
1.73800081,45.38017000
1.73900081,45.38017000
1.74000081,45.38017000
1.74100081,45.38017000
1.74200081,45.38017000
1.74300081,45.38017000
1.74400081,45.38017000
1.74500081,43.49163000
1.74600081,45.38017000
1.74700081,45.38017000
1.74800081,47.27485000
1.74900081,47.27485000
1.75000081,45.38017000
1.75100081,45.38017000
1.75200081,43.49163000
1.75300081,41.59695000
1.75400081,43.49163000
1.75500081,43.49163000
1.75600081,43.49163000
1.75700081,45.38017000
1.75800081,45.38017000
1.75900081,45.38017000
1.76000081,45.38017000
1.76100081,45.38017000
1.76200081,45.38017000
1.76300081,45.38017000
1.76400081,45.38017000
1.76500081,45.38017000
1.76600081,45.38017000
1.76700081,45.38017000
1.76800081,45.38017000
1.76900081,45.38017000
1.77000081,45.38017000
1.77100081,45.38017000
1.77200080,43.49163000
1.77300080,43.49163000
1.77400080,43.49163000
1.77500080,45.38017000
1.77600080,45.38017000
1.77700080,47.27485000
1.77800080,47.27485000
1.77900080,45.38017000
1.78000080,45.38017000
1.78100080,43.49163000
1.78200080,43.49163000
1.78300080,43.49163000
1.78400080,43.49163000
1.78500080,45.38017000
1.78600080,45.38017000
1.78700080,47.27485000
1.78800080,47.27485000
1.78900080,47.27485000
1.79000080,47.27485000
1.79100080,47.27485000
1.79200080,45.38017000
1.79300080,45.38017000
1.79400080,43.49163000
1.79500080,43.49163000
1.79600080,43.49163000
1.79700080,45.38017000
1.79800080,45.38017000
1.79900080,47.27485000
1.80000080,47.27485000
1.80100080,47.27485000
1.80200080,47.27485000
1.80300080,47.27485000
1.80400080,47.27485000
1.80500080,47.27485000
1.80600080,45.38017000
1.80700080,45.38017000
1.80800080,45.38017000
1.80900080,45.38017000
1.81000080,45.38017000
1.81100080,47.27485000
1.81200080,47.27485000
1.81300080,47.27485000
1.81400080,47.27485000
1.81500080,47.27485000
1.81600080,47.27485000
1.81700080,47.27485000
1.81800080,45.38017000
1.81900080,45.38017000
1.82000080,45.38017000
1.82100080,45.38017000
1.82200080,47.27485000
1.82300080,47.27485000
1.82400080,45.38017000
1.82500080,45.38017000
1.82600080,45.38017000
1.82700080,45.38017000
1.82800080,45.38017000
1.82900080,45.38017000
1.83000080,45.38017000
1.83100080,45.38017000
1.83200080,45.38017000
1.83300080,45.38017000
1.83400080,45.38017000
1.83500080,43.49163000
1.83600080,43.49163000
1.83700080,43.49163000
1.83800080,41.59695000
1.83900080,41.59695000
1.84000080,41.59695000
1.84100080,41.59695000
1.84200080,43.49163000
1.84300080,43.49163000
1.84400080,41.59695000
1.84500080,41.59695000
1.84600080,39.70842000
1.84700080,39.70842000
1.84800080,37.81988000
1.84900080,37.81988000
1.85000080,39.70842000
1.85100080,39.70842000
1.85200080,39.70842000
1.85300080,39.70842000
1.85400080,39.70842000
1.85500080,41.59695000
1.85600080,41.59695000
1.85700080,39.70842000
1.85800080,39.70842000
1.85900080,39.70842000
1.86000080,37.81988000
1.86100080,39.70842000
1.86200080,39.70842000
1.86300080,39.70842000
1.86400080,39.70842000
1.86500080,39.70842000
1.86600080,41.59695000
1.86700080,41.59695000
1.86800080,41.59695000
1.86900080,41.59695000
1.87000080,41.59695000
1.87100080,41.59695000
1.87200080,41.59695000
1.87300080,41.59695000
1.87400080,41.59695000
1.87500080,43.49163000
1.87600080,43.49163000
1.87700080,43.49163000
1.87800080,43.49163000
1.87900080,45.38017000
1.88000080,45.38017000
1.88100080,43.49163000
1.88200080,43.49163000
1.88300080,45.38017000
1.88400080,45.38017000
1.88500080,43.49163000
1.88600080,43.49163000
1.88700080,45.38017000
1.88800080,45.38017000
1.88900080,45.38017000
1.89000080,45.38017000
1.89100080,43.49163000
1.89200080,43.49163000
1.89300080,43.49163000
1.89400080,43.49163000
1.89500080,43.49163000
1.89600080,43.49163000
1.89700080,43.49163000
1.89800080,43.49163000
1.89900080,43.49163000
1.90000080,43.49163000
1.90100080,43.49163000
1.90200080,41.59695000
1.90300080,43.49163000
1.90400080,41.59695000
1.90500080,41.59695000
1.90600080,41.59695000
1.90700080,41.59695000
1.90800080,41.59695000
1.90900080,41.59695000
1.91000080,41.59695000
1.91100080,41.59695000
1.91200080,39.70842000
1.91300080,39.70842000
1.91400080,39.70842000
1.91500080,41.59695000
1.91600080,41.59695000
1.91700080,39.70842000
1.91800080,39.70842000
1.91900080,41.59695000
1.92000080,41.59695000
1.92100080,39.70842000
1.92200080,39.70842000
1.92300080,39.70842000
1.92400080,41.59695000
1.92500080,41.59695000
1.92600080,41.59695000
1.92700080,41.59695000
1.92800080,41.59695000
1.92900080,41.59695000
1.93000080,41.59695000
1.93100080,41.59695000
1.93200080,41.59695000
1.93300080,41.59695000
1.93400080,41.59695000
1.93500080,43.49163000
1.93600080,43.49163000
1.93700080,43.49163000
1.93800080,41.59695000
1.93900080,41.59695000
1.94000080,41.59695000
1.94100080,41.59695000
1.94200080,41.59695000
1.94300080,43.49163000
1.94400080,43.49163000
1.94500080,43.49163000
1.94600080,43.49163000
1.94700080,43.49163000
1.94800080,43.49163000
1.94900080,43.49163000
1.95000080,43.49163000
1.95100080,43.49163000
1.95200080,43.49163000
1.95300080,43.49163000
1.95400080,43.49163000
1.95500080,43.49163000
1.95600080,43.49163000
1.95700080,41.59695000
1.95800080,41.59695000
1.95900080,41.59695000
1.96000080,41.59695000
1.96100080,43.49163000
1.96200080,43.49163000
1.96300080,43.49163000
1.96400080,45.38017000
1.96500080,45.38017000
1.96600080,45.38017000
1.96700080,43.49163000
1.96800080,43.49163000
1.96900080,41.59695000
1.97000080,43.49163000
1.97100080,43.49163000
1.97200080,45.38017000
1.97300080,47.27485000
1.97400080,47.27485000
1.97500080,47.27485000
1.97600080,45.38017000
1.97700080,45.38017000
1.97800080,43.49163000
1.97900080,45.38017000
1.98000080,45.38017000
1.98100080,47.27485000
1.98200080,47.27485000
1.98300080,47.27485000
1.98400080,47.27485000
1.98500080,45.38017000
1.98600080,45.38017000
1.98700080,45.38017000
1.98800080,45.38017000
1.98900080,47.27485000
1.99000080,47.27485000
1.99100080,47.27485000
1.99200080,47.27485000
1.99300080,47.27485000
1.99400080,47.27485000
1.99500080,47.27485000
1.99600080,45.38017000
1.99700080,45.38017000
1.99800080,45.38017000
1.99900080,45.38017000
2.00000080,45.38017000
2.00100080,45.38017000
2.00200080,45.38017000
2.00300080,45.38017000
2.00400080,45.38017000
2.00500080,43.49163000
2.00600080,43.49163000
2.00700080,43.49163000
2.00800080,43.49163000
2.00900080,43.49163000
2.01000080,43.49163000
2.01100080,43.49163000
2.01200080,43.49163000
2.01300080,43.49163000
2.01400080,41.59695000
2.01500080,41.59695000
2.01600080,41.59695000
2.01700080,41.59695000
2.01800080,43.49163000
2.01900080,43.49163000
2.02000080,43.49163000
2.02100080,41.59695000
2.02200080,41.59695000
2.02300080,41.59695000
2.02400080,39.70842000
2.02500080,39.70842000
2.02600080,39.70842000
2.02700080,41.59695000
2.02800080,41.59695000
2.02900080,43.49163000
2.03000080,43.49163000
2.03100080,41.59695000
2.03200080,41.59695000
2.03300080,39.70842000
2.03400080,39.70842000
2.03500080,39.70842000
2.03600080,39.70842000
2.03700080,41.59695000
2.03800080,41.59695000
2.03900080,43.49163000
2.04000080,43.49163000
2.04100080,41.59695000
2.04200080,41.59695000
2.04300080,41.59695000
2.04400080,41.59695000
2.04500080,41.59695000
2.04600080,41.59695000
2.04700080,43.49163000
2.04800080,43.49163000
2.04900080,43.49163000
2.05000080,43.49163000
2.05100080,43.49163000
2.05200080,43.49163000
2.05300080,41.59695000
2.05400080,41.59695000
2.05500080,41.59695000
2.05600080,41.59695000
2.05700080,41.59695000
2.05800080,41.59695000
2.05900080,41.59695000
2.06000080,41.59695000
2.06100080,41.59695000
2.06200080,41.59695000
2.06300080,41.59695000
2.06400080,39.70842000
2.06500080,39.70842000
2.06600080,39.70842000
2.06700080,39.70842000
2.06800080,39.70842000
2.06900080,39.70842000
2.07000080,39.70842000
2.07100080,39.70842000
2.07200080,41.59695000
2.07300080,39.70842000
2.07400080,39.70842000
2.07500080,39.70842000
2.07600080,39.70842000
2.07700080,39.70842000
2.07800080,39.70842000
2.07900080,39.70842000
2.08000080,37.81988000
2.08100080,37.81988000
2.08200080,39.70842000
2.08300080,39.70842000
2.08400080,39.70842000
2.08500080,41.59695000
2.08600080,39.70842000
2.08700080,39.70842000
2.08800080,39.70842000
2.08900080,37.81988000
2.09000080,37.81988000
2.09100080,37.81988000
2.09200080,39.70842000
2.09300080,39.70842000
2.09400080,41.59695000
2.09500080,41.59695000
2.09600080,41.59695000
2.09700080,41.59695000
2.09800080,39.70842000
2.09900080,39.70842000
2.10000080,39.70842000
2.10100080,39.70842000
2.10200080,39.70842000
2.10300080,41.59695000
2.10400080,41.59695000
2.10500080,41.59695000
2.10600080,41.59695000
2.10700080,41.59695000
2.10800080,41.59695000
2.10900080,39.70842000
2.11000080,39.70842000
2.11100080,39.70842000
2.11200080,39.70842000
2.11300080,39.70842000
2.11400080,41.59695000
2.11500080,41.59695000
2.11600080,41.59695000
2.11700080,41.59695000
2.11800080,41.59695000
2.11900080,41.59695000
2.12000080,39.70842000
2.12100080,39.70842000
2.12200080,39.70842000
2.12300080,39.70842000
2.12400080,39.70842000
2.12500079,39.70842000
2.12600079,39.70842000
2.12700079,39.70842000
2.12800079,39.70842000
2.12900079,39.70842000
2.13000079,39.70842000
2.13100079,39.70842000
2.13200079,39.70842000
2.13300079,37.81988000
2.13400079,37.81988000
2.13500079,37.81988000
2.13600079,37.81988000
2.13700079,37.81988000
2.13800079,37.81988000
2.13900079,37.81988000
2.14000079,37.81988000
2.14100079,37.81988000
2.14200079,37.81988000
2.14300079,37.81988000
2.14400079,37.81988000
2.14500079,37.81988000
2.14600079,37.81988000
2.14700079,37.81988000
2.14800079,37.81988000
2.14900079,37.81988000
2.15000079,37.81988000
2.15100079,39.70842000
2.15200079,39.70842000
2.15300079,37.81988000
2.15400079,37.81988000
2.15500079,37.81988000
2.15600079,37.81988000
2.15700079,37.81988000
2.15800079,37.81988000
2.15900079,37.81988000
2.16000079,39.70842000
2.16100079,39.70842000
2.16200079,39.70842000
2.16300079,39.70842000
2.16400079,37.81988000
2.16500079,37.81988000
2.16600079,37.81988000
2.16700079,37.81988000
2.16800079,37.81988000
2.16900079,37.81988000
2.17000079,37.81988000
2.17100079,39.70842000
2.17200079,39.70842000
2.17300079,39.70842000
2.17400079,39.70842000
2.17500079,39.70842000
2.17600079,37.81988000
2.17700079,37.81988000
2.17800079,37.81988000
2.17900079,37.81988000
2.18000079,37.81988000
2.18100079,37.81988000
2.18200079,37.81988000
2.18300079,39.70842000
2.18400079,39.70842000
2.18500079,39.70842000
2.18600079,39.70842000
2.18700079,37.81988000
2.18800079,35.92520000
2.18900079,35.92520000
2.19000079,35.92520000
2.19100079,35.92520000
2.19200079,35.92520000
2.19300079,35.92520000
2.19400079,37.81988000
2.19500079,37.81988000
2.19600079,37.81988000
2.19700079,37.81988000
2.19800079,35.92520000
2.19900079,35.92520000
2.20000079,34.03666000
2.20100079,34.03666000
2.20200079,35.92520000
2.20300079,35.92520000
2.20400079,35.92520000
2.20500079,35.92520000
2.20600079,37.81988000
2.20700079,37.81988000
2.20800079,35.92520000
2.20900079,35.92520000
2.21000079,35.92520000
2.21100079,34.03666000
2.21200079,34.03666000
2.21300079,35.92520000
2.21400079,35.92520000
2.21500079,37.81988000
2.21600079,37.81988000
2.21700079,37.81988000
2.21800079,37.81988000
2.21900079,37.81988000
2.22000079,37.81988000
2.22100079,35.92520000
2.22200079,37.81988000
2.22300079,37.81988000
2.22400079,37.81988000
2.22500079,37.81988000
2.22600079,37.81988000
2.22700079,39.70842000
2.22800079,39.70842000
2.22900079,39.70842000
2.23000079,39.70842000
2.23100079,41.59695000
2.23200079,41.59695000
2.23300079,39.70842000
2.23400079,39.70842000
2.23500079,39.70842000
2.23600079,37.81988000
2.23700079,39.70842000
2.23800079,39.70842000
2.23900079,41.59695000
2.24000079,41.59695000
2.24100079,41.59695000
2.24200079,39.70842000
2.24300079,37.81988000
2.24400079,37.81988000
2.24500079,37.81988000
2.24600079,37.81988000
2.24700079,37.81988000
2.24800079,37.81988000
2.24900079,37.81988000
2.25000079,37.81988000
2.25100079,37.81988000
2.25200079,37.81988000
2.25300079,37.81988000
2.25400079,35.92520000
2.25500079,35.92520000
2.25600079,35.92520000
2.25700079,35.92520000
2.25800079,35.92520000
2.25900079,35.92520000
2.26000079,35.92520000
2.26100079,35.92520000
2.26200079,35.92520000
2.26300079,35.92520000
2.26400079,34.03666000
2.26500079,34.03666000
2.26600079,34.03666000
2.26700079,34.03666000
2.26800079,35.92520000
2.26900079,35.92520000
2.27000079,35.92520000
2.27100079,35.92520000
2.27200079,34.03666000
2.27300079,34.03666000
2.27400079,34.03666000
2.27500079,34.03666000
2.27600079,34.03666000
2.27700079,35.92520000
2.27800079,35.92520000
2.27900079,35.92520000
2.28000079,35.92520000
2.28100079,35.92520000
2.28200079,34.03666000
2.28300079,34.03666000
2.28400079,34.03666000
2.28500079,34.03666000
2.28600079,35.92520000
2.28700079,35.92520000
2.28800079,35.92520000
2.28900079,35.92520000
2.29000079,35.92520000
2.29100079,35.92520000
2.29200079,35.92520000
2.29300079,34.03666000
2.29400079,34.03666000
2.29500079,34.03666000
2.29600079,35.92520000
2.29700079,35.92520000
2.29800079,35.92520000
2.29900079,35.92520000
2.30000079,34.03666000
2.30100079,34.03666000
2.30200079,34.03666000
2.30300079,34.03666000
2.30400079,32.14198000
2.30500079,34.03666000
2.30600079,34.03666000
2.30700079,35.92520000
2.30800079,35.92520000
2.30900079,34.03666000
2.31000079,34.03666000
2.31100079,34.03666000
2.31200079,34.03666000
2.31300079,32.14198000
2.31400079,32.14198000
2.31500079,32.14198000
2.31600079,32.14198000
2.31700079,32.14198000
2.31800079,32.14198000
2.31900079,32.14198000
2.32000079,32.14198000
2.32100079,30.25344000
2.32200079,30.25344000
2.32300079,30.25344000
2.32400079,30.25344000
2.32500079,30.25344000
2.32600079,30.25344000
2.32700079,30.25344000
2.32800079,30.25344000
2.32900079,30.25344000
2.33000079,28.36491000
2.33100079,28.36491000
2.33200079,28.36491000
2.33300079,28.36491000
2.33400079,28.36491000
2.33500079,30.25344000
2.33600079,30.25344000
2.33700079,30.25344000
2.33800079,30.25344000
2.33900079,28.36491000
2.34000079,28.36491000
2.34100079,28.36491000
2.34200079,28.36491000
2.34300079,28.36491000
2.34400079,30.25344000
2.34500079,30.25344000
2.34600079,30.25344000
2.34700079,30.25344000
2.34800079,30.25344000
2.34900079,30.25344000
2.35000079,30.25344000
2.35100079,32.14198000
2.35200079,32.14198000
2.35300079,32.14198000
2.35400079,30.25344000
2.35500079,30.25344000
2.35600079,30.25344000
2.35700079,30.25344000
2.35800079,30.25344000
2.35900079,30.25344000
2.36000079,30.25344000
2.36100079,30.25344000
2.36200079,32.14198000
2.36300079,32.14198000
2.36400079,32.14198000
2.36500079,32.14198000
2.36600079,32.14198000
2.36700079,30.25344000
2.36800079,30.25344000
2.36900079,30.25344000
2.37000079,30.25344000
2.37100079,32.14198000
2.37200079,32.14198000
2.37300079,32.14198000
2.37400079,32.14198000
2.37500079,32.14198000
2.37600079,30.25344000
2.37700079,30.25344000
2.37800079,30.25344000
2.37900079,30.25344000
2.38000079,30.25344000
2.38100079,32.14198000
2.38200079,32.14198000
2.38300079,34.03666000
2.38400079,34.03666000
2.38500079,32.14198000
2.38600079,32.14198000
2.38700079,32.14198000
2.38800079,32.14198000
2.38900079,34.03666000
2.39000079,34.03666000
2.39100079,35.92520000
2.39200079,35.92520000
2.39300079,35.92520000
2.39400079,35.92520000
2.39500079,34.03666000
2.39600079,34.03666000
2.39700079,32.14198000
2.39800079,32.14198000
2.39900079,34.03666000
2.40000079,34.03666000
2.40100079,34.03666000
2.40200079,35.92520000
2.40300079,34.03666000
2.40400079,34.03666000
2.40500079,32.14198000
2.40600079,32.14198000
2.40700079,32.14198000
2.40800079,32.14198000
2.40900079,32.14198000
2.41000079,32.14198000
2.41100079,32.14198000
2.41200079,32.14198000
2.41300079,32.14198000
2.41400079,32.14198000
2.41500079,32.14198000
2.41600079,30.25344000
2.41700079,30.25344000
2.41800079,30.25344000
2.41900079,30.25344000
2.42000079,30.25344000
2.42100079,30.25344000
2.42200079,30.25344000
2.42300079,30.25344000
2.42400079,28.36491000
2.42500079,28.36491000
2.42600079,28.36491000
2.42700079,28.36491000
2.42800079,28.36491000
2.42900079,28.36491000
2.43000079,26.47023000
2.43100079,28.36491000
2.43200079,26.47023000
2.43300079,26.47023000
2.43400079,26.47023000
2.43500079,26.47023000
2.43600079,26.47023000
2.43700079,28.36491000
2.43800079,28.36491000
2.43900079,28.36491000
2.44000079,28.36491000
2.44100079,28.36491000
2.44200079,28.36491000
2.44300079,28.36491000
2.44400079,28.36491000
2.44500079,28.36491000
2.44600079,30.25344000
2.44700079,30.25344000
2.44800079,30.25344000
2.44900079,28.36491000
2.45000079,28.36491000
2.45100079,26.47023000
2.45200079,26.47023000
2.45300079,28.36491000
2.45400079,28.36491000
2.45500079,28.36491000
2.45600079,30.25344000
2.45700079,30.25344000
2.45800079,30.25344000
2.45900079,30.25344000
2.46000079,30.25344000
2.46100079,28.36491000
2.46200079,28.36491000
2.46300079,28.36491000
2.46400079,28.36491000
2.46500079,30.25344000
2.46600079,30.25344000
2.46700079,32.14198000
2.46800079,30.25344000
2.46900079,30.25344000
2.47000079,28.36491000
2.47100079,28.36491000
2.47200079,28.36491000
2.47300079,28.36491000
2.47400079,30.25344000
2.47500079,30.25344000
2.47600079,30.25344000
2.47700079,30.25344000
2.47800079,30.25344000
2.47900078,30.25344000
2.48000078,28.36491000
2.48100078,28.36491000
2.48200078,28.36491000
2.48300078,28.36491000
2.48400078,28.36491000
2.48500078,28.36491000
2.48600078,30.25344000
2.48700078,30.25344000
2.48800078,30.25344000
2.48900078,28.36491000
2.49000078,28.36491000
2.49100078,28.36491000
2.49200078,28.36491000
2.49300078,28.36491000
2.49400078,30.25344000
2.49500078,30.25344000
2.49600078,30.25344000
2.49700078,30.25344000
2.49800078,30.25344000
2.49900078,30.25344000
2.50000078,30.25344000
2.50100078,28.36491000
2.50200078,28.36491000
2.50300078,28.36491000
2.50400078,28.36491000
2.50500078,30.25344000
2.50600078,30.25344000
2.50700078,28.36491000
2.50800078,28.36491000
2.50900078,28.36491000
2.51000078,28.36491000
2.51100078,28.36491000
2.51200078,28.36491000
2.51300078,28.36491000
2.51400078,30.25344000
2.51500078,30.25344000
2.51600078,30.25344000
2.51700078,30.25344000
2.51800078,28.36491000
2.51900078,28.36491000
2.52000078,28.36491000
2.52100078,28.36491000
2.52200078,28.36491000
2.52300078,30.25344000
2.52400078,28.36491000
2.52500078,30.25344000
2.52600078,28.36491000
2.52700078,28.36491000
2.52800078,28.36491000
2.52900078,28.36491000
2.53000078,28.36491000
2.53100078,28.36491000
2.53200078,28.36491000
2.53300078,28.36491000
2.53400078,28.36491000
2.53500078,28.36491000
2.53600078,28.36491000
2.53700078,28.36491000
2.53800078,28.36491000
2.53900078,28.36491000
2.54000078,28.36491000
2.54100078,28.36491000
2.54200078,28.36491000
2.54300078,28.36491000
2.54400078,28.36491000
2.54500078,28.36491000
2.54600078,28.36491000
2.54700078,28.36491000
2.54800078,28.36491000
2.54900078,28.36491000
2.55000078,28.36491000
2.55100078,28.36491000
2.55200078,28.36491000
2.55300078,28.36491000
2.55400078,28.36491000
2.55500078,28.36491000
2.55600078,28.36491000
2.55700078,28.36491000
2.55800078,28.36491000
2.55900078,28.36491000
2.56000078,28.36491000
2.56100078,28.36491000
2.56200078,28.36491000
2.56300078,28.36491000
2.56400078,28.36491000
2.56500078,28.36491000
2.56600078,28.36491000
2.56700078,28.36491000
2.56800078,28.36491000
2.56900078,26.47023000
2.57000078,26.47023000
2.57100078,26.47023000
2.57200078,26.47023000
2.57300078,26.47023000
2.57400078,24.58169000
2.57500078,24.58169000
2.57600078,24.58169000
2.57700078,24.58169000
2.57800078,24.58169000
2.57900078,22.68701000
2.58000078,20.79847000
2.58100078,20.79847000
2.58200078,20.79847000
2.58300078,20.79847000
2.58400078,20.79847000
2.58500078,18.90994000
2.58600078,18.90994000
2.58700078,18.90994000
2.58800078,17.01525000
2.58900078,17.01525000
2.59000078,15.12672000
2.59100078,15.12672000
2.59200078,15.12672000
2.59300078,15.12672000
2.59400078,15.12672000
2.59500078,13.23204000
2.59600078,13.23204000
2.59700078,11.34350000
2.59800078,11.34350000
2.59900078,11.34350000
2.60000078,11.34350000
2.60100078,11.34350000
2.60200078,11.34350000
2.60300078,9.45496900
2.60400078,9.45496900
2.60500078,9.45496900
2.60600078,9.45496900
2.60700078,9.45496900
2.60800078,9.45496900
2.60900078,9.45496900
2.61000078,9.45496900
2.61100078,11.34350000
2.61200078,11.34350000
2.61300078,13.23204000
2.61400078,13.23204000
2.61500078,13.23204000
2.61600078,13.23204000
2.61700078,13.23204000
2.61800078,13.23204000
2.61900078,15.12672000
2.62000078,15.12672000
2.62100078,17.01525000
2.62200078,18.90994000
2.62300078,18.90994000
2.62400078,18.90994000
2.62500078,18.90994000
2.62600078,18.90994000
2.62700078,20.79847000
2.62800078,20.79847000
2.62900078,20.79847000
2.63000078,20.79847000
2.63100078,22.68701000
2.63200078,22.68701000
2.63300078,22.68701000
2.63400078,22.68701000
2.63500078,24.58169000
2.63600078,24.58169000
2.63700078,24.58169000
2.63800078,26.47023000
2.63900078,28.36491000
2.64000078,28.36491000
2.64100078,30.25344000
2.64200078,30.25344000
2.64300078,30.25344000
2.64400078,30.25344000
2.64500078,30.25344000
2.64600078,28.36491000
2.64700078,28.36491000
2.64800078,28.36491000
2.64900078,28.36491000
2.65000078,28.36491000
2.65100078,28.36491000
2.65200078,28.36491000
2.65300078,28.36491000
2.65400078,26.47023000
2.65500078,26.47023000
2.65600078,24.58169000
2.65700078,24.58169000
2.65800078,22.68701000
2.65900078,24.58169000
2.66000078,26.47023000
2.66100078,26.47023000
2.66200078,26.47023000
2.66300078,24.58169000
2.66400078,24.58169000
2.66500078,24.58169000
2.66600078,24.58169000
2.66700078,24.58169000
2.66800078,24.58169000
2.66900078,24.58169000
2.67000078,24.58169000
2.67100078,24.58169000
2.67200078,24.58169000
2.67300078,24.58169000
2.67400078,24.58169000
2.67500078,26.47023000
2.67600078,24.58169000
2.67700078,26.47023000
2.67800078,26.47023000
2.67900078,26.47023000
2.68000078,26.47023000
2.68100078,26.47023000
2.68200078,26.47023000
2.68300078,26.47023000
2.68400078,26.47023000
2.68500078,26.47023000
2.68600078,26.47023000
2.68700078,26.47023000
2.68800078,26.47023000
2.68900078,26.47023000
2.69000078,28.36491000
2.69100078,28.36491000
2.69200078,28.36491000
2.69300078,28.36491000
2.69400078,28.36491000
2.69500078,28.36491000
2.69600078,28.36491000
2.69700078,28.36491000
2.69800078,28.36491000
2.69900078,28.36491000
2.70000078,28.36491000
2.70100078,28.36491000
2.70200078,26.47023000
2.70300078,26.47023000
2.70400078,28.36491000
2.70500078,28.36491000
2.70600078,30.25344000
2.70700078,30.25344000
2.70800078,30.25344000
2.70900078,30.25344000
2.71000078,28.36491000
2.71100078,28.36491000
2.71200078,26.47023000
2.71300078,26.47023000
2.71400078,28.36491000
2.71500078,28.36491000
2.71600078,28.36491000
2.71700078,30.25344000
2.71800078,28.36491000
2.71900078,28.36491000
2.72000078,28.36491000
2.72100078,26.47023000
2.72200078,26.47023000
2.72300078,26.47023000
2.72400078,24.58169000
2.72500078,24.58169000
2.72600078,24.58169000
2.72700078,24.58169000
2.72800078,24.58169000
2.72900078,24.58169000
2.73000078,24.58169000
2.73100078,22.68701000
2.73200078,22.68701000
2.73300078,22.68701000
2.73400078,22.68701000
2.73500078,22.68701000
2.73600078,22.68701000
2.73700078,22.68701000
2.73800078,22.68701000
2.73900078,20.79847000
2.74000078,20.79847000
2.74100078,20.79847000
2.74200078,18.90994000
2.74300078,18.90994000
2.74400078,20.79847000
2.74500078,20.79847000
2.74600078,20.79847000
2.74700078,18.90994000
2.74800078,18.90994000
2.74900078,17.01525000
2.75000078,17.01525000
2.75100078,18.90994000
2.75200078,18.90994000
2.75300078,18.90994000
2.75400078,18.90994000
2.75500078,18.90994000
2.75600078,18.90994000
2.75700078,17.01525000
2.75800078,17.01525000
2.75900078,17.01525000
2.76000078,17.01525000
2.76100078,17.01525000
2.76200078,17.01525000
2.76300078,17.01525000
2.76400078,17.01525000
2.76500078,15.12672000
2.76600078,15.12672000
2.76700078,15.12672000
2.76800078,15.12672000
2.76900078,13.23204000
2.77000078,13.23204000
2.77100078,15.12672000
2.77200078,15.12672000
2.77300078,15.12672000
2.77400078,15.12672000
2.77500078,15.12672000
2.77600078,13.23204000
2.77700078,13.23204000
2.77800078,13.23204000
2.77900078,13.23204000
2.78000078,13.23204000
2.78100078,13.23204000
2.78200078,13.23204000
2.78300078,13.23204000
2.78400078,13.23204000
2.78500078,13.23204000
2.78600078,13.23204000
2.78700078,11.34350000
2.78800078,11.34350000
2.78900078,11.34350000
2.79000078,11.34350000
2.79100078,11.34350000
2.79200078,13.23204000
2.79300078,13.23204000
2.79400078,13.23204000
2.79500078,11.34350000
2.79600078,11.34350000
2.79700078,11.34350000
2.79800078,11.34350000
2.79900078,11.34350000
2.80000078,11.34350000
2.80100078,9.45496900
2.80200078,11.34350000
2.80300078,11.34350000
2.80400078,9.45496900
2.80500078,9.45496900
2.80600078,9.45496900
2.80700078,9.45496900
2.80800078,11.34350000
2.80900078,11.34350000
2.81000078,9.45496900
2.81100078,9.45496900
2.81200078,9.45496900
2.81300078,9.45496900
2.81400078,9.45496900
2.81500078,11.34350000
2.81600078,11.34350000
2.81700078,11.34350000
2.81800078,11.34350000
2.81900078,13.23204000
2.82000078,13.23204000
2.82100078,11.34350000
2.82200078,11.34350000
2.82300078,11.34350000
2.82400078,11.34350000
2.82500078,11.34350000
2.82600078,11.34350000
2.82700078,13.23204000
2.82800078,15.12672000
2.82900078,15.12672000
2.83000078,15.12672000
2.83100078,15.12672000
2.83200077,13.23204000
2.83300077,13.23204000
2.83400077,13.23204000
2.83500077,13.23204000
2.83600077,15.12672000
2.83700077,15.12672000
2.83800077,15.12672000
2.83900077,17.01525000
2.84000077,17.01525000
2.84100077,17.01525000
2.84200077,17.01525000
2.84300077,15.12672000
2.84400077,15.12672000
2.84500077,17.01525000
2.84600077,15.12672000
2.84700077,17.01525000
2.84800077,17.01525000
2.84900077,17.01525000
2.85000077,18.90994000
2.85100077,18.90994000
2.85200077,17.01525000
2.85300077,17.01525000
2.85400077,15.12672000
2.85500077,17.01525000
2.85600077,17.01525000
2.85700077,15.12672000
2.85800077,15.12672000
2.85900077,15.12672000
2.86000077,15.12672000
2.86100077,17.01525000
2.86200077,17.01525000
2.86300077,17.01525000
2.86400077,17.01525000
2.86500077,15.12672000
2.86600077,15.12672000
2.86700077,15.12672000
2.86800077,13.23204000
2.86900077,13.23204000
2.87000077,13.23204000
2.87100077,15.12672000
2.87200077,15.12672000
2.87300077,15.12672000
2.87400077,15.12672000
2.87500077,15.12672000
2.87600077,13.23204000
2.87700077,13.23204000
2.87800077,11.34350000
2.87900077,11.34350000
2.88000077,11.34350000
2.88100077,13.23204000
2.88200077,15.12672000
2.88300077,15.12672000
2.88400077,15.12672000
2.88500077,15.12672000
2.88600077,13.23204000
2.88700077,13.23204000
2.88800077,11.34350000
2.88900077,11.34350000
2.89000077,11.34350000
2.89100077,13.23204000
2.89200077,13.23204000
2.89300077,15.12672000
2.89400077,15.12672000
2.89500077,15.12672000
2.89600077,13.23204000
2.89700077,13.23204000
2.89800077,13.23204000
2.89900077,13.23204000
2.90000077,13.23204000
2.90100077,13.23204000
2.90200077,13.23204000
2.90300077,15.12672000
2.90400077,15.12672000
2.90500077,15.12672000
2.90600077,15.12672000
2.90700077,13.23204000
2.90800077,13.23204000
2.90900077,11.34350000
2.91000077,11.34350000
2.91100077,11.34350000
2.91200077,13.23204000
2.91300077,13.23204000
2.91400077,13.23204000
2.91500077,13.23204000
2.91600077,11.34350000
2.91700077,11.34350000
2.91800077,11.34350000
2.91900077,11.34350000
2.92000077,11.34350000
2.92100077,11.34350000
2.92200077,11.34350000
2.92300077,11.34350000
2.92400077,9.45496900
2.92500077,9.45496900
2.92600077,11.34350000
2.92700077,11.34350000
2.92800077,11.34350000
2.92900077,11.34350000
2.93000077,9.45496900
2.93100077,9.45496900
2.93200077,7.56028500
2.93300077,7.56028500
2.93400077,7.56028500
2.93500077,7.56028500
2.93600077,7.56028500
2.93700077,7.56028500
2.93800077,9.45496900
2.93900077,9.45496900
2.94000077,9.45496900
2.94100077,9.45496900
2.94200077,7.56028500
2.94300077,7.56028500
2.94400077,7.56028500
2.94500077,7.56028500
2.94600077,7.56028500
2.94700077,9.45496900
2.94800077,9.45496900
2.94900077,9.45496900
2.95000077,9.45496900
2.95100077,9.45496900
2.95200077,9.45496900
2.95300077,7.56028500
2.95400077,7.56028500
2.95500077,7.56028500
2.95600077,7.56028500
2.95700077,9.45496900
2.95800077,9.45496900
2.95900077,11.34350000
2.96000077,9.45496900
2.96100077,9.45496900
2.96200077,9.45496900
2.96300077,9.45496900
2.96400077,7.56028500
2.96500077,9.45496900
2.96600077,9.45496900
2.96700077,11.34350000
2.96800077,11.34350000
2.96900077,11.34350000
2.97000077,11.34350000
2.97100077,11.34350000
2.97200077,9.45496900
2.97300077,9.45496900
2.97400077,9.45496900
2.97500077,11.34350000
2.97600077,11.34350000
2.97700077,11.34350000
2.97800077,11.34350000
2.97900077,11.34350000
2.98000077,11.34350000
2.98100077,11.34350000
2.98200077,11.34350000
2.98300077,11.34350000
2.98400077,11.34350000
2.98500077,11.34350000
2.98600077,13.23204000
2.98700077,13.23204000
2.98800077,13.23204000
2.98900077,11.34350000
2.99000077,11.34350000
2.99100077,11.34350000
2.99200077,11.34350000
2.99300077,11.34350000
2.99400077,11.34350000
2.99500077,13.23204000
2.99600077,13.23204000
2.99700077,13.23204000
2.99800077,13.23204000
2.99900077,13.23204000
3.00000077,11.34350000
3.00100077,11.34350000
3.00200077,11.34350000
3.00300077,13.23204000
3.00400077,13.23204000
3.00500077,15.12672000
3.00600077,15.12672000
3.00700077,15.12672000
3.00800077,15.12672000
3.00900077,13.23204000
3.01000077,13.23204000
3.01100077,13.23204000
3.01200077,13.23204000
3.01300077,15.12672000
3.01400077,15.12672000
3.01500077,17.01525000
3.01600077,17.01525000
3.01700077,17.01525000
3.01800077,17.01525000
3.01900077,17.01525000
3.02000077,15.12672000
3.02100077,15.12672000
3.02200077,15.12672000
3.02300077,17.01525000
3.02400077,17.01525000
3.02500077,18.90994000
3.02600077,18.90994000
3.02700077,18.90994000
3.02800077,18.90994000
3.02900077,17.01525000
3.03000077,17.01525000
3.03100077,17.01525000
3.03200077,17.01525000
3.03300077,17.01525000
3.03400077,18.90994000
3.03500077,18.90994000
3.03600077,18.90994000
3.03700077,18.90994000
3.03800077,18.90994000
3.03900077,18.90994000
3.04000077,18.90994000
3.04100077,18.90994000
3.04200077,18.90994000
3.04300077,18.90994000
3.04400077,18.90994000
3.04500077,18.90994000
3.04600077,18.90994000
3.04700077,18.90994000
3.04800077,20.79847000
3.04900077,20.79847000
3.05000077,20.79847000
3.05100077,20.79847000
3.05200077,20.79847000
3.05300077,20.79847000
3.05400077,20.79847000
3.05500077,20.79847000
3.05600077,20.79847000
3.05700077,20.79847000
3.05800077,20.79847000
3.05900077,22.68701000
3.06000077,22.68701000
3.06100077,24.58169000
3.06200077,24.58169000
3.06300077,24.58169000
3.06400077,22.68701000
3.06500077,22.68701000
3.06600077,24.58169000
3.06700077,24.58169000
3.06800077,24.58169000
3.06900077,26.47023000
3.07000077,26.47023000
3.07100077,28.36491000
3.07200077,28.36491000
3.07300077,28.36491000
3.07400077,28.36491000
3.07500077,26.47023000
3.07600077,28.36491000
3.07700077,28.36491000
3.07800077,28.36491000
3.07900077,30.25344000
3.08000077,30.25344000
3.08100077,32.14198000
3.08200077,32.14198000
3.08300077,30.25344000
3.08400077,30.25344000
3.08500077,30.25344000
3.08600077,32.14198000
3.08700077,34.03666000
3.08800077,34.03666000
3.08900077,34.03666000
3.09000077,35.92520000
3.09100077,35.92520000
3.09200077,35.92520000
3.09300077,34.03666000
3.09400077,34.03666000
3.09500077,34.03666000
3.09600077,35.92520000
3.09700077,35.92520000
3.09800077,37.81988000
3.09900077,37.81988000
3.10000077,37.81988000
3.10100077,39.70842000
3.10200077,37.81988000
3.10300077,39.70842000
3.10400077,37.81988000
3.10500077,37.81988000
3.10600077,39.70842000
3.10700077,39.70842000
3.10800077,41.59695000
3.10900077,41.59695000
3.11000077,41.59695000
3.11100077,41.59695000
3.11200077,41.59695000
3.11300077,41.59695000
3.11400077,41.59695000
3.11500077,41.59695000
3.11600077,43.49163000
3.11700077,43.49163000
3.11800077,45.38017000
3.11900077,45.38017000
3.12000077,45.38017000
3.12100077,45.38017000
3.12200077,45.38017000
3.12300077,45.38017000
3.12400077,45.38017000
3.12500077,45.38017000
3.12600077,47.27485000
3.12700077,47.27485000
3.12800077,47.27485000
3.12900077,49.16338000
3.13000077,49.16338000
3.13100077,49.16338000
3.13200077,47.27485000
3.13300077,47.27485000
3.13400077,47.27485000
3.13500077,49.16338000
3.13600077,47.27485000
3.13700077,47.27485000
3.13800077,49.16338000
3.13900077,49.16338000
3.14000077,49.16338000
3.14100077,49.16338000
3.14200077,47.27485000
3.14300077,47.27485000
3.14400077,47.27485000
3.14500077,47.27485000
3.14600077,47.27485000
3.14700077,47.27485000
3.14800077,47.27485000
3.14900077,45.38017000
3.15000077,45.38017000
3.15100077,45.38017000
3.15200077,45.38017000
3.15300077,45.38017000
3.15400077,43.49163000
3.15500077,43.49163000
3.15600077,43.49163000
3.15700077,41.59695000
3.15800077,41.59695000
3.15900077,41.59695000
3.16000077,39.70842000
3.16100077,37.81988000
3.16200077,37.81988000
3.16300077,37.81988000
3.16400077,37.81988000
3.16500077,37.81988000
3.16600077,35.92520000
3.16700077,35.92520000
3.16800077,35.92520000
3.16900077,34.03666000
3.17000077,34.03666000
3.17100077,34.03666000
3.17200077,32.14198000
3.17300077,32.14198000
3.17400077,32.14198000
3.17500077,30.25344000
3.17600077,30.25344000
3.17700077,30.25344000
3.17800077,30.25344000
3.17900077,30.25344000
3.18000077,28.36491000
3.18100077,28.36491000
3.18200077,26.47023000
3.18300077,26.47023000
3.18400077,24.58169000
3.18500077,24.58169000
3.18600076,22.68701000
3.18700076,22.68701000
3.18800076,22.68701000
3.18900076,22.68701000
3.19000076,22.68701000
3.19100076,22.68701000
3.19200076,20.79847000
3.19300076,18.90994000
3.19400076,18.90994000
3.19500076,17.01525000
3.19600076,17.01525000
3.19700076,17.01525000
3.19800076,17.01525000
3.19900076,17.01525000
3.20000076,17.01525000
3.20100076,17.01525000
3.20200076,17.01525000
3.20300076,15.12672000
3.20400076,15.12672000
3.20500076,13.23204000
3.20600076,13.23204000
3.20700076,13.23204000
3.20800076,13.23204000
3.20900076,13.23204000
3.21000076,13.23204000
3.21100076,11.34350000
3.21200076,11.34350000
3.21300076,11.34350000
3.21400076,11.34350000
3.21500076,9.45496900
3.21600076,9.45496900
3.21700076,9.45496900
3.21800076,9.45496900
3.21900076,9.45496900
3.22000076,9.45496900
3.22100076,9.45496900
3.22200076,7.56028500
3.22300076,7.56028500
3.22400076,7.56028500
3.22500076,7.56028500
3.22600076,5.67175200
3.22700076,5.67175200
3.22800076,5.67175200
3.22900076,5.67175200
3.23000076,5.67175200
3.23100076,5.67175200
3.23200076,5.67175200
3.23300076,3.77706700
3.23400076,3.77706700
3.23500076,3.77706700
3.23600076,3.77706700
3.23700076,3.77706700
3.23800076,3.77706700
3.23900076,3.77706700
3.24000076,3.77706700
3.24100076,3.77706700
3.24200076,3.77706700
3.24300076,3.77706700
3.24400076,3.77706700
3.24500076,3.77706700
3.24600076,3.77706700
3.24700076,3.77706700
3.24800076,1.88853300
3.24900076,3.77706700
3.25000076,3.77706700
3.25100076,3.77706700
3.25200076,3.77706700
3.25300076,3.77706700
3.25400076,5.67175200
3.25500076,5.67175200
3.25600076,5.67175200
3.25700076,5.67175200
3.25800076,3.77706700
3.25900076,3.77706700
3.26000076,1.88853300
3.26100076,3.77706700
3.26200076,3.77706700
3.26300076,5.67175200
3.26400076,5.67175200
3.26500076,5.67175200
3.26600076,5.67175200
3.26700076,5.67175200
3.26800076,5.67175200
3.26900076,5.67175200
3.27000076,5.67175200
3.27100076,5.67175200
3.27200076,5.67175200
3.27300076,7.56028500
3.27400076,7.56028500
3.27500076,7.56028500
3.27600076,9.45496900
3.27700076,9.45496900
3.27800076,9.45496900
3.27900076,9.45496900
3.28000076,9.45496900
3.28100076,9.45496900
3.28200076,9.45496900
3.28300076,9.45496900
3.28400076,11.34350000
3.28500076,11.34350000
3.28600076,11.34350000
3.28700076,13.23204000
3.28800076,13.23204000
3.28900076,13.23204000
3.29000076,13.23204000
3.29100076,15.12672000
3.29200076,15.12672000
3.29300076,15.12672000
3.29400076,15.12672000
3.29500076,17.01525000
3.29600076,15.12672000
3.29700076,17.01525000
3.29800076,17.01525000
3.29900076,17.01525000
3.30000076,17.01525000
3.30100076,17.01525000
3.30200076,18.90994000
3.30300076,18.90994000
3.30400076,17.01525000
3.30500076,17.01525000
3.30600076,17.01525000
3.30700076,17.01525000
3.30800076,18.90994000
3.30900076,18.90994000
3.31000076,18.90994000
3.31100076,20.79847000
3.31200076,20.79847000
3.31300076,18.90994000
3.31400076,18.90994000
3.31500076,18.90994000
3.31600076,17.01525000
3.31700076,17.01525000
3.31800076,18.90994000
3.31900076,20.79847000
3.32000076,20.79847000
3.32100076,20.79847000
3.32200076,20.79847000
3.32300076,20.79847000
3.32400076,18.90994000
3.32500076,18.90994000
3.32600076,17.01525000
3.32700076,18.90994000
3.32800076,18.90994000
3.32900076,18.90994000
3.33000076,20.79847000
3.33100076,20.79847000
3.33200076,20.79847000
3.33300076,18.90994000
3.33400076,18.90994000
3.33500076,18.90994000
3.33600076,18.90994000
3.33700076,18.90994000
3.33800076,18.90994000
3.33900076,20.79847000
3.34000076,20.79847000
3.34100076,20.79847000
3.34200076,18.90994000
3.34300076,18.90994000
3.34400076,18.90994000
3.34500076,18.90994000
3.34600076,18.90994000
3.34700076,20.79847000
3.34800076,20.79847000
3.34900076,20.79847000
3.35000076,18.90994000
3.35100076,18.90994000
3.35200076,18.90994000
3.35300076,18.90994000
3.35400076,18.90994000
3.35500076,18.90994000
3.35600076,18.90994000
3.35700076,18.90994000
3.35800076,18.90994000
3.35900076,18.90994000
3.36000076,18.90994000
3.36100076,18.90994000
3.36200076,17.01525000
3.36300076,17.01525000
3.36400076,17.01525000
3.36500076,17.01525000
3.36600076,17.01525000
3.36700076,18.90994000
3.36800076,18.90994000
3.36900076,17.01525000
3.37000076,17.01525000
3.37100076,15.12672000
3.37200076,13.23204000
3.37300076,13.23204000
3.37400076,13.23204000
3.37500076,13.23204000
3.37600076,13.23204000
3.37700076,13.23204000
3.37800076,13.23204000
3.37900076,13.23204000
3.38000076,11.34350000
3.38100076,11.34350000
3.38200076,9.45496900
3.38300076,9.45496900
3.38400076,9.45496900
3.38500076,11.34350000
3.38600076,11.34350000
3.38700076,11.34350000
3.38800076,11.34350000
3.38900076,9.45496900
3.39000076,9.45496900
3.39100076,9.45496900
3.39200076,9.45496900
3.39300076,7.56028500
3.39400076,9.45496900
3.39500076,9.45496900
3.39600076,9.45496900
3.39700076,9.45496900
3.39800076,9.45496900
3.39900076,7.56028500
3.40000076,7.56028500
3.40100076,7.56028500
3.40200076,7.56028500
3.40300076,7.56028500
3.40400076,7.56028500
3.40500076,7.56028500
3.40600076,7.56028500
3.40700076,7.56028500
3.40800076,7.56028500
3.40900076,7.56028500
3.41000076,7.56028500
3.41100076,7.56028500
3.41200076,7.56028500
3.41300076,7.56028500
3.41400076,9.45496900
3.41500076,9.45496900
3.41600076,9.45496900
3.41700076,9.45496900
3.41800076,9.45496900
3.41900076,7.56028500
3.42000076,7.56028500
3.42100076,7.56028500
3.42200076,9.45496900
3.42300076,9.45496900
3.42400076,11.34350000
3.42500076,11.34350000
3.42600076,11.34350000
3.42700076,9.45496900
3.42800076,9.45496900
3.42900076,9.45496900
3.43000076,9.45496900
3.43100076,11.34350000
3.43200076,11.34350000
3.43300076,13.23204000
3.43400076,15.12672000
3.43500076,15.12672000
3.43600076,15.12672000
3.43700076,15.12672000
3.43800076,15.12672000
3.43900076,15.12672000
3.44000076,15.12672000
3.44100076,15.12672000
3.44200076,17.01525000
3.44300076,17.01525000
3.44400076,17.01525000
3.44500076,17.01525000
3.44600076,15.12672000
3.44700076,15.12672000
3.44800076,15.12672000
3.44900076,15.12672000
3.45000076,17.01525000
3.45100076,17.01525000
3.45200076,18.90994000
3.45300076,18.90994000
3.45400076,18.90994000
3.45500076,18.90994000
3.45600076,18.90994000
3.45700076,18.90994000
3.45800076,18.90994000
3.45900076,18.90994000
3.46000076,18.90994000
3.46100076,18.90994000
3.46200076,18.90994000
3.46300076,20.79847000
3.46400076,20.79847000
3.46500076,18.90994000
3.46600076,18.90994000
3.46700076,18.90994000
3.46800076,18.90994000
3.46900076,18.90994000
3.47000076,18.90994000
3.47100076,18.90994000
3.47200076,18.90994000
3.47300076,18.90994000
3.47400076,18.90994000
3.47500076,17.01525000
3.47600076,17.01525000
3.47700076,17.01525000
3.47800076,17.01525000
3.47900076,18.90994000
3.48000076,18.90994000
3.48100076,18.90994000
3.48200076,17.01525000
3.48300076,17.01525000
3.48400076,17.01525000
3.48500076,17.01525000
3.48600076,17.01525000
3.48700076,17.01525000
3.48800076,17.01525000
3.48900076,17.01525000
3.49000076,17.01525000
3.49100076,15.12672000
3.49200076,15.12672000
3.49300076,15.12672000
3.49400076,13.23204000
3.49500076,13.23204000
3.49600076,13.23204000
3.49700076,13.23204000
3.49800076,13.23204000
3.49900076,13.23204000
3.50000076,13.23204000
3.50100076,13.23204000
3.50200076,11.34350000
3.50300076,11.34350000
3.50400076,11.34350000
3.50500076,11.34350000
3.50600076,11.34350000
3.50700076,11.34350000
3.50800076,11.34350000
3.50900076,11.34350000
3.51000076,11.34350000
3.51100076,11.34350000
3.51200076,9.45496900
3.51300076,9.45496900
3.51400076,7.56028500
3.51500076,7.56028500
3.51600076,7.56028500
3.51700076,7.56028500
3.51800076,7.56028500
3.51900076,7.56028500
3.52000076,7.56028500
3.52100076,7.56028500
3.52200076,5.67175200
3.52300076,5.67175200
3.52400076,5.67175200
3.52500076,5.67175200
3.52600076,5.67175200
3.52700076,5.67175200
3.52800076,5.67175200
3.52900076,5.67175200
3.53000076,5.67175200
3.53100076,5.67175200
3.53200076,3.77706700
3.53300076,5.67175200
3.53400076,5.67175200
3.53500076,5.67175200
3.53600076,3.77706700
3.53700076,3.77706700
3.53800076,3.77706700
3.53900076,3.77706700
3.54000075,3.77706700
3.54100075,3.77706700
3.54200075,3.77706700
3.54300075,3.77706700
3.54400075,3.77706700
3.54500075,3.77706700
3.54600075,3.77706700
3.54700075,3.77706700
3.54800075,3.77706700
3.54900075,3.77706700
3.55000075,3.77706700
3.55100075,3.77706700
3.55200075,3.77706700
3.55300075,3.77706700
3.55400075,3.77706700
3.55500075,3.77706700
3.55600075,3.77706700
3.55700075,3.77706700
3.55800075,3.77706700
3.55900075,3.77706700
3.56000075,3.77706700
3.56100075,3.77706700
3.56200075,3.77706700
3.56300075,1.88853300
3.56400075,1.88853300
3.56500075,1.88853300
3.56600075,1.88853300
3.56700075,1.88853300
3.56800075,1.88853300
3.56900075,1.88853300
3.57000075,3.77706700
3.57100075,3.77706700
3.57200075,1.88853300
3.57300075,1.88853300
3.57400075,0.00000000
3.57500075,1.88853300
3.57600075,1.88853300
3.57700075,1.88853300
3.57800075,1.88853300
3.57900075,1.88853300
3.58000075,3.77706700
3.58100075,3.77706700
3.58200075,3.77706700
3.58300075,3.77706700
3.58400075,1.88853300
3.58500075,1.88853300
3.58600075,1.88853300
3.58700075,1.88853300
3.58800075,1.88853300
3.58900075,3.77706700
3.59000075,3.77706700
3.59100075,3.77706700
3.59200075,3.77706700
3.59300075,3.77706700
3.59400075,3.77706700
3.59500075,3.77706700
3.59600075,3.77706700
3.59700075,3.77706700
3.59800075,3.77706700
3.59900075,5.67175200
3.60000075,5.67175200
3.60100075,5.67175200
3.60200075,5.67175200
3.60300075,7.56028500
3.60400075,7.56028500
3.60500075,7.56028500
3.60600075,7.56028500
3.60700075,7.56028500
3.60800075,9.45496900
3.60900075,9.45496900
3.61000075,9.45496900
3.61100075,9.45496900
3.61200075,9.45496900
3.61300075,9.45496900
3.61400075,9.45496900
3.61500075,9.45496900
3.61600075,9.45496900
3.61700075,11.34350000
3.61800075,11.34350000
3.61900075,11.34350000
3.62000075,11.34350000
3.62100075,11.34350000
3.62200075,11.34350000
3.62300075,11.34350000
3.62400075,11.34350000
3.62500075,11.34350000
3.62600075,13.23204000
3.62700075,13.23204000
3.62800075,15.12672000
3.62900075,15.12672000
3.63000075,13.23204000
3.63100075,13.23204000
3.63200075,13.23204000
3.63300075,13.23204000
3.63400075,13.23204000
3.63500075,13.23204000
3.63600075,13.23204000
3.63700075,15.12672000
3.63800075,15.12672000
3.63900075,15.12672000
3.64000075,15.12672000
3.64100075,13.23204000
3.64200075,13.23204000
3.64300075,13.23204000
3.64400075,13.23204000
3.64500075,15.12672000
3.64600075,15.12672000
3.64700075,17.01525000
3.64800075,17.01525000
3.64900075,17.01525000
3.65000075,17.01525000
3.65100075,15.12672000
3.65200075,13.23204000
3.65300075,13.23204000
3.65400075,15.12672000
3.65500075,15.12672000
3.65600075,15.12672000
3.65700075,15.12672000
3.65800075,15.12672000
3.65900075,15.12672000
3.66000075,15.12672000
3.66100075,13.23204000
3.66200075,13.23204000
3.66300075,13.23204000
3.66400075,13.23204000
3.66500075,13.23204000
3.66600075,13.23204000
3.66700075,11.34350000
3.66800075,11.34350000
3.66900075,11.34350000
3.67000075,13.23204000
3.67100075,13.23204000
3.67200075,11.34350000
3.67300075,11.34350000
3.67400075,11.34350000
3.67500075,11.34350000
3.67600075,11.34350000
3.67700075,11.34350000
3.67800075,9.45496900
3.67900075,9.45496900
3.68000075,9.45496900
3.68100075,9.45496900
3.68200075,11.34350000
3.68300075,9.45496900
3.68400075,9.45496900
3.68500075,9.45496900
3.68600075,7.56028500
3.68700075,7.56028500
3.68800075,5.67175200
3.68900075,5.67175200
3.69000075,7.56028500
3.69100075,7.56028500
3.69200075,9.45496900
3.69300075,9.45496900
3.69400075,9.45496900
3.69500075,7.56028500
3.69600075,5.67175200
3.69700075,3.77706700
3.69800075,3.77706700
3.69900075,3.77706700
3.70000075,3.77706700
3.70100075,5.67175200
3.70200075,5.67175200
3.70300075,5.67175200
3.70400075,5.67175200
3.70500075,5.67175200
3.70600075,3.77706700
3.70700075,1.88853300
3.70800075,1.88853300
3.70900075,1.88853300
3.71000075,1.88853300
3.71100075,1.88853300
3.71200075,3.77706700
3.71300075,3.77706700
3.71400075,3.77706700
3.71500075,1.88853300
3.71600075,1.88853300
3.71700075,0.00000000
3.71800075,0.00000000
3.71900075,0.00000000
3.72000075,0.00000000
3.72100075,0.00000000
3.72200075,1.88853300
3.72300075,1.88853300
3.72400075,1.88853300
3.72500075,0.00000000
3.72600075,0.00000000
3.72700075,0.00000000
3.72800075,0.00000000
3.72900075,0.00000000
3.73000075,0.00000000
3.73100075,0.00000000
3.73200075,0.00000000
3.73300075,0.00000000
3.73400075,0.00000000
3.73500075,0.00000000
3.73600075,-1.88853300
3.73700075,-1.88853300
3.73800075,-1.88853300
3.73900075,-1.88853300
3.74000075,-1.88853300
3.74100075,-1.88853300
3.74200075,-1.88853300
3.74300075,0.00000000
3.74400075,0.00000000
3.74500075,0.00000000
3.74600075,0.00000000
3.74700075,0.00000000
3.74800075,1.88853300
3.74900075,1.88853300
3.75000075,0.00000000
3.75100075,0.00000000
3.75200075,-1.88853300
3.75300075,-3.77706700
3.75400075,-1.88853300
3.75500075,-1.88853300
3.75600075,0.00000000
3.75700075,1.88853300
3.75800075,3.77706700
3.75900075,5.67175200
3.76000075,5.67175200
3.76100075,3.77706700
3.76200075,1.88853300
3.76300075,0.00000000
3.76400075,-1.88853300
3.76500075,-1.88853300
3.76600075,-1.88853300
3.76700075,-1.88853300
3.76800075,0.00000000
3.76900075,1.88853300
3.77000075,3.77706700
3.77100075,5.67175200
3.77200075,5.67175200
3.77300075,3.77706700
3.77400075,3.77706700
3.77500075,1.88853300
3.77600075,1.88853300
3.77700075,0.00000000
3.77800075,0.00000000
3.77900075,0.00000000
3.78000075,0.00000000
3.78100075,1.88853300
3.78200075,3.77706700
3.78300075,5.67175200
3.78400075,7.56028500
3.78500075,7.56028500
3.78600075,7.56028500
3.78700075,7.56028500
3.78800075,7.56028500
3.78900075,5.67175200
3.79000075,5.67175200
3.79100075,5.67175200
3.79200075,5.67175200
3.79300075,5.67175200
3.79400075,7.56028500
3.79500075,9.45496900
3.79600075,11.34350000
3.79700075,13.23204000
3.79800075,13.23204000
3.79900075,13.23204000
3.80000075,11.34350000
3.80100075,9.45496900
3.80200075,9.45496900
3.80300075,9.45496900
3.80400075,9.45496900
3.80500075,11.34350000
3.80600075,11.34350000
3.80700075,13.23204000
3.80800075,11.34350000
3.80900075,11.34350000
3.81000075,13.23204000
3.81100075,13.23204000
3.81200075,13.23204000
3.81300075,13.23204000
3.81400075,11.34350000
3.81500075,11.34350000
3.81600075,11.34350000
3.81700075,9.45496900
3.81800075,9.45496900
3.81900075,9.45496900
3.82000075,9.45496900
3.82100075,11.34350000
3.82200075,11.34350000
3.82300075,13.23204000
3.82400075,13.23204000
3.82500075,11.34350000
3.82600075,11.34350000
3.82700075,9.45496900
3.82800075,7.56028500
3.82900075,7.56028500
3.83000075,5.67175200
3.83100075,7.56028500
3.83200075,7.56028500
3.83300075,9.45496900
3.83400075,11.34350000
3.83500075,11.34350000
3.83600075,11.34350000
3.83700075,9.45496900
3.83800075,7.56028500
3.83900075,7.56028500
3.84000075,5.67175200
3.84100075,5.67175200
3.84200075,7.56028500
3.84300075,7.56028500
3.84400075,9.45496900
3.84500075,9.45496900
3.84600075,9.45496900
3.84700075,7.56028500
3.84800075,7.56028500
3.84900075,7.56028500
3.85000075,7.56028500
3.85100075,7.56028500
3.85200075,7.56028500
3.85300075,7.56028500
3.85400075,9.45496900
3.85500075,9.45496900
3.85600075,11.34350000
3.85700075,9.45496900
3.85800075,9.45496900
3.85900075,9.45496900
3.86000075,9.45496900
3.86100075,9.45496900
3.86200075,9.45496900
3.86300075,9.45496900
3.86400075,9.45496900
3.86500075,9.45496900
3.86600075,9.45496900
3.86700075,9.45496900
3.86800075,9.45496900
3.86900075,7.56028500
3.87000075,7.56028500
3.87100075,5.67175200
3.87200075,5.67175200
3.87300075,5.67175200
3.87400075,5.67175200
3.87500075,7.56028500
3.87600075,7.56028500
3.87700075,9.45496900
3.87800075,9.45496900
3.87900075,9.45496900
3.88000075,9.45496900
3.88100075,7.56028500
3.88200075,3.77706700
3.88300075,1.88853300
3.88400075,1.88853300
3.88500075,0.00000000
3.88600075,1.88853300
3.88700075,1.88853300
3.88800075,1.88853300
3.88900075,3.77706700
3.89000075,1.88853300
3.89100075,1.88853300
3.89200075,0.00000000
3.89300074,0.00000000
3.89400074,-1.88853300
3.89500074,-1.88853300
3.89600074,-1.88853300
3.89700074,-3.77706700
3.89800074,-3.77706700
3.89900074,-3.77706700
3.90000074,-3.77706700
3.90100074,-3.77706700
3.90200074,-1.88853300
3.90300074,-1.88853300
3.90400074,-3.77706700
3.90500074,-3.77706700
3.90600074,-3.77706700
3.90700074,-3.77706700
3.90800074,-3.77706700
3.90900074,-3.77706700
3.91000074,-1.88853300
3.91100074,0.00000000
3.91200074,1.88853300
3.91300074,1.88853300
3.91400074,3.77706700
3.91500074,3.77706700
3.91600074,3.77706700
3.91700074,5.67175200
3.91800074,5.67175200
3.91900074,5.67175200
3.92000074,5.67175200
3.92100074,3.77706700
3.92200074,3.77706700
3.92300074,3.77706700
3.92400074,3.77706700
3.92500074,3.77706700
3.92600074,1.88853300
3.92700074,1.88853300
3.92800074,3.77706700
3.92900074,3.77706700
3.93000074,3.77706700
3.93100074,3.77706700
3.93200074,3.77706700
3.93300074,3.77706700
3.93400074,5.67175200
3.93500074,5.67175200
3.93600074,5.67175200
3.93700074,5.67175200
3.93800074,7.56028500
3.93900074,7.56028500
3.94000074,7.56028500
3.94100074,7.56028500
3.94200074,9.45496900
3.94300074,9.45496900
3.94400074,9.45496900
3.94500074,9.45496900
3.94600074,9.45496900
3.94700074,7.56028500
3.94800074,7.56028500
3.94900074,5.67175200
3.95000074,3.77706700
3.95100074,3.77706700
3.95200074,1.88853300
3.95300074,0.00000000
3.95400074,0.00000000
3.95500074,0.00000000
3.95600074,0.00000000
3.95700074,0.00000000
3.95800074,-1.88853300
3.95900074,-1.88853300
3.96000074,-1.88853300
3.96100074,-1.88853300
3.96200074,0.00000000
3.96300074,0.00000000
3.96400074,0.00000000
3.96500074,0.00000000
3.96600074,0.00000000
3.96700074,1.88853300
3.96800074,1.88853300
3.96900074,3.77706700
3.97000074,5.67175200
3.97100074,5.67175200
3.97200074,5.67175200
3.97300074,7.56028500
3.97400074,7.56028500
3.97500074,5.67175200
3.97600074,5.67175200
3.97700074,3.77706700
3.97800074,3.77706700
3.97900074,3.77706700
3.98000074,5.67175200
3.98100074,5.67175200
3.98200074,5.67175200
3.98300074,5.67175200
3.98400074,5.67175200
3.98500074,5.67175200
3.98600074,5.67175200
3.98700074,5.67175200
3.98800074,5.67175200
3.98900074,5.67175200
3.99000074,5.67175200
3.99100074,5.67175200
3.99200074,5.67175200
3.99300074,5.67175200
3.99400074,5.67175200
3.99500074,7.56028500
3.99600074,7.56028500
3.99700074,7.56028500
3.99800074,7.56028500
3.99900074,9.45496900
4.00000074,9.45496900
4.00100074,9.45496900
4.00200074,9.45496900
4.00300074,7.56028500
4.00400074,7.56028500
4.00500074,5.67175200
4.00600074,7.56028500
4.00700074,7.56028500
4.00800074,7.56028500
4.00900074,7.56028500
4.01000074,7.56028500
4.01100074,7.56028500
4.01200074,7.56028500
4.01300074,7.56028500
4.01400074,5.67175200
4.01500074,3.77706700
4.01600074,3.77706700
4.01700074,3.77706700
4.01800074,3.77706700
4.01900074,5.67175200
4.02000074,5.67175200
4.02100074,3.77706700
4.02200074,3.77706700
4.02300074,3.77706700
4.02400074,3.77706700
4.02500074,1.88853300
4.02600074,3.77706700
4.02700074,3.77706700
4.02800074,3.77706700
4.02900074,5.67175200
4.03000074,5.67175200
4.03100074,5.67175200
4.03200074,3.77706700
4.03300074,3.77706700
4.03400074,3.77706700
4.03500074,3.77706700
4.03600074,3.77706700
4.03700074,3.77706700
4.03800074,3.77706700
4.03900074,3.77706700
4.04000074,3.77706700
4.04100074,3.77706700
4.04200074,3.77706700
4.04300074,3.77706700
4.04400074,3.77706700
4.04500074,3.77706700
4.04600074,3.77706700
4.04700074,5.67175200
4.04800074,3.77706700
4.04900074,3.77706700
4.05000074,5.67175200
4.05100074,5.67175200
4.05200074,5.67175200
4.05300074,5.67175200
4.05400074,7.56028500
4.05500074,7.56028500
4.05600074,9.45496900
4.05700074,9.45496900
4.05800074,7.56028500
4.05900074,7.56028500
4.06000074,5.67175200
4.06100074,5.67175200
4.06200074,7.56028500
4.06300074,7.56028500
4.06400074,7.56028500
4.06500074,9.45496900
4.06600074,9.45496900
4.06700074,9.45496900
4.06800074,9.45496900
4.06900074,7.56028500
4.07000074,5.67175200
4.07100074,5.67175200
4.07200074,5.67175200
4.07300074,5.67175200
4.07400074,7.56028500
4.07500074,7.56028500
4.07600074,9.45496900
4.07700074,9.45496900
4.07800074,9.45496900
4.07900074,9.45496900
4.08000074,9.45496900
4.08100074,7.56028500
4.08200074,7.56028500
4.08300074,7.56028500
4.08400074,7.56028500
4.08500074,7.56028500
4.08600074,9.45496900
4.08700074,9.45496900
4.08800074,9.45496900
4.08900074,7.56028500
4.09000074,7.56028500
4.09100074,7.56028500
4.09200074,7.56028500
4.09300074,7.56028500
4.09400074,7.56028500
4.09500074,7.56028500
4.09600074,7.56028500
4.09700074,5.67175200
4.09800074,5.67175200
4.09900074,5.67175200
4.10000074,5.67175200
4.10100074,5.67175200
4.10200074,7.56028500
4.10300074,7.56028500
4.10400074,7.56028500
4.10500074,7.56028500
4.10600074,7.56028500
4.10700074,7.56028500
4.10800074,7.56028500
4.10900074,7.56028500
4.11000074,7.56028500
4.11100074,7.56028500
4.11200074,7.56028500
4.11300074,7.56028500
4.11400074,7.56028500
4.11500074,7.56028500
4.11600074,5.67175200
4.11700074,5.67175200
4.11800074,5.67175200
4.11900074,7.56028500
4.12000074,7.56028500
4.12100074,7.56028500
4.12200074,7.56028500
4.12300074,7.56028500
4.12400074,5.67175200
4.12500074,5.67175200
4.12600074,3.77706700
4.12700074,3.77706700
4.12800074,3.77706700
4.12900074,5.67175200
4.13000074,5.67175200
4.13100074,7.56028500
4.13200074,7.56028500
4.13300074,7.56028500
4.13400074,7.56028500
4.13500074,5.67175200
4.13600074,5.67175200
4.13700074,5.67175200
4.13800074,5.67175200
4.13900074,5.67175200
4.14000074,7.56028500
4.14100074,7.56028500
4.14200074,9.45496900
4.14300074,9.45496900
4.14400074,7.56028500
4.14500074,7.56028500
4.14600074,7.56028500
4.14700074,5.67175200
4.14800074,5.67175200
4.14900074,5.67175200
4.15000074,5.67175200
4.15100074,5.67175200
4.15200074,5.67175200
4.15300074,5.67175200
4.15400074,5.67175200
4.15500074,5.67175200
4.15600074,5.67175200
4.15700074,5.67175200
4.15800074,3.77706700
4.15900074,3.77706700
4.16000074,5.67175200
4.16100074,5.67175200
4.16200074,5.67175200
4.16300074,7.56028500
4.16400074,7.56028500
4.16500074,9.45496900
4.16600074,9.45496900
4.16700074,9.45496900
4.16800074,7.56028500
4.16900074,7.56028500
4.17000074,7.56028500
4.17100074,5.67175200
4.17200074,5.67175200
4.17300074,5.67175200
4.17400074,5.67175200
4.17500074,7.56028500
4.17600074,9.45496900
4.17700074,9.45496900
4.17800074,9.45496900
4.17900074,9.45496900
4.18000074,5.67175200
4.18100074,3.77706700
4.18200074,3.77706700
4.18300074,3.77706700
4.18400074,5.67175200
4.18500074,5.67175200
4.18600074,7.56028500
4.18700074,7.56028500
4.18800074,7.56028500
4.18900074,7.56028500
4.19000074,7.56028500
4.19100074,7.56028500
4.19200074,7.56028500
4.19300074,5.67175200
4.19400074,5.67175200
4.19500074,5.67175200
4.19600074,5.67175200
4.19700074,7.56028500
4.19800074,7.56028500
4.19900074,9.45496900
4.20000074,9.45496900
4.20100074,9.45496900
4.20200074,9.45496900
4.20300074,9.45496900
4.20400074,9.45496900
4.20500074,9.45496900
4.20600074,9.45496900
4.20700074,9.45496900
4.20800074,7.56028500
4.20900074,7.56028500
4.21000074,7.56028500
4.21100074,7.56028500
4.21200074,7.56028500
4.21300074,9.45496900
4.21400074,7.56028500
4.21500074,7.56028500
4.21600074,7.56028500
4.21700074,7.56028500
4.21800074,7.56028500
4.21900074,7.56028500
4.22000074,7.56028500
4.22100074,9.45496900
4.22200074,9.45496900
4.22300074,11.34350000
4.22400074,11.34350000
4.22500074,9.45496900
4.22600074,7.56028500
4.22700074,7.56028500
4.22800074,5.67175200
4.22900074,5.67175200
4.23000074,7.56028500
4.23100074,7.56028500
4.23200074,7.56028500
4.23300074,5.67175200
4.23400074,5.67175200
4.23500074,5.67175200
4.23600074,5.67175200
4.23700074,5.67175200
4.23800074,5.67175200
4.23900074,5.67175200
4.24000074,5.67175200
4.24100074,5.67175200
4.24200074,7.56028500
4.24300074,9.45496900
4.24400074,9.45496900
4.24500074,9.45496900
4.24600074,11.34350000
4.24700073,11.34350000
4.24800073,11.34350000
4.24900073,11.34350000
4.25000073,9.45496900
4.25100073,9.45496900
4.25200073,7.56028500
4.25300073,7.56028500
4.25400073,7.56028500
4.25500073,7.56028500
4.25600073,7.56028500
4.25700073,7.56028500
4.25800073,9.45496900
4.25900073,9.45496900
4.26000073,9.45496900
4.26100073,9.45496900
4.26200073,7.56028500
4.26300073,7.56028500
4.26400073,5.67175200
4.26500073,5.67175200
4.26600073,5.67175200
4.26700073,7.56028500
4.26800073,9.45496900
4.26900073,11.34350000
4.27000073,13.23204000
4.27100073,13.23204000
4.27200073,11.34350000
4.27300073,9.45496900
4.27400073,9.45496900
4.27500073,7.56028500
4.27600073,5.67175200
4.27700073,3.77706700
4.27800073,5.67175200
4.27900073,7.56028500
4.28000073,7.56028500
4.28100073,7.56028500
4.28200073,7.56028500
4.28300073,7.56028500
4.28400073,5.67175200
4.28500073,5.67175200
4.28600073,5.67175200
4.28700073,5.67175200
4.28800073,5.67175200
4.28900073,5.67175200
4.29000073,7.56028500
4.29100073,9.45496900
4.29200073,9.45496900
4.29300073,9.45496900
4.29400073,7.56028500
4.29500073,7.56028500
4.29600073,7.56028500
4.29700073,5.67175200
4.29800073,5.67175200
4.29900073,5.67175200
4.30000073,3.77706700
4.30100073,3.77706700
4.30200073,5.67175200
4.30300073,5.67175200
4.30400073,5.67175200
4.30500073,5.67175200
4.30600073,5.67175200
4.30700073,5.67175200
4.30800073,3.77706700
4.30900073,3.77706700
4.31000073,3.77706700
4.31100073,3.77706700
4.31200073,5.67175200
4.31300073,7.56028500
4.31400073,11.34350000
4.31500073,13.23204000
4.31600073,13.23204000
4.31700073,11.34350000
4.31800073,9.45496900
4.31900073,7.56028500
4.32000073,7.56028500
4.32100073,5.67175200
4.32200073,7.56028500
4.32300073,7.56028500
4.32400073,9.45496900
4.32500073,9.45496900
4.32600073,11.34350000
4.32700073,11.34350000
4.32800073,9.45496900
4.32900073,9.45496900
4.33000073,7.56028500
4.33100073,5.67175200
4.33200073,5.67175200
4.33300073,5.67175200
4.33400073,7.56028500
4.33500073,9.45496900
4.33600073,9.45496900
4.33700073,11.34350000
4.33800073,11.34350000
4.33900073,11.34350000
4.34000073,9.45496900
4.34100073,9.45496900
4.34200073,9.45496900
4.34300073,9.45496900
4.34400073,9.45496900
4.34500073,9.45496900
4.34600073,7.56028500
4.34700073,7.56028500
4.34800073,7.56028500
4.34900073,7.56028500
4.35000073,7.56028500
4.35100073,7.56028500
4.35200073,7.56028500
4.35300073,7.56028500
4.35400073,7.56028500
4.35500073,7.56028500
4.35600073,7.56028500
4.35700073,7.56028500
4.35800073,7.56028500
4.35900073,5.67175200
4.36000073,5.67175200
4.36100073,5.67175200
4.36200073,7.56028500
4.36300073,7.56028500
4.36400073,9.45496900
4.36500073,9.45496900
4.36600073,9.45496900
4.36700073,9.45496900
4.36800073,9.45496900
4.36900073,9.45496900
4.37000073,9.45496900
4.37100073,7.56028500
4.37200073,5.67175200
4.37300073,5.67175200
4.37400073,5.67175200
4.37500073,5.67175200
4.37600073,5.67175200
4.37700073,7.56028500
4.37800073,7.56028500
4.37900073,9.45496900
4.38000073,11.34350000
4.38100073,11.34350000
4.38200073,11.34350000
4.38300073,9.45496900
4.38400073,9.45496900
4.38500073,7.56028500
4.38600073,7.56028500
4.38700073,7.56028500
4.38800073,7.56028500
4.38900073,11.34350000
4.39000073,11.34350000
4.39100073,13.23204000
4.39200073,13.23204000
4.39300073,11.34350000
4.39400073,9.45496900
4.39500073,7.56028500
4.39600073,5.67175200
4.39700073,5.67175200
4.39800073,5.67175200
4.39900073,7.56028500
4.40000073,7.56028500
4.40100073,9.45496900
4.40200073,9.45496900
4.40300073,9.45496900
4.40400073,9.45496900
4.40500073,9.45496900
4.40600073,7.56028500
4.40700073,7.56028500
4.40800073,7.56028500
4.40900073,9.45496900
4.41000073,9.45496900
4.41100073,9.45496900
4.41200073,9.45496900
4.41300073,7.56028500
4.41400073,7.56028500
4.41500073,7.56028500
4.41600073,7.56028500
4.41700073,7.56028500
4.41800073,7.56028500
4.41900073,7.56028500
4.42000073,7.56028500
4.42100073,7.56028500
4.42200073,5.67175200
4.42300073,5.67175200
4.42400073,5.67175200
4.42500073,5.67175200
4.42600073,5.67175200
4.42700073,5.67175200
4.42800073,7.56028500
4.42900073,7.56028500
4.43000073,5.67175200
4.43100073,5.67175200
4.43200073,5.67175200
4.43300073,5.67175200
4.43400073,5.67175200
4.43500073,5.67175200
4.43600073,7.56028500
4.43700073,7.56028500
4.43800073,7.56028500
4.43900073,7.56028500
4.44000073,7.56028500
4.44100073,5.67175200
4.44200073,5.67175200
4.44300073,3.77706700
4.44400073,3.77706700
4.44500073,5.67175200
4.44600073,5.67175200
4.44700073,7.56028500
4.44800073,9.45496900
4.44900073,9.45496900
4.45000073,9.45496900
4.45100073,7.56028500
4.45200073,5.67175200
4.45300073,5.67175200
4.45400073,5.67175200
4.45500073,5.67175200
4.45600073,7.56028500
4.45700073,9.45496900
4.45800073,9.45496900
4.45900073,11.34350000
4.46000073,11.34350000
4.46100073,9.45496900
4.46200073,7.56028500
4.46300073,7.56028500
4.46400073,5.67175200
4.46500073,5.67175200
4.46600073,5.67175200
4.46700073,5.67175200
4.46800073,7.56028500
4.46900073,7.56028500
4.47000073,7.56028500
4.47100073,7.56028500
4.47200073,7.56028500
4.47300073,7.56028500
4.47400073,7.56028500
4.47500073,7.56028500
4.47600073,5.67175200
4.47700073,5.67175200
4.47800073,5.67175200
4.47900073,5.67175200
4.48000073,5.67175200
4.48100073,5.67175200
4.48200073,7.56028500
4.48300073,7.56028500
4.48400073,7.56028500
4.48500073,5.67175200
4.48600073,5.67175200
4.48700073,5.67175200
4.48800073,5.67175200
4.48900073,5.67175200
4.49000073,5.67175200
4.49100073,5.67175200
4.49200073,5.67175200
4.49300073,5.67175200
4.49400073,5.67175200
4.49500073,5.67175200
4.49600073,5.67175200
4.49700073,5.67175200
4.49800073,3.77706700
4.49900073,3.77706700
4.50000073,5.67175200
4.50100073,5.67175200
4.50200073,7.56028500
4.50300073,7.56028500
4.50400073,7.56028500
4.50500073,7.56028500
4.50600073,5.67175200
4.50700073,5.67175200
4.50800073,5.67175200
4.50900073,5.67175200
4.51000073,5.67175200
4.51100073,7.56028500
4.51200073,7.56028500
4.51300073,9.45496900
4.51400073,9.45496900
4.51500073,7.56028500
4.51600073,7.56028500
4.51700073,7.56028500
4.51800073,5.67175200
4.51900073,5.67175200
4.52000073,5.67175200
4.52100073,5.67175200
4.52200073,5.67175200
4.52300073,7.56028500
4.52400073,7.56028500
4.52500073,7.56028500
4.52600073,7.56028500
4.52700073,7.56028500
4.52800073,5.67175200
4.52900073,5.67175200
4.53000073,5.67175200
4.53100073,5.67175200
4.53200073,7.56028500
4.53300073,7.56028500
4.53400073,7.56028500
4.53500073,7.56028500
4.53600073,7.56028500
4.53700073,7.56028500
4.53800073,7.56028500
4.53900073,7.56028500
4.54000073,7.56028500
4.54100073,7.56028500
4.54200073,7.56028500
4.54300073,7.56028500
4.54400073,5.67175200
4.54500073,5.67175200
4.54600073,7.56028500
4.54700073,7.56028500
4.54800073,7.56028500
4.54900073,7.56028500
4.55000073,7.56028500
4.55100073,7.56028500
4.55200073,9.45496900
4.55300073,7.56028500
4.55400073,7.56028500
4.55500073,7.56028500
4.55600073,5.67175200
4.55700073,5.67175200
4.55800073,7.56028500
4.55900073,7.56028500
4.56000073,5.67175200
4.56100073,5.67175200
4.56200073,7.56028500
4.56300073,7.56028500
4.56400073,5.67175200
4.56500073,5.67175200
4.56600073,5.67175200
4.56700073,5.67175200
4.56800073,5.67175200
4.56900073,5.67175200
4.57000073,5.67175200
4.57100073,5.67175200
4.57200073,3.77706700
4.57300073,3.77706700
4.57400073,5.67175200
4.57500073,5.67175200
4.57600073,3.77706700
4.57700073,3.77706700
4.57800073,3.77706700
4.57900073,5.67175200
4.58000073,5.67175200
4.58100073,3.77706700
4.58200073,3.77706700
4.58300073,3.77706700
4.58400073,3.77706700
4.58500073,3.77706700
4.58600073,3.77706700
4.58700073,3.77706700
4.58800073,3.77706700
4.58900073,3.77706700
4.59000073,3.77706700
4.59100073,3.77706700
4.59200073,3.77706700
4.59300073,3.77706700
4.59400073,3.77706700
4.59500073,3.77706700
4.59600073,3.77706700
4.59700073,3.77706700
4.59800073,1.88853300
4.59900073,1.88853300
4.60000072,3.77706700
4.60100072,3.77706700
4.60200072,3.77706700
4.60300072,3.77706700
4.60400072,3.77706700
4.60500072,3.77706700
4.60600072,3.77706700
4.60700072,3.77706700
4.60800072,3.77706700
4.60900072,3.77706700
4.61000072,3.77706700
4.61100072,3.77706700
4.61200072,3.77706700
4.61300072,3.77706700
4.61400072,3.77706700
4.61500072,3.77706700
4.61600072,3.77706700
4.61700072,3.77706700
4.61800072,1.88853300
4.61900072,1.88853300
4.62000072,3.77706700
4.62100072,3.77706700
4.62200072,5.67175200
4.62300072,5.67175200
4.62400072,5.67175200
4.62500072,3.77706700
4.62600072,3.77706700
4.62700072,1.88853300
4.62800072,1.88853300
4.62900072,1.88853300
4.63000072,1.88853300
4.63100072,1.88853300
4.63200072,1.88853300
4.63300072,1.88853300
4.63400072,1.88853300
4.63500072,1.88853300
4.63600072,1.88853300
4.63700072,0.00000000
4.63800072,0.00000000
4.63900072,0.00000000
4.64000072,0.00000000
4.64100072,0.00000000
4.64200072,0.00000000
4.64300072,0.00000000
4.64400072,0.00000000
4.64500072,0.00000000
4.64600072,0.00000000
4.64700072,0.00000000
4.64800072,0.00000000
4.64900072,-1.88853300
4.65000072,-1.88853300
4.65100072,-1.88853300
4.65200072,-1.88853300
4.65300072,-1.88853300
4.65400072,-1.88853300
4.65500072,-1.88853300
4.65600072,-1.88853300
4.65700072,-1.88853300
4.65800072,-1.88853300
4.65900072,-1.88853300
4.66000072,-1.88853300
4.66100072,0.00000000
4.66200072,0.00000000
4.66300072,0.00000000
4.66400072,0.00000000
4.66500072,-1.88853300
4.66600072,0.00000000
4.66700072,0.00000000
4.66800072,1.88853300
4.66900072,1.88853300
4.67000072,1.88853300
4.67100072,1.88853300
4.67200072,0.00000000
4.67300072,0.00000000
4.67400072,0.00000000
4.67500072,0.00000000
4.67600072,0.00000000
4.67700072,0.00000000
4.67800072,0.00000000
4.67900072,1.88853300
4.68000072,1.88853300
4.68100072,0.00000000
4.68200072,0.00000000
4.68300072,0.00000000
4.68400072,0.00000000
4.68500072,0.00000000
4.68600072,0.00000000
4.68700072,1.88853300
4.68800072,1.88853300
4.68900072,1.88853300
4.69000072,1.88853300
4.69100072,1.88853300
4.69200072,0.00000000
4.69300072,0.00000000
4.69400072,0.00000000
4.69500072,0.00000000
4.69600072,0.00000000
4.69700072,1.88853300
4.69800072,1.88853300
4.69900072,1.88853300
4.70000072,0.00000000
4.70100072,0.00000000
4.70200072,-1.88853300
4.70300072,-1.88853300
4.70400072,-1.88853300
4.70500072,0.00000000
4.70600072,0.00000000
4.70700072,0.00000000
4.70800072,0.00000000
4.70900072,0.00000000
4.71000072,0.00000000
4.71100072,0.00000000
4.71200072,-1.88853300
4.71300072,-1.88853300
4.71400072,0.00000000
4.71500072,0.00000000
4.71600072,0.00000000
4.71700072,0.00000000
4.71800072,0.00000000
4.71900072,0.00000000
4.72000072,0.00000000
4.72100072,-1.88853300
4.72200072,-1.88853300
4.72300072,-1.88853300
4.72400072,-1.88853300
4.72500072,-1.88853300
4.72600072,-1.88853300
4.72700072,-1.88853300
4.72800072,-1.88853300
4.72900072,-1.88853300
4.73000072,-1.88853300
4.73100072,-1.88853300
4.73200072,-1.88853300
4.73300072,0.00000000
4.73400072,0.00000000
4.73500072,1.88853300
4.73600072,0.00000000
4.73700072,0.00000000
4.73800072,-1.88853300
4.73900072,-1.88853300
4.74000072,-1.88853300
4.74100072,-1.88853300
4.74200072,-1.88853300
4.74300072,0.00000000
4.74400072,0.00000000
4.74500072,0.00000000
4.74600072,0.00000000
4.74700072,0.00000000
4.74800072,-1.88853300
4.74900072,-1.88853300
4.75000072,-1.88853300
4.75100072,0.00000000
4.75200072,0.00000000
4.75300072,0.00000000
4.75400072,0.00000000
4.75500072,1.88853300
4.75600072,0.00000000
4.75700072,0.00000000
4.75800072,-1.88853300
4.75900072,-1.88853300
4.76000072,-1.88853300
4.76100072,0.00000000
4.76200072,0.00000000
4.76300072,1.88853300
4.76400072,1.88853300
4.76500072,1.88853300
4.76600072,0.00000000
4.76700072,0.00000000
4.76800072,-1.88853300
4.76900072,0.00000000
4.77000072,0.00000000
4.77100072,0.00000000
4.77200072,0.00000000
4.77300072,0.00000000
4.77400072,0.00000000
4.77500072,0.00000000
4.77600072,0.00000000
4.77700072,-1.88853300
4.77800072,-1.88853300
4.77900072,-1.88853300
4.78000072,-1.88853300
4.78100072,0.00000000
4.78200072,0.00000000
4.78300072,0.00000000
4.78400072,0.00000000
4.78500072,-1.88853300
4.78600072,-1.88853300
4.78700072,-1.88853300
4.78800072,-1.88853300
4.78900072,-1.88853300
4.79000072,-1.88853300
4.79100072,0.00000000
4.79200072,0.00000000
4.79300072,-1.88853300
4.79400072,-1.88853300
4.79500072,-3.77706700
4.79600072,-3.77706700
4.79700072,-3.77706700
4.79800072,-1.88853300
4.79900072,-1.88853300
4.80000072,-1.88853300
4.80100072,-1.88853300
4.80200072,-1.88853300
4.80300072,-3.77706700
4.80400072,-3.77706700
4.80500072,-3.77706700
4.80600072,-3.77706700
4.80700072,-3.77706700
4.80800072,-3.77706700
4.80900072,-1.88853300
4.81000072,-1.88853300
4.81100072,-1.88853300
4.81200072,-1.88853300
4.81300072,-3.77706700
4.81400072,-3.77706700
4.81500072,-3.77706700
4.81600072,-5.67175200
4.81700072,-3.77706700
4.81800072,-3.77706700
4.81900072,-1.88853300
4.82000072,-3.77706700
4.82100072,-3.77706700
4.82200072,-3.77706700
4.82300072,-3.77706700
4.82400072,-5.67175200
4.82500072,-5.67175200
4.82600072,-5.67175200
4.82700072,-3.77706700
4.82800072,-1.88853300
4.82900072,-1.88853300
4.83000072,-1.88853300
4.83100072,-1.88853300
4.83200072,-3.77706700
4.83300072,-3.77706700
4.83400072,-3.77706700
4.83500072,-3.77706700
4.83600072,-3.77706700
4.83700072,-3.77706700
4.83800072,-3.77706700
4.83900072,-1.88853300
4.84000072,-1.88853300
4.84100072,-1.88853300
4.84200072,-1.88853300
4.84300072,-1.88853300
4.84400072,-3.77706700
4.84500072,-3.77706700
4.84600072,-1.88853300
4.84700072,-1.88853300
4.84800072,-1.88853300
4.84900072,-3.77706700
4.85000072,-3.77706700
4.85100072,-3.77706700
4.85200072,-3.77706700
4.85300072,-3.77706700
4.85400072,-1.88853300
4.85500072,-1.88853300
4.85600072,-1.88853300
4.85700072,-3.77706700
4.85800072,-3.77706700
4.85900072,-3.77706700
4.86000072,-3.77706700
4.86100072,-5.67175200
4.86200072,-3.77706700
4.86300072,-3.77706700
4.86400072,-3.77706700
4.86500072,-3.77706700
4.86600072,-1.88853300
4.86700072,-3.77706700
4.86800072,-3.77706700
4.86900072,-5.67175200
4.87000072,-5.67175200
4.87100072,-5.67175200
4.87200072,-5.67175200
4.87300072,-5.67175200
4.87400072,-3.77706700
4.87500072,-3.77706700
4.87600072,-3.77706700
4.87700072,-3.77706700
4.87800072,-5.67175200
4.87900072,-5.67175200
4.88000072,-5.67175200
4.88100072,-7.56028500
4.88200072,-5.67175200
4.88300072,-5.67175200
4.88400072,-3.77706700
4.88500072,-3.77706700
4.88600072,-3.77706700
4.88700072,-3.77706700
4.88800072,-5.67175200
4.88900072,-5.67175200
4.89000072,-5.67175200
4.89100072,-5.67175200
4.89200072,-5.67175200
4.89300072,-5.67175200
4.89400072,-3.77706700
4.89500072,-3.77706700
4.89600072,-3.77706700
4.89700072,-3.77706700
4.89800072,-3.77706700
4.89900072,-3.77706700
4.90000072,-3.77706700
4.90100072,-3.77706700
4.90200072,-3.77706700
4.90300072,-3.77706700
4.90400072,-3.77706700
4.90500072,-3.77706700
4.90600072,-3.77706700
4.90700072,-3.77706700
4.90800072,-3.77706700
4.90900072,-3.77706700
4.91000072,-3.77706700
4.91100072,-3.77706700
4.91200072,-3.77706700
4.91300072,-3.77706700
4.91400072,-3.77706700
4.91500072,-3.77706700
4.91600072,-3.77706700
4.91700072,-3.77706700
4.91800072,-3.77706700
4.91900072,-3.77706700
4.92000072,-3.77706700
4.92100072,-3.77706700
4.92200072,-3.77706700
4.92300072,-3.77706700
4.92400072,-3.77706700
4.92500072,-5.67175200
4.92600072,-5.67175200
4.92700072,-5.67175200
4.92800072,-5.67175200
4.92900072,-5.67175200
4.93000072,-3.77706700
4.93100072,-5.67175200
4.93200072,-5.67175200
4.93300072,-5.67175200
4.93400072,-5.67175200
4.93500072,-5.67175200
4.93600072,-5.67175200
4.93700072,-5.67175200
4.93800072,-5.67175200
4.93900072,-5.67175200
4.94000072,-5.67175200
4.94100072,-5.67175200
4.94200072,-5.67175200
4.94300072,-5.67175200
4.94400072,-7.56028500
4.94500072,-7.56028500
4.94600072,-7.56028500
4.94700072,-7.56028500
4.94800072,-5.67175200
4.94900072,-5.67175200
4.95000072,-3.77706700
4.95100072,-3.77706700
4.95200072,-5.67175200
4.95300072,-5.67175200
4.95400071,-7.56028500
4.95500071,-7.56028500
4.95600071,-5.67175200
4.95700071,-5.67175200
4.95800071,-5.67175200
4.95900071,-3.77706700
4.96000071,-5.67175200
4.96100071,-5.67175200
4.96200071,-5.67175200
4.96300071,-5.67175200
4.96400071,-5.67175200
4.96500071,-7.56028500
4.96600071,-7.56028500
4.96700071,-5.67175200
4.96800071,-7.56028500
4.96900071,-7.56028500
4.97000071,-7.56028500
4.97100071,-7.56028500
4.97200071,-7.56028500
4.97300071,-7.56028500
4.97400071,-9.45496900
4.97500071,-9.45496900
4.97600071,-9.45496900
4.97700071,-9.45496900
4.97800071,-9.45496900
4.97900071,-9.45496900
4.98000071,-11.34350000
4.98100071,-11.34350000
4.98200071,-11.34350000
4.98300071,-9.45496900
4.98400071,-9.45496900
4.98500071,-9.45496900
4.98600071,-11.34350000
4.98700071,-11.34350000
4.98800071,-11.34350000
4.98900071,-13.23204000
4.99000071,-13.23204000
4.99100071,-13.23204000
4.99200071,-13.23204000
4.99300071,-13.23204000
4.99400071,-11.34350000
4.99500071,-11.34350000
4.99600071,-11.34350000
4.99700071,-11.34350000
4.99800071,-11.34350000
4.99900071,-11.34350000
5.00000071,-13.23204000
5.00100071,-11.34350000
5.00200071,-11.34350000
5.00300071,-9.45496900
5.00400071,-9.45496900
5.00500071,-9.45496900
5.00600071,-9.45496900
5.00700071,-7.56028500
5.00800071,-9.45496900
5.00900071,-9.45496900
5.01000071,-9.45496900
5.01100071,-9.45496900
5.01200071,-9.45496900
5.01300071,-7.56028500
5.01400071,-7.56028500
5.01500071,-7.56028500
5.01600071,-7.56028500
5.01700071,-9.45496900
5.01800071,-9.45496900
5.01900071,-7.56028500
5.02000071,-7.56028500
5.02100071,-7.56028500
5.02200071,-7.56028500
5.02300071,-5.67175200
5.02400071,-5.67175200
5.02500071,-7.56028500
5.02600071,-7.56028500
5.02700071,-7.56028500
5.02800071,-7.56028500
5.02900071,-9.45496900
5.03000071,-9.45496900
5.03100071,-7.56028500
5.03200071,-7.56028500
5.03300071,-7.56028500
5.03400071,-7.56028500
5.03500071,-7.56028500
5.03600071,-7.56028500
5.03700071,-9.45496900
5.03800071,-9.45496900
5.03900071,-9.45496900
5.04000071,-9.45496900
5.04100071,-9.45496900
5.04200071,-7.56028500
5.04300071,-7.56028500
5.04400071,-7.56028500
5.04500071,-9.45496900
5.04600071,-9.45496900
5.04700071,-9.45496900
5.04800071,-9.45496900
5.04900071,-9.45496900
5.05000071,-9.45496900
5.05100071,-9.45496900
5.05200071,-9.45496900
5.05300071,-7.56028500
5.05400071,-7.56028500
5.05500071,-7.56028500
5.05600071,-9.45496900
5.05700071,-9.45496900
5.05800071,-9.45496900
5.05900071,-9.45496900
5.06000071,-9.45496900
5.06100071,-7.56028500
5.06200071,-7.56028500
5.06300071,-7.56028500
5.06400071,-9.45496900
5.06500071,-9.45496900
5.06600071,-9.45496900
5.06700071,-9.45496900
5.06800071,-9.45496900
5.06900071,-7.56028500
5.07000071,-7.56028500
5.07100071,-5.67175200
5.07200071,-7.56028500
5.07300071,-7.56028500
5.07400071,-7.56028500
5.07500071,-7.56028500
5.07600071,-7.56028500
5.07700071,-7.56028500
5.07800071,-7.56028500
5.07900071,-7.56028500
5.08000071,-7.56028500
5.08100071,-7.56028500
5.08200071,-7.56028500
5.08300071,-9.45496900
5.08400071,-9.45496900
5.08500071,-9.45496900
5.08600071,-9.45496900
5.08700071,-9.45496900
5.08800071,-9.45496900
5.08900071,-9.45496900
5.09000071,-7.56028500
5.09100071,-7.56028500
5.09200071,-7.56028500
5.09300071,-9.45496900
5.09400071,-9.45496900
5.09500071,-9.45496900
5.09600071,-9.45496900
5.09700071,-9.45496900
5.09800071,-7.56028500
5.09900071,-7.56028500
5.10000071,-7.56028500
5.10100071,-7.56028500
5.10200071,-9.45496900
5.10300071,-9.45496900
5.10400071,-9.45496900
5.10500071,-7.56028500
5.10600071,-7.56028500
5.10700071,-7.56028500
5.10800071,-7.56028500
5.10900071,-7.56028500
5.11000071,-7.56028500
5.11100071,-5.67175200
5.11200071,-5.67175200
5.11300071,-5.67175200
5.11400071,-5.67175200
5.11500071,-5.67175200
5.11600071,-5.67175200
5.11700071,-5.67175200
5.11800071,-5.67175200
5.11900071,-5.67175200
5.12000071,-5.67175200
5.12100071,-5.67175200
5.12200071,-5.67175200
5.12300071,-5.67175200
5.12400071,-3.77706700
5.12500071,-3.77706700
5.12600071,-3.77706700
5.12700071,-1.88853300
5.12800071,-3.77706700
5.12900071,-5.67175200
5.13000071,-5.67175200
5.13100071,-7.56028500
5.13200071,-5.67175200
5.13300071,-5.67175200
5.13400071,-5.67175200
5.13500071,-3.77706700
5.13600071,-5.67175200
5.13700071,-5.67175200
5.13800071,-5.67175200
5.13900071,-7.56028500
5.14000071,-7.56028500
5.14100071,-9.45496900
5.14200071,-9.45496900
5.14300071,-9.45496900
5.14400071,-7.56028500
5.14500071,-7.56028500
5.14600071,-5.67175200
5.14700071,-5.67175200
5.14800071,-7.56028500
5.14900071,-7.56028500
5.15000071,-9.45496900
5.15100071,-9.45496900
5.15200071,-9.45496900
5.15300071,-9.45496900
5.15400071,-9.45496900
5.15500071,-9.45496900
5.15600071,-9.45496900
5.15700071,-9.45496900
5.15800071,-9.45496900
5.15900071,-9.45496900
5.16000071,-9.45496900
5.16100071,-11.34350000
5.16200071,-9.45496900
5.16300071,-9.45496900
5.16400071,-9.45496900
5.16500071,-9.45496900
5.16600071,-9.45496900
5.16700071,-9.45496900
5.16800071,-9.45496900
5.16900071,-9.45496900
5.17000071,-9.45496900
5.17100071,-9.45496900
5.17200071,-9.45496900
5.17300071,-9.45496900
5.17400071,-9.45496900
5.17500071,-7.56028500
5.17600071,-7.56028500
5.17700071,-7.56028500
5.17800071,-7.56028500
5.17900071,-7.56028500
5.18000071,-7.56028500
5.18100071,-7.56028500
5.18200071,-7.56028500
5.18300071,-7.56028500
5.18400071,-7.56028500
5.18500071,-7.56028500
5.18600071,-7.56028500
5.18700071,-7.56028500
5.18800071,-7.56028500
5.18900071,-7.56028500
5.19000071,-5.67175200
5.19100071,-5.67175200
5.19200071,-7.56028500
5.19300071,-7.56028500
5.19400071,-7.56028500
5.19500071,-7.56028500
5.19600071,-7.56028500
5.19700071,-7.56028500
5.19800071,-7.56028500
5.19900071,-5.67175200
5.20000071,-7.56028500
5.20100071,-5.67175200
5.20200071,-5.67175200
5.20300071,-7.56028500
5.20400071,-7.56028500
5.20500071,-7.56028500
5.20600071,-7.56028500
5.20700071,-7.56028500
5.20800071,-7.56028500
5.20900071,-7.56028500
5.21000071,-7.56028500
5.21100071,-7.56028500
5.21200071,-7.56028500
5.21300071,-7.56028500
5.21400071,-7.56028500
5.21500071,-7.56028500
5.21600071,-7.56028500
5.21700071,-7.56028500
5.21800071,-7.56028500
5.21900071,-7.56028500
5.22000071,-9.45496900
5.22100071,-7.56028500
5.22200071,-9.45496900
5.22300071,-9.45496900
5.22400071,-9.45496900
5.22500071,-7.56028500
5.22600071,-7.56028500
5.22700071,-7.56028500
5.22800071,-7.56028500
5.22900071,-9.45496900
5.23000071,-9.45496900
5.23100071,-9.45496900
5.23200071,-9.45496900
5.23300071,-9.45496900
5.23400071,-9.45496900
5.23500071,-9.45496900
5.23600071,-7.56028500
5.23700071,-7.56028500
5.23800071,-7.56028500
5.23900071,-7.56028500
5.24000071,-9.45496900
5.24100071,-9.45496900
5.24200071,-9.45496900
5.24300071,-9.45496900
5.24400071,-9.45496900
5.24500071,-7.56028500
5.24600071,-7.56028500
5.24700071,-7.56028500
5.24800071,-7.56028500
5.24900071,-7.56028500
5.25000071,-7.56028500
5.25100071,-9.45496900
5.25200071,-9.45496900
5.25300071,-9.45496900
5.25400071,-9.45496900
5.25500071,-7.56028500
5.25600071,-7.56028500
5.25700071,-5.67175200
5.25800071,-5.67175200
5.25900071,-7.56028500
5.26000071,-7.56028500
5.26100071,-7.56028500
5.26200071,-7.56028500
5.26300071,-7.56028500
5.26400071,-9.45496900
5.26500071,-9.45496900
5.26600071,-7.56028500
5.26700071,-7.56028500
5.26800071,-7.56028500
5.26900071,-7.56028500
5.27000071,-7.56028500
5.27100071,-7.56028500
5.27200071,-7.56028500
5.27300071,-9.45496900
5.27400071,-9.45496900
5.27500071,-7.56028500
5.27600071,-7.56028500
5.27700071,-7.56028500
5.27800071,-7.56028500
5.27900071,-7.56028500
5.28000071,-7.56028500
5.28100071,-7.56028500
5.28200071,-7.56028500
5.28300071,-7.56028500
5.28400071,-7.56028500
5.28500071,-7.56028500
5.28600071,-7.56028500
5.28700071,-7.56028500
5.28800071,-7.56028500
5.28900071,-7.56028500
5.29000071,-7.56028500
5.29100071,-7.56028500
5.29200071,-7.56028500
5.29300071,-7.56028500
5.29400071,-7.56028500
5.29500071,-9.45496900
5.29600071,-9.45496900
5.29700071,-9.45496900
5.29800071,-9.45496900
5.29900071,-9.45496900
5.30000071,-9.45496900
5.30100071,-9.45496900
5.30200071,-7.56028500
5.30300071,-7.56028500
5.30400071,-9.45496900
5.30500071,-9.45496900
5.30600071,-9.45496900
5.30700071,-9.45496900
5.30800070,-9.45496900
5.30900070,-9.45496900
5.31000070,-7.56028500
5.31100070,-7.56028500
5.31200070,-7.56028500
5.31300070,-9.45496900
5.31400070,-9.45496900
5.31500070,-9.45496900
5.31600070,-9.45496900
5.31700070,-9.45496900
5.31800070,-9.45496900
5.31900070,-7.56028500
5.32000070,-7.56028500
5.32100070,-7.56028500
5.32200070,-7.56028500
5.32300070,-7.56028500
5.32400070,-9.45496900
5.32500070,-9.45496900
5.32600070,-9.45496900
5.32700070,-9.45496900
5.32800070,-9.45496900
5.32900070,-9.45496900
5.33000070,-7.56028500
5.33100070,-7.56028500
5.33200070,-7.56028500
5.33300070,-9.45496900
5.33400070,-9.45496900
5.33500070,-9.45496900
5.33600070,-7.56028500
5.33700070,-7.56028500
5.33800070,-7.56028500
5.33900070,-7.56028500
5.34000070,-7.56028500
5.34100070,-7.56028500
5.34200070,-7.56028500
5.34300070,-7.56028500
5.34400070,-9.45496900
5.34500070,-9.45496900
5.34600070,-7.56028500
5.34700070,-7.56028500
5.34800070,-5.67175200
5.34900070,-3.77706700
5.35000070,-3.77706700
5.35100070,-3.77706700
5.35200070,-5.67175200
5.35300070,-5.67175200
5.35400070,-5.67175200
5.35500070,-3.77706700
5.35600070,-3.77706700
5.35700070,-1.88853300
5.35800070,-1.88853300
5.35900070,-1.88853300
5.36000070,-3.77706700
5.36100070,-3.77706700
5.36200070,-3.77706700
5.36300070,-3.77706700
5.36400070,-1.88853300
5.36500070,-1.88853300
5.36600070,-1.88853300
5.36700070,-1.88853300
5.36800070,-1.88853300
5.36900070,-3.77706700
5.37000070,-3.77706700
5.37100070,-3.77706700
5.37200070,-3.77706700
5.37300070,-3.77706700
5.37400070,-1.88853300
5.37500070,-1.88853300
5.37600070,-1.88853300
5.37700070,-1.88853300
5.37800070,-3.77706700
5.37900070,-5.67175200
5.38000070,-5.67175200
5.38100070,-7.56028500
5.38200070,-7.56028500
5.38300070,-7.56028500
5.38400070,-7.56028500
5.38500070,-7.56028500
5.38600070,-5.67175200
5.38700070,-5.67175200
5.38800070,-5.67175200
5.38900070,-7.56028500
5.39000070,-7.56028500
5.39100070,-7.56028500
5.39200070,-7.56028500
5.39300070,-7.56028500
5.39400070,-7.56028500
5.39500070,-7.56028500
5.39600070,-7.56028500
5.39700070,-7.56028500
5.39800070,-7.56028500
5.39900070,-7.56028500
5.40000070,-9.45496900
5.40100070,-9.45496900
5.40200070,-7.56028500
5.40300070,-7.56028500
5.40400070,-7.56028500
5.40500070,-5.67175200
5.40600070,-5.67175200
5.40700070,-5.67175200
5.40800070,-7.56028500
5.40900070,-7.56028500
5.41000070,-7.56028500
5.41100070,-7.56028500
5.41200070,-5.67175200
5.41300070,-5.67175200
5.41400070,-5.67175200
5.41500070,-5.67175200
5.41600070,-5.67175200
5.41700070,-7.56028500
5.41800070,-5.67175200
5.41900070,-5.67175200
5.42000070,-5.67175200
5.42100070,-5.67175200
5.42200070,-5.67175200
5.42300070,-3.77706700
5.42400070,-3.77706700
5.42500070,-3.77706700
5.42600070,-3.77706700
5.42700070,-3.77706700
5.42800070,-5.67175200
5.42900070,-5.67175200
5.43000070,-5.67175200
5.43100070,-5.67175200
5.43200070,-3.77706700
5.43300070,-3.77706700
5.43400070,-3.77706700
5.43500070,-5.67175200
5.43600070,-5.67175200
5.43700070,-7.56028500
5.43800070,-9.45496900
5.43900070,-7.56028500
5.44000070,-7.56028500
5.44100070,-7.56028500
5.44200070,-5.67175200
5.44300070,-5.67175200
5.44400070,-5.67175200
5.44500070,-7.56028500
5.44600070,-7.56028500
5.44700070,-9.45496900
5.44800070,-9.45496900
5.44900070,-11.34350000
5.45000070,-9.45496900
5.45100070,-9.45496900
5.45200070,-7.56028500
5.45300070,-7.56028500
5.45400070,-9.45496900
5.45500070,-9.45496900
5.45600070,-11.34350000
5.45700070,-13.23204000
5.45800070,-13.23204000
5.45900070,-13.23204000
5.46000070,-11.34350000
5.46100070,-11.34350000
5.46200070,-11.34350000
5.46300070,-11.34350000
5.46400070,-11.34350000
5.46500070,-11.34350000
5.46600070,-11.34350000
5.46700070,-13.23204000
5.46800070,-13.23204000
5.46900070,-13.23204000
5.47000070,-11.34350000
5.47100070,-11.34350000
5.47200070,-11.34350000
5.47300070,-11.34350000
5.47400070,-11.34350000
5.47500070,-11.34350000
5.47600070,-11.34350000
5.47700070,-11.34350000
5.47800070,-11.34350000
5.47900070,-9.45496900
5.48000070,-9.45496900
5.48100070,-9.45496900
5.48200070,-9.45496900
5.48300070,-7.56028500
5.48400070,-7.56028500
5.48500070,-7.56028500
5.48600070,-7.56028500
5.48700070,-5.67175200
5.48800070,-5.67175200
5.48900070,-5.67175200
5.49000070,-7.56028500
5.49100070,-7.56028500
5.49200070,-7.56028500
5.49300070,-7.56028500
5.49400070,-7.56028500
5.49500070,-7.56028500
5.49600070,-5.67175200
5.49700070,-5.67175200
5.49800070,-3.77706700
5.49900070,-3.77706700
5.50000070,-3.77706700
5.50100070,-5.67175200
5.50200070,-5.67175200
5.50300070,-7.56028500
5.50400070,-7.56028500
5.50500070,-7.56028500
5.50600070,-5.67175200
5.50700070,-5.67175200
5.50800070,-5.67175200
5.50900070,-3.77706700
5.51000070,-5.67175200
5.51100070,-5.67175200
5.51200070,-7.56028500
5.51300070,-7.56028500
5.51400070,-7.56028500
5.51500070,-7.56028500
5.51600070,-7.56028500
5.51700070,-5.67175200
5.51800070,-5.67175200
5.51900070,-3.77706700
5.52000070,-5.67175200
5.52100070,-5.67175200
5.52200070,-7.56028500
5.52300070,-7.56028500
5.52400070,-7.56028500
5.52500070,-7.56028500
5.52600070,-7.56028500
5.52700070,-7.56028500
5.52800070,-7.56028500
5.52900070,-7.56028500
5.53000070,-7.56028500
5.53100070,-7.56028500
5.53200070,-7.56028500
5.53300070,-7.56028500
5.53400070,-7.56028500
5.53500070,-7.56028500
5.53600070,-9.45496900
5.53700070,-7.56028500
5.53800070,-7.56028500
5.53900070,-7.56028500
5.54000070,-7.56028500
5.54100070,-5.67175200
5.54200070,-5.67175200
5.54300070,-5.67175200
5.54400070,-5.67175200
5.54500070,-5.67175200
5.54600070,-5.67175200
5.54700070,-7.56028500
5.54800070,-7.56028500
5.54900070,-7.56028500
5.55000070,-7.56028500
5.55100070,-5.67175200
5.55200070,-5.67175200
5.55300070,-5.67175200
5.55400070,-3.77706700
5.55500070,-3.77706700
5.55600070,-5.67175200
5.55700070,-5.67175200
5.55800070,-7.56028500
5.55900070,-7.56028500
5.56000070,-7.56028500
5.56100070,-7.56028500
5.56200070,-5.67175200
5.56300070,-5.67175200
5.56400070,-3.77706700
5.56500070,-3.77706700
5.56600070,-3.77706700
5.56700070,-5.67175200
5.56800070,-5.67175200
5.56900070,-7.56028500
5.57000070,-5.67175200
5.57100070,-5.67175200
5.57200070,-5.67175200
5.57300070,-5.67175200
5.57400070,-5.67175200
5.57500070,-3.77706700
5.57600070,-3.77706700
5.57700070,-5.67175200
5.57800070,-5.67175200
5.57900070,-7.56028500
5.58000070,-7.56028500
5.58100070,-7.56028500
5.58200070,-7.56028500
5.58300070,-5.67175200
5.58400070,-5.67175200
5.58500070,-5.67175200
5.58600070,-5.67175200
5.58700070,-5.67175200
5.58800070,-5.67175200
5.58900070,-7.56028500
5.59000070,-7.56028500
5.59100070,-7.56028500
5.59200070,-7.56028500
5.59300070,-7.56028500
5.59400070,-7.56028500
5.59500070,-7.56028500
5.59600070,-7.56028500
5.59700070,-5.67175200
5.59800070,-5.67175200
5.59900070,-5.67175200
5.60000070,-7.56028500
5.60100070,-7.56028500
5.60200070,-7.56028500
5.60300070,-7.56028500
5.60400070,-7.56028500
5.60500070,-9.45496900
5.60600070,-7.56028500
5.60700070,-7.56028500
5.60800070,-5.67175200
5.60900070,-7.56028500
5.61000070,-7.56028500
5.61100070,-7.56028500
5.61200070,-7.56028500
5.61300070,-7.56028500
5.61400070,-7.56028500
5.61500070,-7.56028500
5.61600070,-7.56028500
5.61700070,-7.56028500
5.61800070,-5.67175200
5.61900070,-5.67175200
5.62000070,-5.67175200
5.62100070,-7.56028500
5.62200070,-7.56028500
5.62300070,-7.56028500
5.62400070,-7.56028500
5.62500070,-7.56028500
5.62600070,-7.56028500
5.62700070,-5.67175200
5.62800070,-5.67175200
5.62900070,-5.67175200
5.63000070,-5.67175200
5.63100070,-5.67175200
5.63200070,-5.67175200
5.63300070,-5.67175200
5.63400070,-5.67175200
5.63500070,-5.67175200
5.63600070,-5.67175200
5.63700070,-5.67175200
5.63800070,-5.67175200
5.63900070,-5.67175200
5.64000070,-5.67175200
5.64100070,-5.67175200
5.64200070,-5.67175200
5.64300070,-5.67175200
5.64400070,-5.67175200
5.64500070,-5.67175200
5.64600070,-5.67175200
5.64700070,-5.67175200
5.64800070,-5.67175200
5.64900070,-5.67175200
5.65000070,-3.77706700
5.65100070,-5.67175200
5.65200070,-5.67175200
5.65300070,-5.67175200
5.65400070,-3.77706700
5.65500070,-3.77706700
5.65600070,-3.77706700
5.65700070,-5.67175200
5.65800070,-5.67175200
5.65900070,-5.67175200
5.66000070,-5.67175200
5.66100069,-5.67175200
5.66200069,-5.67175200
5.66300069,-3.77706700
5.66400069,-3.77706700
5.66500069,-3.77706700
5.66600069,-3.77706700
5.66700069,-5.67175200
5.66800069,-5.67175200
5.66900069,-7.56028500
5.67000069,-7.56028500
5.67100069,-5.67175200
5.67200069,-5.67175200
5.67300069,-5.67175200
5.67400069,-3.77706700
5.67500069,-3.77706700
5.67600069,-3.77706700
5.67700069,-5.67175200
5.67800069,-5.67175200
5.67900069,-5.67175200
5.68000069,-7.56028500
5.68100069,-5.67175200
5.68200069,-5.67175200
5.68300069,-5.67175200
5.68400069,-3.77706700
5.68500069,-3.77706700
5.68600069,-3.77706700
5.68700069,-3.77706700
5.68800069,-5.67175200
5.68900069,-7.56028500
5.69000069,-5.67175200
5.69100069,-5.67175200
5.69200069,-5.67175200
5.69300069,-5.67175200
5.69400069,-5.67175200
5.69500069,-3.77706700
5.69600069,-5.67175200
5.69700069,-5.67175200
5.69800069,-5.67175200
5.69900069,-5.67175200
5.70000069,-5.67175200
5.70100069,-5.67175200
5.70200069,-5.67175200
5.70300069,-3.77706700
5.70400069,-5.67175200
5.70500069,-5.67175200
5.70600069,-3.77706700
5.70700069,-3.77706700
5.70800069,-3.77706700
5.70900069,-3.77706700
5.71000069,-3.77706700
5.71100069,-3.77706700
5.71200069,-3.77706700
5.71300069,-3.77706700
5.71400069,-3.77706700
5.71500069,-5.67175200
5.71600069,-5.67175200
5.71700069,-5.67175200
5.71800069,-3.77706700
5.71900069,-1.88853300
5.72000069,-3.77706700
5.72100069,-3.77706700
5.72200069,-3.77706700
5.72300069,-3.77706700
5.72400069,-3.77706700
5.72500069,-3.77706700
5.72600069,-5.67175200
5.72700069,-3.77706700
5.72800069,-3.77706700
5.72900069,-1.88853300
5.73000069,-1.88853300
5.73100069,-1.88853300
5.73200069,-3.77706700
5.73300069,-3.77706700
5.73400069,-5.67175200
5.73500069,-5.67175200
5.73600069,-5.67175200
5.73700069,-3.77706700
5.73800069,-3.77706700
5.73900069,-3.77706700
5.74000069,-3.77706700
5.74100069,-3.77706700
5.74200069,-3.77706700
5.74300069,-3.77706700
5.74400069,-3.77706700
5.74500069,-3.77706700
5.74600069,-3.77706700
5.74700069,-3.77706700
5.74800069,-3.77706700
5.74900069,-3.77706700
5.75000069,-3.77706700
5.75100069,-3.77706700
5.75200069,-3.77706700
5.75300069,-3.77706700
5.75400069,-3.77706700
5.75500069,-5.67175200
5.75600069,-5.67175200
5.75700069,-3.77706700
5.75800069,-3.77706700
5.75900069,-3.77706700
5.76000069,-3.77706700
5.76100069,-5.67175200
5.76200069,-5.67175200
5.76300069,-5.67175200
5.76400069,-5.67175200
5.76500069,-5.67175200
5.76600069,-5.67175200
5.76700069,-3.77706700
5.76800069,-3.77706700
5.76900069,-3.77706700
5.77000069,-3.77706700
5.77100069,-5.67175200
5.77200069,-5.67175200
5.77300069,-5.67175200
5.77400069,-5.67175200
5.77500069,-3.77706700
5.77600069,-3.77706700
5.77700069,-3.77706700
5.77800069,-3.77706700
5.77900069,-3.77706700
5.78000069,-5.67175200
5.78100069,-5.67175200
5.78200069,-5.67175200
5.78300069,-5.67175200
5.78400069,-5.67175200
5.78500069,-3.77706700
5.78600069,-3.77706700
5.78700069,-3.77706700
5.78800069,-3.77706700
5.78900069,-3.77706700
5.79000069,-3.77706700
5.79100069,-3.77706700
5.79200069,-5.67175200
5.79300069,-5.67175200
5.79400069,-5.67175200
5.79500069,-3.77706700
5.79600069,-3.77706700
5.79700069,-1.88853300
5.79800069,-3.77706700
5.79900069,-3.77706700
5.80000069,-3.77706700
5.80100069,-3.77706700
5.80200069,-3.77706700
5.80300069,-3.77706700
5.80400069,-3.77706700
5.80500069,-3.77706700
5.80600069,-3.77706700
5.80700069,-1.88853300
5.80800069,-3.77706700
5.80900069,-3.77706700
5.81000069,-3.77706700
5.81100069,-3.77706700
5.81200069,-3.77706700
5.81300069,-3.77706700
5.81400069,-3.77706700
5.81500069,-3.77706700
5.81600069,-3.77706700
5.81700069,-3.77706700
5.81800069,-3.77706700
5.81900069,-5.67175200
5.82000069,-5.67175200
5.82100069,-5.67175200
5.82200069,-3.77706700
5.82300069,-3.77706700
5.82400069,-3.77706700
5.82500069,-3.77706700
5.82600069,-3.77706700
5.82700069,-5.67175200
5.82800069,-5.67175200
5.82900069,-5.67175200
5.83000069,-5.67175200
5.83100069,-5.67175200
5.83200069,-3.77706700
5.83300069,-3.77706700
5.83400069,-3.77706700
5.83500069,-5.67175200
5.83600069,-5.67175200
5.83700069,-7.56028500
5.83800069,-7.56028500
5.83900069,-5.67175200
5.84000069,-5.67175200
5.84100069,-5.67175200
5.84200069,-5.67175200
5.84300069,-3.77706700
5.84400069,-3.77706700
5.84500069,-5.67175200
5.84600069,-5.67175200
5.84700069,-7.56028500
5.84800069,-7.56028500
5.84900069,-7.56028500
5.85000069,-5.67175200
5.85100069,-3.77706700
5.85200069,-3.77706700
5.85300069,-3.77706700
5.85400069,-3.77706700
5.85500069,-5.67175200
5.85600069,-5.67175200
5.85700069,-5.67175200
5.85800069,-5.67175200
5.85900069,-5.67175200
5.86000069,-5.67175200
5.86100069,-3.77706700
5.86200069,-3.77706700
5.86300069,-3.77706700
5.86400069,-3.77706700
5.86500069,-5.67175200
5.86600069,-5.67175200
5.86700069,-5.67175200
5.86800069,-5.67175200
5.86900069,-5.67175200
5.87000069,-3.77706700
5.87100069,-3.77706700
5.87200069,-3.77706700
5.87300069,-3.77706700
5.87400069,-3.77706700
5.87500069,-5.67175200
5.87600069,-5.67175200
5.87700069,-5.67175200
5.87800069,-5.67175200
5.87900069,-3.77706700
5.88000069,-3.77706700
5.88100069,-3.77706700
5.88200069,-3.77706700
5.88300069,-5.67175200
5.88400069,-5.67175200
5.88500069,-5.67175200
5.88600069,-7.56028500
5.88700069,-5.67175200
5.88800069,-7.56028500
5.88900069,-7.56028500
5.89000069,-5.67175200
5.89100069,-5.67175200
5.89200069,-5.67175200
5.89300069,-5.67175200
5.89400069,-7.56028500
5.89500069,-7.56028500
5.89600069,-7.56028500
5.89700069,-5.67175200
5.89800069,-5.67175200
5.89900069,-5.67175200
5.90000069,-5.67175200
5.90100069,-5.67175200
5.90200069,-5.67175200
5.90300069,-5.67175200
5.90400069,-7.56028500
5.90500069,-7.56028500
5.90600069,-7.56028500
5.90700069,-7.56028500
5.90800069,-7.56028500
5.90900069,-7.56028500
5.91000069,-7.56028500
5.91100069,-5.67175200
5.91200069,-5.67175200
5.91300069,-5.67175200
5.91400069,-5.67175200
5.91500069,-7.56028500
5.91600069,-7.56028500
5.91700069,-5.67175200
5.91800069,-5.67175200
5.91900069,-5.67175200
5.92000069,-5.67175200
5.92100069,-5.67175200
5.92200069,-5.67175200
5.92300069,-5.67175200
5.92400069,-3.77706700
5.92500069,-5.67175200
5.92600069,-5.67175200
5.92700069,-5.67175200
5.92800069,-5.67175200
5.92900069,-5.67175200
5.93000069,-5.67175200
5.93100069,-7.56028500
5.93200069,-5.67175200
5.93300069,-5.67175200
5.93400069,-5.67175200
5.93500069,-3.77706700
5.93600069,-5.67175200
5.93700069,-5.67175200
5.93800069,-5.67175200
5.93900069,-5.67175200
5.94000069,-5.67175200
5.94100069,-5.67175200
5.94200069,-5.67175200
5.94300069,-5.67175200
5.94400069,-5.67175200
5.94500069,-5.67175200
5.94600069,-5.67175200
5.94700069,-5.67175200
5.94800069,-5.67175200
5.94900069,-5.67175200
5.95000069,-7.56028500
5.95100069,-7.56028500
5.95200069,-7.56028500
5.95300069,-5.67175200
5.95400069,-5.67175200
5.95500069,-5.67175200
5.95600069,-5.67175200
5.95700069,-5.67175200
5.95800069,-5.67175200
5.95900069,-5.67175200
5.96000069,-7.56028500
5.96100069,-7.56028500
5.96200069,-7.56028500
5.96300069,-5.67175200
5.96400069,-5.67175200
5.96500069,-3.77706700
5.96600069,-5.67175200
5.96700069,-3.77706700
5.96800069,-3.77706700
5.96900069,-3.77706700
5.97000069,-3.77706700
5.97100069,-3.77706700
5.97200069,-5.67175200
5.97300069,-5.67175200
5.97400069,-3.77706700
5.97500069,-3.77706700
5.97600069,-3.77706700
5.97700069,-3.77706700
5.97800069,-3.77706700
5.97900069,-3.77706700
5.98000069,-3.77706700
5.98100069,-3.77706700
5.98200069,-3.77706700
5.98300069,-3.77706700
5.98400069,-3.77706700
5.98500069,-3.77706700
5.98600069,-1.88853300
5.98700069,-3.77706700
5.98800069,-3.77706700
5.98900069,-1.88853300
5.99000069,-1.88853300
5.99100069,-1.88853300
5.99200069,-1.88853300
5.99300069,-3.77706700
5.99400069,-3.77706700
5.99500069,-3.77706700
5.99600069,-3.77706700
5.99700069,-3.77706700
5.99800069,-3.77706700
5.99900069,-1.88853300
6.00000069,-1.88853300
6.00100069,-1.88853300
6.00200069,-1.88853300
6.00300069,-3.77706700
6.00400069,-3.77706700
6.00500069,-3.77706700
6.00600069,-3.77706700
6.00700069,-3.77706700
6.00800069,-3.77706700
6.00900069,-3.77706700
6.01000069,-3.77706700
6.01100069,-3.77706700
6.01200069,-3.77706700
6.01300069,-3.77706700
6.01400069,-3.77706700
6.01500068,-3.77706700
6.01600068,-5.67175200
6.01700068,-3.77706700
6.01800068,-3.77706700
6.01900068,-3.77706700
6.02000068,-3.77706700
6.02100068,-3.77706700
6.02200068,-3.77706700
6.02300068,-3.77706700
6.02400068,-5.67175200
6.02500068,-3.77706700
6.02600068,-3.77706700
6.02700068,-3.77706700
6.02800068,-3.77706700
6.02900068,-3.77706700
6.03000068,-5.67175200
6.03100068,-3.77706700
6.03200068,-5.67175200
6.03300068,-5.67175200
6.03400068,-5.67175200
6.03500068,-3.77706700
6.03600068,-3.77706700
6.03700068,-3.77706700
6.03800068,-3.77706700
6.03900068,-5.67175200
6.04000068,-5.67175200
6.04100068,-5.67175200
6.04200068,-3.77706700
6.04300068,-3.77706700
6.04400068,-3.77706700
6.04500068,-3.77706700
6.04600068,-3.77706700
6.04700068,-1.88853300
6.04800068,-3.77706700
6.04900068,-5.67175200
6.05000068,-5.67175200
6.05100068,-5.67175200
6.05200068,-5.67175200
6.05300068,-5.67175200
6.05400068,-3.77706700
6.05500068,-3.77706700
6.05600068,-3.77706700
6.05700068,-3.77706700
6.05800068,-3.77706700
6.05900068,-3.77706700
6.06000068,-5.67175200
6.06100068,-5.67175200
6.06200068,-5.67175200
6.06300068,-3.77706700
6.06400068,-3.77706700
6.06500068,-3.77706700
6.06600068,-3.77706700
6.06700068,-3.77706700
6.06800068,-3.77706700
6.06900068,-3.77706700
6.07000068,-5.67175200
6.07100068,-5.67175200
6.07200068,-5.67175200
6.07300068,-5.67175200
6.07400068,-3.77706700
6.07500068,-3.77706700
6.07600068,-3.77706700
6.07700068,-3.77706700
6.07800068,-3.77706700
6.07900068,-3.77706700
6.08000068,-5.67175200
6.08100068,-5.67175200
6.08200068,-5.67175200
6.08300068,-5.67175200
6.08400068,-5.67175200
6.08500068,-3.77706700
6.08600068,-3.77706700
6.08700068,-3.77706700
6.08800068,-5.67175200
6.08900068,-5.67175200
6.09000068,-5.67175200
6.09100068,-5.67175200
6.09200068,-5.67175200
6.09300068,-5.67175200
6.09400068,-5.67175200
6.09500068,-5.67175200
6.09600068,-5.67175200
6.09700068,-5.67175200
6.09800068,-5.67175200
6.09900068,-5.67175200
6.10000068,-5.67175200
6.10100068,-5.67175200
6.10200068,-5.67175200
6.10300068,-5.67175200
6.10400068,-5.67175200
6.10500068,-7.56028500
6.10600068,-7.56028500
6.10700068,-7.56028500
6.10800068,-7.56028500
6.10900068,-7.56028500
6.11000068,-7.56028500
6.11100068,-5.67175200
6.11200068,-5.67175200
6.11300068,-5.67175200
6.11400068,-5.67175200
6.11500068,-7.56028500
6.11600068,-7.56028500
6.11700068,-7.56028500
6.11800068,-7.56028500
6.11900068,-5.67175200
6.12000068,-3.77706700
6.12100068,-3.77706700
6.12200068,-3.77706700
6.12300068,-5.67175200
6.12400068,-5.67175200
6.12500068,-7.56028500
6.12600068,-7.56028500
6.12700068,-7.56028500
6.12800068,-7.56028500
6.12900068,-7.56028500
6.13000068,-5.67175200
6.13100068,-5.67175200
6.13200068,-3.77706700
6.13300068,-5.67175200
6.13400068,-5.67175200
6.13500068,-5.67175200
6.13600068,-5.67175200
6.13700068,-5.67175200
6.13800068,-5.67175200
6.13900068,-5.67175200
6.14000068,-3.77706700
6.14100068,-3.77706700
6.14200068,-3.77706700
6.14300068,-3.77706700
6.14400068,-3.77706700
6.14500068,-5.67175200
6.14600068,-5.67175200
6.14700068,-5.67175200
6.14800068,-5.67175200
6.14900068,-5.67175200
6.15000068,-3.77706700
6.15100068,-3.77706700
6.15200068,-3.77706700
6.15300068,-3.77706700
6.15400068,-3.77706700
6.15500068,-3.77706700
6.15600068,-3.77706700
6.15700068,-3.77706700
6.15800068,-3.77706700
6.15900068,-1.88853300
6.16000068,-3.77706700
6.16100068,-3.77706700
6.16200068,-3.77706700
6.16300068,-3.77706700
6.16400068,-5.67175200
6.16500068,-5.67175200
6.16600068,-3.77706700
6.16700068,-3.77706700
6.16800068,-3.77706700
6.16900068,-3.77706700
6.17000068,-3.77706700
6.17100068,-5.67175200
6.17200068,-5.67175200
6.17300068,-5.67175200
6.17400068,-5.67175200
6.17500068,-3.77706700
6.17600068,-3.77706700
6.17700068,-3.77706700
6.17800068,-3.77706700
6.17900068,-5.67175200
6.18000068,-5.67175200
6.18100068,-7.56028500
6.18200068,-7.56028500
6.18300068,-7.56028500
6.18400068,-5.67175200
6.18500068,-5.67175200
6.18600068,-5.67175200
6.18700068,-5.67175200
6.18800068,-5.67175200
6.18900068,-5.67175200
6.19000068,-5.67175200
6.19100068,-5.67175200
6.19200068,-5.67175200
6.19300068,-5.67175200
6.19400068,-5.67175200
6.19500068,-5.67175200
6.19600068,-5.67175200
6.19700068,-5.67175200
6.19800068,-5.67175200
6.19900068,-5.67175200
6.20000068,-5.67175200
6.20100068,-5.67175200
6.20200068,-5.67175200
6.20300068,-5.67175200
6.20400068,-5.67175200
6.20500068,-5.67175200
6.20600068,-5.67175200
6.20700068,-3.77706700
6.20800068,-3.77706700
6.20900068,-3.77706700
6.21000068,-3.77706700
6.21100068,-5.67175200
6.21200068,-5.67175200
6.21300068,-5.67175200
6.21400068,-3.77706700
6.21500068,-3.77706700
6.21600068,-3.77706700
6.21700068,-3.77706700
6.21800068,-3.77706700
6.21900068,-3.77706700
6.22000068,-3.77706700
6.22100068,-3.77706700
6.22200068,-3.77706700
6.22300068,-3.77706700
6.22400068,-3.77706700
6.22500068,-3.77706700
6.22600068,-3.77706700
6.22700068,-3.77706700
6.22800068,-3.77706700
6.22900068,-3.77706700
6.23000068,-3.77706700
6.23100068,-3.77706700
6.23200068,-3.77706700
6.23300068,-3.77706700
6.23400068,-3.77706700
6.23500068,-3.77706700
6.23600068,-3.77706700
6.23700068,-3.77706700
6.23800068,-3.77706700
6.23900068,-3.77706700
6.24000068,-5.67175200
6.24100068,-3.77706700
6.24200068,-3.77706700
6.24300068,-3.77706700
6.24400068,-3.77706700
6.24500068,-5.67175200
6.24600068,-5.67175200
6.24700068,-3.77706700
6.24800068,-5.67175200
6.24900068,-5.67175200
6.25000068,-5.67175200
6.25100068,-3.77706700
6.25200068,-3.77706700
6.25300068,-3.77706700
6.25400068,-3.77706700
6.25500068,-3.77706700
6.25600068,-5.67175200
6.25700068,-5.67175200
6.25800068,-5.67175200
6.25900068,-5.67175200
6.26000068,-5.67175200
6.26100068,-5.67175200
6.26200068,-3.77706700
6.26300068,-3.77706700
6.26400068,-3.77706700
6.26500068,-5.67175200
6.26600068,-5.67175200
6.26700068,-3.77706700
6.26800068,-3.77706700
6.26900068,-3.77706700
6.27000068,-5.67175200
6.27100068,-5.67175200
6.27200068,-5.67175200
6.27300068,-5.67175200
6.27400068,-3.77706700
6.27500068,-3.77706700
6.27600068,-3.77706700
6.27700068,-3.77706700
6.27800068,-3.77706700
6.27900068,-3.77706700
6.28000068,-3.77706700
6.28100068,-5.67175200
6.28200068,-5.67175200
6.28300068,-5.67175200
6.28400068,-5.67175200
6.28500068,-5.67175200
6.28600068,-3.77706700
6.28700068,-3.77706700
6.28800068,-3.77706700
6.28900068,-3.77706700
6.29000068,-3.77706700
6.29100068,-5.67175200
6.29200068,-5.67175200
6.29300068,-5.67175200
6.29400068,-5.67175200
6.29500068,-3.77706700
6.29600068,-3.77706700
6.29700068,-3.77706700
6.29800068,-3.77706700
6.29900068,-3.77706700
6.30000068,-3.77706700
6.30100068,-5.67175200
6.30200068,-5.67175200
6.30300068,-5.67175200
6.30400068,-3.77706700
6.30500068,-3.77706700
6.30600068,-1.88853300
6.30700068,-1.88853300
6.30800068,-1.88853300
6.30900068,-3.77706700
6.31000068,-3.77706700
6.31100068,-3.77706700
6.31200068,-3.77706700
6.31300068,-5.67175200
6.31400068,-3.77706700
6.31500068,-3.77706700
6.31600068,-3.77706700
6.31700068,-3.77706700
6.31800068,-3.77706700
6.31900068,-1.88853300
6.32000068,-1.88853300
6.32100068,-3.77706700
6.32200068,-3.77706700
6.32300068,-5.67175200
6.32400068,-3.77706700
6.32500068,-3.77706700
6.32600068,-3.77706700
6.32700068,-1.88853300
6.32800068,-1.88853300
6.32900068,-3.77706700
6.33000068,-3.77706700
6.33100068,-3.77706700
6.33200068,-3.77706700
6.33300068,-5.67175200
6.33400068,-5.67175200
6.33500068,-3.77706700
6.33600068,-3.77706700
6.33700068,-3.77706700
6.33800068,-3.77706700
6.33900068,-3.77706700
6.34000068,-3.77706700
6.34100068,-3.77706700
6.34200068,-3.77706700
6.34300068,-3.77706700
6.34400068,-3.77706700
6.34500068,-3.77706700
6.34600068,-3.77706700
6.34700068,-5.67175200
6.34800068,-5.67175200
6.34900068,-5.67175200
6.35000068,-5.67175200
6.35100068,-3.77706700
6.35200068,-3.77706700
6.35300068,-3.77706700
6.35400068,-5.67175200
6.35500068,-5.67175200
6.35600068,-5.67175200
6.35700068,-5.67175200
6.35800068,-5.67175200
6.35900068,-5.67175200
6.36000068,-5.67175200
6.36100068,-3.77706700
6.36200068,-3.77706700
6.36300068,-3.77706700
6.36400068,-5.67175200
6.36500068,-5.67175200
6.36600068,-5.67175200
6.36700068,-5.67175200
6.36800067,-5.67175200
6.36900067,-5.67175200
6.37000067,-5.67175200
6.37100067,-3.77706700
6.37200067,-3.77706700
6.37300067,-1.88853300
6.37400067,-1.88853300
6.37500067,-3.77706700
6.37600067,-3.77706700
6.37700067,-5.67175200
6.37800067,-5.67175200
6.37900067,-5.67175200
6.38000067,-3.77706700
6.38100067,-3.77706700
6.38200067,-3.77706700
6.38300067,-1.88853300
6.38400067,-3.77706700
6.38500067,-3.77706700
6.38600067,-3.77706700
6.38700067,-3.77706700
6.38800067,-3.77706700
6.38900067,-3.77706700
6.39000067,-3.77706700
6.39100067,-3.77706700
6.39200067,-3.77706700
6.39300067,-3.77706700
6.39400067,-3.77706700
6.39500067,-3.77706700
6.39600067,-3.77706700
6.39700067,-3.77706700
6.39800067,-3.77706700
6.39900067,-3.77706700
6.40000067,-3.77706700
6.40100067,-3.77706700
6.40200067,-3.77706700
6.40300067,-5.67175200
6.40400067,-5.67175200
6.40500067,-5.67175200
6.40600067,-5.67175200
6.40700067,-5.67175200
6.40800067,-5.67175200
6.40900067,-3.77706700
6.41000067,-3.77706700
6.41100067,-3.77706700
6.41200067,-5.67175200
6.41300067,-5.67175200
6.41400067,-5.67175200
6.41500067,-5.67175200
6.41600067,-5.67175200
6.41700067,-5.67175200
6.41800067,-3.77706700
6.41900067,-3.77706700
6.42000067,-3.77706700
6.42100067,-5.67175200
6.42200067,-5.67175200
6.42300067,-5.67175200
6.42400067,-5.67175200
6.42500067,-7.56028500
6.42600067,-5.67175200
6.42700067,-5.67175200
6.42800067,-5.67175200
6.42900067,-3.77706700
6.43000067,-3.77706700
6.43100067,-3.77706700
6.43200067,-5.67175200
6.43300067,-5.67175200
6.43400067,-5.67175200
6.43500067,-5.67175200
6.43600067,-5.67175200
6.43700067,-5.67175200
6.43800067,-3.77706700
6.43900067,-3.77706700
6.44000067,-3.77706700
6.44100067,-5.67175200
6.44200067,-5.67175200
6.44300067,-5.67175200
6.44400067,-3.77706700
6.44500067,-3.77706700
6.44600067,-3.77706700
6.44700067,-3.77706700
6.44800067,-3.77706700
6.44900067,-3.77706700
6.45000067,-3.77706700
6.45100067,-3.77706700
6.45200067,-3.77706700
6.45300067,-3.77706700
6.45400067,-3.77706700
6.45500067,-3.77706700
6.45600067,-1.88853300
6.45700067,-1.88853300
6.45800067,-3.77706700
6.45900067,-3.77706700
6.46000067,-5.67175200
6.46100067,-5.67175200
6.46200067,-5.67175200
6.46300067,-3.77706700
6.46400067,-3.77706700
6.46500067,-3.77706700
6.46600067,-1.88853300
6.46700067,-3.77706700
6.46800067,-3.77706700
6.46900067,-5.67175200
6.47000067,-5.67175200
6.47100067,-5.67175200
6.47200067,-5.67175200
6.47300067,-5.67175200
6.47400067,-3.77706700
6.47500067,-3.77706700
6.47600067,-3.77706700
6.47700067,-3.77706700
6.47800067,-5.67175200
6.47900067,-5.67175200
6.48000067,-7.56028500
6.48100067,-7.56028500
6.48200067,-5.67175200
6.48300067,-5.67175200
6.48400067,-3.77706700
6.48500067,-3.77706700
6.48600067,-3.77706700
6.48700067,-3.77706700
6.48800067,-5.67175200
6.48900067,-5.67175200
6.49000067,-7.56028500
6.49100067,-5.67175200
6.49200067,-5.67175200
6.49300067,-3.77706700
6.49400067,-3.77706700
6.49500067,-3.77706700
6.49600067,-3.77706700
6.49700067,-3.77706700
6.49800067,-3.77706700
6.49900067,-5.67175200
6.50000067,-5.67175200
6.50100067,-5.67175200
6.50200067,-5.67175200
6.50300067,-3.77706700
6.50400067,-3.77706700
6.50500067,-3.77706700
6.50600067,-3.77706700
6.50700067,-3.77706700
6.50800067,-3.77706700
6.50900067,-5.67175200
6.51000067,-5.67175200
6.51100067,-3.77706700
6.51200067,-5.67175200
6.51300067,-3.77706700
6.51400067,-3.77706700
6.51500067,-3.77706700
6.51600067,-3.77706700
6.51700067,-3.77706700
6.51800067,-3.77706700
6.51900067,-3.77706700
6.52000067,-3.77706700
6.52100067,-3.77706700
6.52200067,-3.77706700
6.52300067,-3.77706700
6.52400067,-3.77706700
6.52500067,-3.77706700
6.52600067,-5.67175200
6.52700067,-5.67175200
6.52800067,-5.67175200
6.52900067,-3.77706700
6.53000067,-3.77706700
6.53100067,-5.67175200
6.53200067,-5.67175200
6.53300067,-7.56028500
6.53400067,-7.56028500
6.53500067,-5.67175200
6.53600067,-7.56028500
6.53700067,-7.56028500
6.53800067,-7.56028500
6.53900067,-7.56028500
6.54000067,-5.67175200
6.54100067,-7.56028500
6.54200067,-7.56028500
6.54300067,-7.56028500
6.54400067,-9.45496900
6.54500067,-9.45496900
6.54600067,-9.45496900
6.54700067,-9.45496900
6.54800067,-9.45496900
6.54900067,-9.45496900
6.55000067,-7.56028500
6.55100067,-7.56028500
6.55200067,-9.45496900
6.55300067,-9.45496900
6.55400067,-11.34350000
6.55500067,-11.34350000
6.55600067,-11.34350000
6.55700067,-9.45496900
6.55800067,-9.45496900
6.55900067,-9.45496900
6.56000067,-9.45496900
6.56100067,-9.45496900
6.56200067,-9.45496900
6.56300067,-9.45496900
6.56400067,-9.45496900
6.56500067,-9.45496900
6.56600067,-9.45496900
6.56700067,-7.56028500
6.56800067,-7.56028500
6.56900067,-7.56028500
6.57000067,-7.56028500
6.57100067,-7.56028500
6.57200067,-7.56028500
6.57300067,-7.56028500
6.57400067,-7.56028500
6.57500067,-7.56028500
6.57600067,-7.56028500
6.57700067,-7.56028500
6.57800067,-5.67175200
6.57900067,-5.67175200
6.58000067,-5.67175200
6.58100067,-5.67175200
6.58200067,-5.67175200
6.58300067,-5.67175200
6.58400067,-5.67175200
6.58500067,-5.67175200
6.58600067,-5.67175200
6.58700067,-3.77706700
6.58800067,-3.77706700
6.58900067,-3.77706700
6.59000067,-3.77706700
6.59100067,-3.77706700
6.59200067,-5.67175200
6.59300067,-5.67175200
6.59400067,-5.67175200
6.59500067,-5.67175200
6.59600067,-5.67175200
6.59700067,-3.77706700
6.59800067,-3.77706700
6.59900067,-3.77706700
6.60000067,-5.67175200
6.60100067,-5.67175200
6.60200067,-5.67175200
6.60300067,-5.67175200
6.60400067,-5.67175200
6.60500067,-5.67175200
6.60600067,-5.67175200
6.60700067,-5.67175200
6.60800067,-5.67175200
6.60900067,-5.67175200
6.61000067,-5.67175200
6.61100067,-5.67175200
6.61200067,-5.67175200
6.61300067,-5.67175200
6.61400067,-5.67175200
6.61500067,-5.67175200
6.61600067,-5.67175200
6.61700067,-7.56028500
6.61800067,-5.67175200
6.61900067,-5.67175200
6.62000067,-7.56028500
6.62100067,-7.56028500
6.62200067,-5.67175200
6.62300067,-5.67175200
6.62400067,-5.67175200
6.62500067,-5.67175200
6.62600067,-5.67175200
6.62700067,-5.67175200
6.62800067,-5.67175200
6.62900067,-5.67175200
6.63000067,-5.67175200
6.63100067,-5.67175200
6.63200067,-5.67175200
6.63300067,-7.56028500
6.63400067,-5.67175200
6.63500067,-5.67175200
6.63600067,-7.56028500
6.63700067,-7.56028500
6.63800067,-7.56028500
6.63900067,-5.67175200
6.64000067,-5.67175200
6.64100067,-7.56028500
6.64200067,-7.56028500
6.64300067,-5.67175200
6.64400067,-5.67175200
6.64500067,-5.67175200
6.64600067,-5.67175200
6.64700067,-5.67175200
6.64800067,-5.67175200
6.64900067,-5.67175200
6.65000067,-5.67175200
6.65100067,-5.67175200
6.65200067,-5.67175200
6.65300067,-5.67175200
6.65400067,-5.67175200
6.65500067,-5.67175200
6.65600067,-5.67175200
6.65700067,-5.67175200
6.65800067,-5.67175200
6.65900067,-5.67175200
6.66000067,-5.67175200
6.66100067,-5.67175200
6.66200067,-5.67175200
6.66300067,-5.67175200
6.66400067,-5.67175200
6.66500067,-5.67175200
6.66600067,-3.77706700
6.66700067,-3.77706700
6.66800067,-3.77706700
6.66900067,-1.88853300
6.67000067,-1.88853300
6.67100067,-1.88853300
6.67200067,-3.77706700
6.67300067,-3.77706700
6.67400067,-3.77706700
6.67500067,-3.77706700
6.67600067,-1.88853300
6.67700067,-1.88853300
6.67800067,0.00000000
6.67900067,0.00000000
6.68000067,0.00000000
6.68100067,0.00000000
6.68200067,0.00000000
6.68300067,-1.88853300
6.68400067,-1.88853300
6.68500067,-1.88853300
6.68600067,-1.88853300
6.68700067,0.00000000
6.68800067,0.00000000
6.68900067,0.00000000
6.69000067,0.00000000
6.69100067,0.00000000
6.69200067,0.00000000
6.69300067,-1.88853300
6.69400067,-1.88853300
6.69500067,-1.88853300
6.69600067,-1.88853300
6.69700067,0.00000000
6.69800067,-1.88853300
6.69900067,-1.88853300
6.70000067,-1.88853300
6.70100067,-1.88853300
6.70200067,-1.88853300
6.70300067,-1.88853300
6.70400067,-3.77706700
6.70500067,-3.77706700
6.70600067,-3.77706700
6.70700067,-3.77706700
6.70800067,-3.77706700
6.70900067,-3.77706700
6.71000067,-5.67175200
6.71100067,-3.77706700
6.71200067,-3.77706700
6.71300067,-3.77706700
6.71400067,-3.77706700
6.71500067,-3.77706700
6.71600067,-5.67175200
6.71700067,-5.67175200
6.71800067,-5.67175200
6.71900067,-5.67175200
6.72000067,-5.67175200
6.72100067,-5.67175200
6.72200066,-3.77706700
6.72300066,-3.77706700
6.72400066,-3.77706700
6.72500066,-3.77706700
6.72600066,-3.77706700
6.72700066,-3.77706700
6.72800066,-5.67175200
6.72900066,-5.67175200
6.73000066,-5.67175200
6.73100066,-5.67175200
6.73200066,-5.67175200
6.73300066,-3.77706700
6.73400066,-3.77706700
6.73500066,-1.88853300
6.73600066,-1.88853300
6.73700066,-3.77706700
6.73800066,-5.67175200
6.73900066,-5.67175200
6.74000066,-5.67175200
6.74100066,-5.67175200
6.74200066,-3.77706700
6.74300066,-1.88853300
6.74400066,-1.88853300
6.74500066,-1.88853300
6.74600066,-1.88853300
6.74700066,-3.77706700
6.74800066,-3.77706700
6.74900066,-3.77706700
6.75000066,-3.77706700
6.75100066,-1.88853300
6.75200066,-1.88853300
6.75300066,-1.88853300
6.75400066,-1.88853300
6.75500066,-1.88853300
6.75600066,-1.88853300
6.75700066,-3.77706700
6.75800066,-3.77706700
6.75900066,-3.77706700
6.76000066,-3.77706700
6.76100066,-3.77706700
6.76200066,-3.77706700
6.76300066,-1.88853300
6.76400066,-1.88853300
6.76500066,-1.88853300
6.76600066,-1.88853300
6.76700066,-3.77706700
6.76800066,-3.77706700
6.76900066,-3.77706700
6.77000066,-3.77706700
6.77100066,-3.77706700
6.77200066,-3.77706700
6.77300066,-3.77706700
6.77400066,-3.77706700
6.77500066,-3.77706700
6.77600066,-3.77706700
6.77700066,-3.77706700
6.77800066,-3.77706700
6.77900066,-3.77706700
6.78000066,-3.77706700
6.78100066,-3.77706700
6.78200066,-3.77706700
6.78300066,-3.77706700
6.78400066,-5.67175200
6.78500066,-5.67175200
6.78600066,-5.67175200
6.78700066,-5.67175200
6.78800066,-5.67175200
6.78900066,-3.77706700
6.79000066,-1.88853300
6.79100066,-1.88853300
6.79200066,-1.88853300
6.79300066,-3.77706700
6.79400066,-5.67175200
6.79500066,-5.67175200
6.79600066,-5.67175200
6.79700066,-5.67175200
6.79800066,-5.67175200
6.79900066,-3.77706700
6.80000066,-3.77706700
6.80100066,-1.88853300
6.80200066,-1.88853300
6.80300066,-3.77706700
6.80400066,-3.77706700
6.80500066,-5.67175200
6.80600066,-5.67175200
6.80700066,-3.77706700
6.80800066,-3.77706700
6.80900066,-3.77706700
6.81000066,-3.77706700
6.81100066,-3.77706700
6.81200066,-3.77706700
6.81300066,-3.77706700
6.81400066,-3.77706700
6.81500066,-3.77706700
6.81600066,-3.77706700
6.81700066,-3.77706700
6.81800066,-1.88853300
6.81900066,-1.88853300
6.82000066,-1.88853300
6.82100066,-1.88853300
6.82200066,-1.88853300
6.82300066,-1.88853300
6.82400066,-3.77706700
6.82500066,-3.77706700
6.82600066,-3.77706700
6.82700066,-1.88853300
6.82800066,-1.88853300
6.82900066,-1.88853300
6.83000066,-1.88853300
6.83100066,-1.88853300
6.83200066,-1.88853300
6.83300066,-3.77706700
6.83400066,-3.77706700
6.83500066,-3.77706700
6.83600066,-1.88853300
6.83700066,-1.88853300
6.83800066,-1.88853300
6.83900066,-1.88853300
6.84000066,-1.88853300
6.84100066,-3.77706700
6.84200066,-3.77706700
6.84300066,-3.77706700
6.84400066,-3.77706700
6.84500066,-1.88853300
6.84600066,-1.88853300
6.84700066,-1.88853300
6.84800066,-1.88853300
6.84900066,-1.88853300
6.85000066,-3.77706700
6.85100066,-3.77706700
6.85200066,-5.67175200
6.85300066,-5.67175200
6.85400066,-3.77706700
6.85500066,-1.88853300
6.85600066,-1.88853300
6.85700066,-1.88853300
6.85800066,-1.88853300
6.85900066,-1.88853300
6.86000066,-3.77706700
6.86100066,-5.67175200
6.86200066,-5.67175200
6.86300066,-5.67175200
6.86400066,-3.77706700
6.86500066,-3.77706700
6.86600066,-3.77706700
6.86700066,-1.88853300
6.86800066,-1.88853300
6.86900066,-3.77706700
6.87000066,-3.77706700
6.87100066,-3.77706700
6.87200066,-5.67175200
6.87300066,-5.67175200
6.87400066,-3.77706700
6.87500066,-3.77706700
6.87600066,-1.88853300
6.87700066,-1.88853300
6.87800066,-1.88853300
6.87900066,-1.88853300
6.88000066,-3.77706700
6.88100066,-3.77706700
6.88200066,-3.77706700
6.88300066,-3.77706700
6.88400066,-1.88853300
6.88500066,-1.88853300
6.88600066,-1.88853300
6.88700066,-1.88853300
6.88800066,-1.88853300
6.88900066,-1.88853300
6.89000066,-1.88853300
6.89100066,-1.88853300
6.89200066,-1.88853300
6.89300066,-1.88853300
6.89400066,-1.88853300
6.89500066,0.00000000
6.89600066,0.00000000
6.89700066,0.00000000
6.89800066,0.00000000
6.89900066,-1.88853300
6.90000066,-1.88853300
6.90100066,-1.88853300
6.90200066,-1.88853300
6.90300066,-1.88853300
6.90400066,-1.88853300
6.90500066,0.00000000
6.90600066,0.00000000
6.90700066,0.00000000
6.90800066,-1.88853300
6.90900066,-1.88853300
6.91000066,0.00000000
6.91100066,0.00000000
6.91200066,0.00000000
6.91300066,0.00000000
6.91400066,0.00000000
6.91500066,0.00000000
6.91600066,0.00000000
6.91700066,-1.88853300
6.91800066,-1.88853300
6.91900066,0.00000000
6.92000066,0.00000000
6.92100066,0.00000000
6.92200066,1.88853300
6.92300066,1.88853300
6.92400066,1.88853300
6.92500066,0.00000000
6.92600066,0.00000000
6.92700066,0.00000000
6.92800066,0.00000000
6.92900066,0.00000000
6.93000066,1.88853300
6.93100066,3.77706700
6.93200066,3.77706700
6.93300066,3.77706700
6.93400066,1.88853300
6.93500066,1.88853300
6.93600066,0.00000000
6.93700066,0.00000000
6.93800066,1.88853300
6.93900066,1.88853300
6.94000066,1.88853300
6.94100066,1.88853300
6.94200066,1.88853300
6.94300066,1.88853300
6.94400066,1.88853300
6.94500066,1.88853300
6.94600066,1.88853300
6.94700066,0.00000000
6.94800066,0.00000000
6.94900066,0.00000000
6.95000066,0.00000000
6.95100066,1.88853300
6.95200066,1.88853300
6.95300066,1.88853300
6.95400066,0.00000000
6.95500066,0.00000000
6.95600066,0.00000000
6.95700066,0.00000000
6.95800066,0.00000000
6.95900066,1.88853300
6.96000066,0.00000000
6.96100066,0.00000000
6.96200066,0.00000000
6.96300066,0.00000000
6.96400066,0.00000000
6.96500066,0.00000000
6.96600066,0.00000000
6.96700066,0.00000000
6.96800066,0.00000000
6.96900066,0.00000000
6.97000066,0.00000000
6.97100066,0.00000000
6.97200066,0.00000000
6.97300066,0.00000000
6.97400066,0.00000000
6.97500066,1.88853300
6.97600066,0.00000000
6.97700066,0.00000000
6.97800066,0.00000000
6.97900066,0.00000000
6.98000066,0.00000000
6.98100066,-1.88853300
6.98200066,0.00000000
6.98300066,0.00000000
6.98400066,0.00000000
6.98500066,1.88853300
6.98600066,1.88853300
6.98700066,0.00000000
6.98800066,0.00000000
6.98900066,0.00000000
6.99000066,0.00000000
6.99100066,0.00000000
6.99200066,0.00000000
6.99300066,0.00000000
6.99400066,1.88853300
6.99500066,1.88853300
6.99600066,0.00000000
6.99700066,0.00000000
6.99800066,0.00000000
6.99900066,0.00000000
7.00000066,0.00000000
7.00100066,0.00000000
7.00200066,0.00000000
7.00300066,0.00000000
7.00400066,0.00000000
7.00500066,0.00000000
7.00600066,0.00000000
7.00700066,0.00000000
7.00800066,0.00000000
7.00900066,0.00000000
7.01000066,0.00000000
7.01100066,0.00000000
7.01200066,0.00000000
7.01300066,0.00000000
7.01400066,0.00000000
7.01500066,0.00000000
7.01600066,0.00000000
7.01700066,-1.88853300
7.01800066,-1.88853300
7.01900066,-1.88853300
7.02000066,-1.88853300
7.02100066,-3.77706700
7.02200066,-3.77706700
7.02300066,-3.77706700
7.02400066,-3.77706700
7.02500066,-3.77706700
7.02600066,-3.77706700
7.02700066,-3.77706700
7.02800066,-3.77706700
7.02900066,-3.77706700
7.03000066,-3.77706700
7.03100066,-3.77706700
7.03200066,-5.67175200
7.03300066,-5.67175200
7.03400066,-5.67175200
7.03500066,-5.67175200
7.03600066,-3.77706700
7.03700066,-3.77706700
7.03800066,-1.88853300
7.03900066,-1.88853300
7.04000066,-1.88853300
7.04100066,-1.88853300
7.04200066,-1.88853300
7.04300066,-3.77706700
7.04400066,-3.77706700
7.04500066,-3.77706700
7.04600066,-3.77706700
7.04700066,-3.77706700
7.04800066,-1.88853300
7.04900066,-1.88853300
7.05000066,0.00000000
7.05100066,0.00000000
7.05200066,0.00000000
7.05300066,0.00000000
7.05400066,-1.88853300
7.05500066,-1.88853300
7.05600066,-1.88853300
7.05700066,-1.88853300
7.05800066,0.00000000
7.05900066,1.88853300
7.06000066,1.88853300
7.06100066,3.77706700
7.06200066,3.77706700
7.06300066,1.88853300
7.06400066,1.88853300
7.06500066,1.88853300
7.06600066,1.88853300
7.06700066,1.88853300
7.06800066,3.77706700
7.06900066,3.77706700
7.07000066,3.77706700
7.07100066,3.77706700
7.07200066,1.88853300
7.07300066,1.88853300
7.07400066,1.88853300
7.07500065,0.00000000
7.07600065,-1.88853300
7.07700065,-1.88853300
7.07800065,-1.88853300
7.07900065,-1.88853300
7.08000065,-1.88853300
7.08100065,-1.88853300
7.08200065,-1.88853300
7.08300065,-1.88853300
7.08400065,-3.77706700
7.08500065,-3.77706700
7.08600065,-1.88853300
7.08700065,-1.88853300
7.08800065,-1.88853300
7.08900065,-3.77706700
7.09000065,-3.77706700
7.09100065,-3.77706700
7.09200065,-3.77706700
7.09300065,-3.77706700
7.09400065,-1.88853300
7.09500065,0.00000000
7.09600065,0.00000000
7.09700065,-1.88853300
7.09800065,-1.88853300
7.09900065,-1.88853300
7.10000065,-3.77706700
7.10100065,-3.77706700
7.10200065,-3.77706700
7.10300065,-1.88853300
7.10400065,0.00000000
7.10500065,0.00000000
7.10600065,1.88853300
7.10700065,1.88853300
7.10800065,1.88853300
7.10900065,0.00000000
7.11000065,-1.88853300
7.11100065,-1.88853300
7.11200065,-1.88853300
7.11300065,-3.77706700
7.11400065,-3.77706700
7.11500065,-1.88853300
7.11600065,0.00000000
7.11700065,1.88853300
7.11800065,1.88853300
7.11900065,0.00000000
7.12000065,0.00000000
7.12100065,-1.88853300
7.12200065,0.00000000
7.12300065,0.00000000
7.12400065,0.00000000
7.12500065,0.00000000
7.12600065,1.88853300
7.12700065,1.88853300
7.12800065,3.77706700
7.12900065,1.88853300
7.13000065,0.00000000
7.13100065,0.00000000
7.13200065,-1.88853300
7.13300065,-1.88853300
7.13400065,0.00000000
7.13500065,0.00000000
7.13600065,0.00000000
7.13700065,0.00000000
7.13800065,0.00000000
7.13900065,-1.88853300
7.14000065,-1.88853300
7.14100065,0.00000000
7.14200065,0.00000000
7.14300065,1.88853300
7.14400065,1.88853300
7.14500065,1.88853300
7.14600065,1.88853300
7.14700065,1.88853300
7.14800065,1.88853300
7.14900065,1.88853300
7.15000065,1.88853300
7.15100065,1.88853300
7.15200065,1.88853300
7.15300065,0.00000000
7.15400065,0.00000000
7.15500065,0.00000000
7.15600065,-1.88853300
7.15700065,-3.77706700
7.15800065,-3.77706700
7.15900065,-3.77706700
7.16000065,-3.77706700
7.16100065,-1.88853300
7.16200065,-1.88853300
7.16300065,-1.88853300
7.16400065,-1.88853300
7.16500065,-1.88853300
7.16600065,-1.88853300
7.16700065,-1.88853300
7.16800065,-1.88853300
7.16900065,0.00000000
7.17000065,0.00000000
7.17100065,1.88853300
7.17200065,1.88853300
7.17300065,1.88853300
7.17400065,1.88853300
7.17500065,0.00000000
7.17600065,-1.88853300
7.17700065,-3.77706700
7.17800065,-3.77706700
7.17900065,-3.77706700
7.18000065,-1.88853300
7.18100065,-1.88853300
7.18200065,0.00000000
7.18300065,0.00000000
7.18400065,0.00000000
7.18500065,0.00000000
7.18600065,0.00000000
7.18700065,-1.88853300
7.18800065,-1.88853300
7.18900065,0.00000000
7.19000065,0.00000000
7.19100065,1.88853300
7.19200065,3.77706700
7.19300065,3.77706700
7.19400065,5.67175200
7.19500065,3.77706700
7.19600065,3.77706700
7.19700065,1.88853300
7.19800065,0.00000000
7.19900065,1.88853300
7.20000065,0.00000000
7.20100065,0.00000000
7.20200065,0.00000000
7.20300065,0.00000000
7.20400065,0.00000000
7.20500065,0.00000000
7.20600065,0.00000000
7.20700065,0.00000000
7.20800065,-1.88853300
7.20900065,-1.88853300
7.21000065,0.00000000
7.21100065,0.00000000
7.21200065,0.00000000
7.21300065,1.88853300
7.21400065,1.88853300
7.21500065,1.88853300
7.21600065,1.88853300
7.21700065,1.88853300
7.21800065,1.88853300
7.21900065,0.00000000
7.22000065,0.00000000
7.22100065,0.00000000
7.22200065,0.00000000
7.22300065,0.00000000
7.22400065,0.00000000
7.22500065,-1.88853300
7.22600065,-1.88853300
7.22700065,-1.88853300
7.22800065,-1.88853300
7.22900065,-1.88853300
7.23000065,-1.88853300
7.23100065,-1.88853300
7.23200065,-3.77706700
7.23300065,-3.77706700
7.23400065,-3.77706700
7.23500065,-1.88853300
7.23600065,-1.88853300
7.23700065,-1.88853300
7.23800065,0.00000000
7.23900065,0.00000000
7.24000065,1.88853300
7.24100065,1.88853300
7.24200065,0.00000000
7.24300065,0.00000000
7.24400065,0.00000000
7.24500065,0.00000000
7.24600065,-1.88853300
7.24700065,-1.88853300
7.24800065,-1.88853300
7.24900065,-1.88853300
7.25000065,-1.88853300
7.25100065,0.00000000
7.25200065,0.00000000
7.25300065,-1.88853300
7.25400065,0.00000000
7.25500065,0.00000000
7.25600065,0.00000000
7.25700065,0.00000000
7.25800065,0.00000000
7.25900065,0.00000000
7.26000065,0.00000000
7.26100065,0.00000000
7.26200065,1.88853300
7.26300065,1.88853300
7.26400065,1.88853300
7.26500065,1.88853300
7.26600065,1.88853300
7.26700065,1.88853300
7.26800065,1.88853300
7.26900065,1.88853300
7.27000065,0.00000000
7.27100065,0.00000000
7.27200065,0.00000000
7.27300065,0.00000000
7.27400065,0.00000000
7.27500065,0.00000000
7.27600065,0.00000000
7.27700065,0.00000000
7.27800065,0.00000000
7.27900065,0.00000000
7.28000065,0.00000000
7.28100065,0.00000000
7.28200065,0.00000000
7.28300065,1.88853300
7.28400065,1.88853300
7.28500065,1.88853300
7.28600065,1.88853300
7.28700065,1.88853300
7.28800065,1.88853300
7.28900065,0.00000000
7.29000065,1.88853300
7.29100065,1.88853300
7.29200065,1.88853300
7.29300065,1.88853300
7.29400065,1.88853300
7.29500065,1.88853300
7.29600065,0.00000000
7.29700065,0.00000000
7.29800065,0.00000000
7.29900065,-1.88853300
7.30000065,-1.88853300
7.30100065,-1.88853300
7.30200065,0.00000000
7.30300065,1.88853300
7.30400065,1.88853300
7.30500065,1.88853300
7.30600065,1.88853300
7.30700065,1.88853300
7.30800065,1.88853300
7.30900065,1.88853300
7.31000065,1.88853300
7.31100065,1.88853300
7.31200065,1.88853300
7.31300065,1.88853300
7.31400065,1.88853300
7.31500065,1.88853300
7.31600065,1.88853300
7.31700065,1.88853300
7.31800065,1.88853300
7.31900065,1.88853300
7.32000065,0.00000000
7.32100065,0.00000000
7.32200065,0.00000000
7.32300065,1.88853300
7.32400065,1.88853300
7.32500065,1.88853300
7.32600065,1.88853300
7.32700065,0.00000000
7.32800065,0.00000000
7.32900065,1.88853300
7.33000065,1.88853300
7.33100065,0.00000000
7.33200065,0.00000000
7.33300065,0.00000000
7.33400065,1.88853300
7.33500065,1.88853300
7.33600065,1.88853300
7.33700065,1.88853300
7.33800065,1.88853300
7.33900065,1.88853300
7.34000065,1.88853300
7.34100065,1.88853300
7.34200065,1.88853300
7.34300065,1.88853300
7.34400065,0.00000000
7.34500065,1.88853300
7.34600065,1.88853300
7.34700065,1.88853300
7.34800065,1.88853300
7.34900065,1.88853300
7.35000065,3.77706700
7.35100065,1.88853300
7.35200065,1.88853300
7.35300065,0.00000000
7.35400065,0.00000000
7.35500065,0.00000000
7.35600065,1.88853300
7.35700065,1.88853300
7.35800065,1.88853300
7.35900065,3.77706700
7.36000065,1.88853300
7.36100065,1.88853300
7.36200065,1.88853300
7.36300065,1.88853300
7.36400065,1.88853300
7.36500065,1.88853300
7.36600065,1.88853300
7.36700065,1.88853300
7.36800065,1.88853300
7.36900065,1.88853300
7.37000065,1.88853300
7.37100065,1.88853300
7.37200065,0.00000000
7.37300065,0.00000000
7.37400065,0.00000000
7.37500065,1.88853300
7.37600065,1.88853300
7.37700065,1.88853300
7.37800065,1.88853300
7.37900065,1.88853300
7.38000065,1.88853300
7.38100065,1.88853300
7.38200065,0.00000000
7.38300065,0.00000000
7.38400065,1.88853300
7.38500065,1.88853300
7.38600065,1.88853300
7.38700065,3.77706700
7.38800065,1.88853300
7.38900065,1.88853300
7.39000065,1.88853300
7.39100065,1.88853300
7.39200065,0.00000000
7.39300065,1.88853300
7.39400065,1.88853300
7.39500065,1.88853300
7.39600065,1.88853300
7.39700065,1.88853300
7.39800065,1.88853300
7.39900065,1.88853300
7.40000065,1.88853300
7.40100065,1.88853300
7.40200065,1.88853300
7.40300065,1.88853300
7.40400065,1.88853300
7.40500065,3.77706700
7.40600065,3.77706700
7.40700065,3.77706700
7.40800065,3.77706700
7.40900065,3.77706700
7.41000065,3.77706700
7.41100065,3.77706700
7.41200065,3.77706700
7.41300065,3.77706700
7.41400065,3.77706700
7.41500065,3.77706700
7.41600065,3.77706700
7.41700065,3.77706700
7.41800065,3.77706700
7.41900065,3.77706700
7.42000065,3.77706700
7.42100065,3.77706700
7.42200065,3.77706700
7.42300065,3.77706700
7.42400065,3.77706700
7.42500065,3.77706700
7.42600065,3.77706700
7.42700065,1.88853300
7.42800065,1.88853300
7.42900064,1.88853300
7.43000064,3.77706700
7.43100064,3.77706700
7.43200064,3.77706700
7.43300064,3.77706700
7.43400064,3.77706700
7.43500064,3.77706700
7.43600064,3.77706700
7.43700064,3.77706700
7.43800064,3.77706700
7.43900064,3.77706700
7.44000064,3.77706700
7.44100064,5.67175200
7.44200064,5.67175200
7.44300064,5.67175200
7.44400064,3.77706700
7.44500064,1.88853300
7.44600064,1.88853300
7.44700064,1.88853300
7.44800064,1.88853300
7.44900064,3.77706700
7.45000064,3.77706700
7.45100064,5.67175200
7.45200064,5.67175200
7.45300064,5.67175200
7.45400064,3.77706700
7.45500064,3.77706700
7.45600064,3.77706700
7.45700064,3.77706700
7.45800064,5.67175200
7.45900064,5.67175200
7.46000064,5.67175200
7.46100064,5.67175200
7.46200064,5.67175200
7.46300064,5.67175200
7.46400064,3.77706700
7.46500064,3.77706700
7.46600064,3.77706700
7.46700064,5.67175200
7.46800064,5.67175200
7.46900064,7.56028500
7.47000064,7.56028500
7.47100064,7.56028500
7.47200064,5.67175200
7.47300064,5.67175200
7.47400064,5.67175200
7.47500064,5.67175200
7.47600064,5.67175200
7.47700064,5.67175200
7.47800064,5.67175200
7.47900064,7.56028500
7.48000064,7.56028500
7.48100064,5.67175200
7.48200064,5.67175200
7.48300064,5.67175200
7.48400064,3.77706700
7.48500064,3.77706700
7.48600064,3.77706700
7.48700064,5.67175200
7.48800064,5.67175200
7.48900064,7.56028500
7.49000064,7.56028500
7.49100064,7.56028500
7.49200064,5.67175200
7.49300064,5.67175200
7.49400064,3.77706700
7.49500064,3.77706700
7.49600064,3.77706700
7.49700064,3.77706700
7.49800064,5.67175200
7.49900064,5.67175200
7.50000064,5.67175200
7.50100064,5.67175200
7.50200064,3.77706700
7.50300064,3.77706700
7.50400064,3.77706700
7.50500064,3.77706700
7.50600064,3.77706700
7.50700064,5.67175200
7.50800064,5.67175200
7.50900064,5.67175200
7.51000064,3.77706700
7.51100064,3.77706700
7.51200064,3.77706700
7.51300064,3.77706700
7.51400064,3.77706700
7.51500064,3.77706700
7.51600064,3.77706700
7.51700064,3.77706700
7.51800064,3.77706700
7.51900064,5.67175200
7.52000064,3.77706700
7.52100064,3.77706700
7.52200064,3.77706700
7.52300064,3.77706700
7.52400064,3.77706700
7.52500064,5.67175200
7.52600064,3.77706700
7.52700064,5.67175200
7.52800064,5.67175200
7.52900064,5.67175200
7.53000064,3.77706700
7.53100064,3.77706700
7.53200064,3.77706700
7.53300064,3.77706700
7.53400064,5.67175200
7.53500064,5.67175200
7.53600064,5.67175200
7.53700064,3.77706700
7.53800064,3.77706700
7.53900064,3.77706700
7.54000064,3.77706700
7.54100064,3.77706700
7.54200064,3.77706700
7.54300064,5.67175200
7.54400064,5.67175200
7.54500064,5.67175200
7.54600064,5.67175200
7.54700064,5.67175200
7.54800064,5.67175200
7.54900064,3.77706700
7.55000064,3.77706700
7.55100064,3.77706700
7.55200064,3.77706700
7.55300064,5.67175200
7.55400064,5.67175200
7.55500064,5.67175200
7.55600064,5.67175200
7.55700064,3.77706700
7.55800064,3.77706700
7.55900064,3.77706700
7.56000064,3.77706700
7.56100064,5.67175200
7.56200064,5.67175200
7.56300064,5.67175200
7.56400064,5.67175200
7.56500064,5.67175200
7.56600064,5.67175200
7.56700064,5.67175200
7.56800064,5.67175200
7.56900064,5.67175200
7.57000064,5.67175200
7.57100064,5.67175200
7.57200064,5.67175200
7.57300064,5.67175200
7.57400064,5.67175200
7.57500064,5.67175200
7.57600064,5.67175200
7.57700064,3.77706700
7.57800064,3.77706700
7.57900064,3.77706700
7.58000064,5.67175200
7.58100064,5.67175200
7.58200064,5.67175200
7.58300064,5.67175200
7.58400064,5.67175200
7.58500064,5.67175200
7.58600064,5.67175200
7.58700064,5.67175200
7.58800064,3.77706700
7.58900064,3.77706700
7.59000064,3.77706700
7.59100064,3.77706700
7.59200064,5.67175200
7.59300064,5.67175200
7.59400064,3.77706700
7.59500064,3.77706700
7.59600064,5.67175200
7.59700064,5.67175200
7.59800064,5.67175200
7.59900064,5.67175200
7.60000064,5.67175200
7.60100064,7.56028500
7.60200064,7.56028500
7.60300064,7.56028500
7.60400064,5.67175200
7.60500064,5.67175200
7.60600064,3.77706700
7.60700064,5.67175200
7.60800064,5.67175200
7.60900064,5.67175200
7.61000064,5.67175200
7.61100064,5.67175200
7.61200064,5.67175200
7.61300064,5.67175200
7.61400064,5.67175200
7.61500064,5.67175200
7.61600064,5.67175200
7.61700064,5.67175200
7.61800064,5.67175200
7.61900064,5.67175200
7.62000064,7.56028500
7.62100064,7.56028500
7.62200064,7.56028500
7.62300064,7.56028500
7.62400064,5.67175200
7.62500064,5.67175200
7.62600064,5.67175200
7.62700064,5.67175200
7.62800064,5.67175200
7.62900064,5.67175200
7.63000064,5.67175200
7.63100064,5.67175200
7.63200064,5.67175200
7.63300064,5.67175200
7.63400064,7.56028500
7.63500064,7.56028500
7.63600064,7.56028500
7.63700064,7.56028500
7.63800064,7.56028500
7.63900064,7.56028500
7.64000064,7.56028500
7.64100064,7.56028500
7.64200064,7.56028500
7.64300064,7.56028500
7.64400064,7.56028500
7.64500064,7.56028500
7.64600064,5.67175200
7.64700064,7.56028500
7.64800064,7.56028500
7.64900064,7.56028500
7.65000064,5.67175200
7.65100064,5.67175200
7.65200064,5.67175200
7.65300064,7.56028500
7.65400064,7.56028500
7.65500064,7.56028500
7.65600064,7.56028500
7.65700064,5.67175200
7.65800064,5.67175200
7.65900064,7.56028500
7.66000064,7.56028500
7.66100064,5.67175200
7.66200064,5.67175200
7.66300064,5.67175200
7.66400064,5.67175200
7.66500064,5.67175200
7.66600064,5.67175200
7.66700064,5.67175200
7.66800064,3.77706700
7.66900064,3.77706700
7.67000064,3.77706700
7.67100064,5.67175200
7.67200064,5.67175200
7.67300064,5.67175200
7.67400064,5.67175200
7.67500064,5.67175200
7.67600064,5.67175200
7.67700064,5.67175200
7.67800064,3.77706700
7.67900064,3.77706700
7.68000064,3.77706700
7.68100064,3.77706700
7.68200064,5.67175200
7.68300064,5.67175200
7.68400064,3.77706700
7.68500064,3.77706700
7.68600064,5.67175200
7.68700064,5.67175200
7.68800064,5.67175200
7.68900064,3.77706700
7.69000064,5.67175200
7.69100064,3.77706700
7.69200064,5.67175200
7.69300064,5.67175200
7.69400064,5.67175200
7.69500064,5.67175200
7.69600064,5.67175200
7.69700064,5.67175200
7.69800064,5.67175200
7.69900064,5.67175200
7.70000064,5.67175200
7.70100064,5.67175200
7.70200064,7.56028500
7.70300064,7.56028500
7.70400064,7.56028500
7.70500064,7.56028500
7.70600064,7.56028500
7.70700064,7.56028500
7.70800064,7.56028500
7.70900064,7.56028500
7.71000064,7.56028500
7.71100064,9.45496900
7.71200064,7.56028500
7.71300064,7.56028500
7.71400064,7.56028500
7.71500064,7.56028500
7.71600064,7.56028500
7.71700064,7.56028500
7.71800064,7.56028500
7.71900064,9.45496900
7.72000064,9.45496900
7.72100064,7.56028500
7.72200064,7.56028500
7.72300064,7.56028500
7.72400064,5.67175200
7.72500064,5.67175200
7.72600064,7.56028500
7.72700064,7.56028500
7.72800064,7.56028500
7.72900064,7.56028500
7.73000064,7.56028500
7.73100064,7.56028500
7.73200064,7.56028500
7.73300064,5.67175200
7.73400064,3.77706700
7.73500064,3.77706700
7.73600064,3.77706700
7.73700064,5.67175200
7.73800064,7.56028500
7.73900064,7.56028500
7.74000064,7.56028500
7.74100064,7.56028500
7.74200064,5.67175200
7.74300064,3.77706700
7.74400064,3.77706700
7.74500064,1.88853300
7.74600064,1.88853300
7.74700064,3.77706700
7.74800064,5.67175200
7.74900064,5.67175200
7.75000064,7.56028500
7.75100064,7.56028500
7.75200064,7.56028500
7.75300064,7.56028500
7.75400064,7.56028500
7.75500064,5.67175200
7.75600064,5.67175200
7.75700064,3.77706700
7.75800064,3.77706700
7.75900064,5.67175200
7.76000064,5.67175200
7.76100064,5.67175200
7.76200064,5.67175200
7.76300064,7.56028500
7.76400064,7.56028500
7.76500064,9.45496900
7.76600064,9.45496900
7.76700064,9.45496900
7.76800064,7.56028500
7.76900064,5.67175200
7.77000064,5.67175200
7.77100064,5.67175200
7.77200064,5.67175200
7.77300064,5.67175200
7.77400064,7.56028500
7.77500064,9.45496900
7.77600064,11.34350000
7.77700064,9.45496900
7.77800064,9.45496900
7.77900064,7.56028500
7.78000064,5.67175200
7.78100064,5.67175200
7.78200064,5.67175200
7.78300063,5.67175200
7.78400063,7.56028500
7.78500063,7.56028500
7.78600063,9.45496900
7.78700063,9.45496900
7.78800063,9.45496900
7.78900063,7.56028500
7.79000063,7.56028500
7.79100063,7.56028500
7.79200063,5.67175200
7.79300063,5.67175200
7.79400063,7.56028500
7.79500063,7.56028500
7.79600063,7.56028500
7.79700063,7.56028500
7.79800063,5.67175200
7.79900063,5.67175200
7.80000063,5.67175200
7.80100063,5.67175200
7.80200063,7.56028500
7.80300063,7.56028500
7.80400063,7.56028500
7.80500063,7.56028500
7.80600063,7.56028500
7.80700063,7.56028500
7.80800063,5.67175200
7.80900063,5.67175200
7.81000063,5.67175200
7.81100063,5.67175200
7.81200063,5.67175200
7.81300063,7.56028500
7.81400063,7.56028500
7.81500063,7.56028500
7.81600063,7.56028500
7.81700063,5.67175200
7.81800063,5.67175200
7.81900063,5.67175200
7.82000063,3.77706700
7.82100063,5.67175200
7.82200063,5.67175200
7.82300063,7.56028500
7.82400063,7.56028500
7.82500063,9.45496900
7.82600063,7.56028500
7.82700063,7.56028500
7.82800063,5.67175200
7.82900063,5.67175200
7.83000063,3.77706700
7.83100063,5.67175200
7.83200063,5.67175200
7.83300063,5.67175200
7.83400063,7.56028500
7.83500063,5.67175200
7.83600063,5.67175200
7.83700063,7.56028500
7.83800063,7.56028500
7.83900063,7.56028500
7.84000063,7.56028500
7.84100063,7.56028500
7.84200063,7.56028500
7.84300063,7.56028500
7.84400063,7.56028500
7.84500063,5.67175200
7.84600063,5.67175200
7.84700063,7.56028500
7.84800063,7.56028500
7.84900063,9.45496900
7.85000063,9.45496900
7.85100063,9.45496900
7.85200063,9.45496900
7.85300063,9.45496900
7.85400063,7.56028500
7.85500063,7.56028500
7.85600063,5.67175200
7.85700063,5.67175200
7.85800063,7.56028500
7.85900063,9.45496900
7.86000063,9.45496900
7.86100063,11.34350000
7.86200063,9.45496900
7.86300063,9.45496900
7.86400063,9.45496900
7.86500063,7.56028500
7.86600063,5.67175200
7.86700063,5.67175200
7.86800063,5.67175200
7.86900063,7.56028500
7.87000063,9.45496900
7.87100063,11.34350000
7.87200063,11.34350000
7.87300063,9.45496900
7.87400063,9.45496900
7.87500063,9.45496900
7.87600063,7.56028500
7.87700063,5.67175200
7.87800063,5.67175200
7.87900063,7.56028500
7.88000063,7.56028500
7.88100063,9.45496900
7.88200063,9.45496900
7.88300063,9.45496900
7.88400063,7.56028500
7.88500063,7.56028500
7.88600063,7.56028500
7.88700063,7.56028500
7.88800063,7.56028500
7.88900063,7.56028500
7.89000063,7.56028500
7.89100063,7.56028500
7.89200063,5.67175200
7.89300063,5.67175200
7.89400063,7.56028500
7.89500063,7.56028500
7.89600063,9.45496900
7.89700063,9.45496900
7.89800063,9.45496900
7.89900063,9.45496900
7.90000063,7.56028500
7.90100063,7.56028500
7.90200063,7.56028500
7.90300063,7.56028500
7.90400063,5.67175200
7.90500063,7.56028500
7.90600063,7.56028500
7.90700063,9.45496900
7.90800063,9.45496900
7.90900063,9.45496900
7.91000063,9.45496900
7.91100063,9.45496900
7.91200063,7.56028500
7.91300063,7.56028500
7.91400063,7.56028500
7.91500063,7.56028500
7.91600063,9.45496900
7.91700063,9.45496900
7.91800063,11.34350000
7.91900063,9.45496900
7.92000063,9.45496900
7.92100063,9.45496900
7.92200063,9.45496900
7.92300063,9.45496900
7.92400063,9.45496900
7.92500063,9.45496900
7.92600063,9.45496900
7.92700063,11.34350000
7.92800063,11.34350000
7.92900063,9.45496900
7.93000063,9.45496900
7.93100063,9.45496900
7.93200063,9.45496900
7.93300063,9.45496900
7.93400063,9.45496900
7.93500063,9.45496900
7.93600063,11.34350000
7.93700063,11.34350000
7.93800063,11.34350000
7.93900063,11.34350000
7.94000063,9.45496900
7.94100063,7.56028500
7.94200063,7.56028500
7.94300063,7.56028500
7.94400063,7.56028500
7.94500063,7.56028500
7.94600063,9.45496900
7.94700063,11.34350000
7.94800063,11.34350000
7.94900063,11.34350000
7.95000063,9.45496900
7.95100063,7.56028500
7.95200063,7.56028500
7.95300063,7.56028500
7.95400063,7.56028500
7.95500063,7.56028500
7.95600063,7.56028500
7.95700063,7.56028500
7.95800063,9.45496900
7.95900063,9.45496900
7.96000063,9.45496900
7.96100063,9.45496900
7.96200063,9.45496900
7.96300063,7.56028500
7.96400063,7.56028500
7.96500063,7.56028500
7.96600063,7.56028500
7.96700063,7.56028500
7.96800063,7.56028500
7.96900063,9.45496900
7.97000063,9.45496900
7.97100063,9.45496900
7.97200063,11.34350000
7.97300063,11.34350000
7.97400063,9.45496900
7.97500063,9.45496900
7.97600063,9.45496900
7.97700063,7.56028500
7.97800063,9.45496900
7.97900063,9.45496900
7.98000063,9.45496900
7.98100063,11.34350000
7.98200063,9.45496900
7.98300063,11.34350000
7.98400063,9.45496900
7.98500063,9.45496900
7.98600063,9.45496900
7.98700063,9.45496900
7.98800063,9.45496900
7.98900063,11.34350000
7.99000063,11.34350000
7.99100063,13.23204000
7.99200063,11.34350000
7.99300063,11.34350000
7.99400063,11.34350000
7.99500063,11.34350000
7.99600063,9.45496900
7.99700063,9.45496900
7.99800063,9.45496900
7.99900063,9.45496900
8.00000063,11.34350000
8.00100063,11.34350000
8.00200063,13.23204000
8.00300063,11.34350000
8.00400063,11.34350000
8.00500063,11.34350000
8.00600063,11.34350000
8.00700063,11.34350000
8.00800063,11.34350000
8.00900063,11.34350000
8.01000063,11.34350000
8.01100063,11.34350000
8.01200063,11.34350000
8.01300063,11.34350000
8.01400063,11.34350000
8.01500063,11.34350000
8.01600063,11.34350000
8.01700063,9.45496900
8.01800063,9.45496900
8.01900063,9.45496900
8.02000063,9.45496900
8.02100063,9.45496900
8.02200063,9.45496900
8.02300063,11.34350000
8.02400063,11.34350000
8.02500063,11.34350000
8.02600063,11.34350000
8.02700063,11.34350000
8.02800063,11.34350000
8.02900063,11.34350000
8.03000063,11.34350000
8.03100063,11.34350000
8.03200063,11.34350000
8.03300063,11.34350000
8.03400063,11.34350000
8.03500063,13.23204000
8.03600063,11.34350000
8.03700063,11.34350000
8.03800063,11.34350000
8.03900063,11.34350000
8.04000063,9.45496900
8.04100063,9.45496900
8.04200063,11.34350000
8.04300063,11.34350000
8.04400063,13.23204000
8.04500063,13.23204000
8.04600063,15.12672000
8.04700063,15.12672000
8.04800063,13.23204000
8.04900063,13.23204000
8.05000063,11.34350000
8.05100063,11.34350000
8.05200063,11.34350000
8.05300063,11.34350000
8.05400063,13.23204000
8.05500063,13.23204000
8.05600063,13.23204000
8.05700063,13.23204000
8.05800063,13.23204000
8.05900063,13.23204000
8.06000063,13.23204000
8.06100063,13.23204000
8.06200063,11.34350000
8.06300063,13.23204000
8.06400063,13.23204000
8.06500063,13.23204000
8.06600063,13.23204000
8.06700063,13.23204000
8.06800063,13.23204000
8.06900063,13.23204000
8.07000063,13.23204000
8.07100063,13.23204000
8.07200063,13.23204000
8.07300063,11.34350000
8.07400063,11.34350000
8.07500063,11.34350000
8.07600063,11.34350000
8.07700063,11.34350000
8.07800063,11.34350000
8.07900063,11.34350000
8.08000063,13.23204000
8.08100063,15.12672000
8.08200063,15.12672000
8.08300063,13.23204000
8.08400063,13.23204000
8.08500063,11.34350000
8.08600063,9.45496900
8.08700063,9.45496900
8.08800063,9.45496900
8.08900063,9.45496900
8.09000063,11.34350000
8.09100063,15.12672000
8.09200063,17.01525000
8.09300063,17.01525000
8.09400063,17.01525000
8.09500063,15.12672000
8.09600063,13.23204000
8.09700063,9.45496900
8.09800063,7.56028500
8.09900063,7.56028500
8.10000063,9.45496900
8.10100063,11.34350000
8.10200063,13.23204000
8.10300063,15.12672000
8.10400063,15.12672000
8.10500063,15.12672000
8.10600063,15.12672000
8.10700063,13.23204000
8.10800063,11.34350000
8.10900063,9.45496900
8.11000063,7.56028500
8.11100063,7.56028500
8.11200063,7.56028500
8.11300063,9.45496900
8.11400063,9.45496900
8.11500063,11.34350000
8.11600063,11.34350000
8.11700063,11.34350000
8.11800063,11.34350000
8.11900063,11.34350000
8.12000063,11.34350000
8.12100063,11.34350000
8.12200063,9.45496900
8.12300063,7.56028500
8.12400063,7.56028500
8.12500063,7.56028500
8.12600063,7.56028500
8.12700063,9.45496900
8.12800063,9.45496900
8.12900063,11.34350000
8.13000063,11.34350000
8.13100063,11.34350000
8.13200063,11.34350000
8.13300063,9.45496900
8.13400063,9.45496900
8.13500063,7.56028500
8.13600062,7.56028500
8.13700062,9.45496900
8.13800062,9.45496900
8.13900062,11.34350000
8.14000062,13.23204000
8.14100062,13.23204000
8.14200062,13.23204000
8.14300062,13.23204000
8.14400062,11.34350000
8.14500062,11.34350000
8.14600062,11.34350000
8.14700062,11.34350000
8.14800062,13.23204000
8.14900062,13.23204000
8.15000062,13.23204000
8.15100062,13.23204000
8.15200062,15.12672000
8.15300062,15.12672000
8.15400062,15.12672000
8.15500062,15.12672000
8.15600062,15.12672000
8.15700062,15.12672000
8.15800062,15.12672000
8.15900062,15.12672000
8.16000062,15.12672000
8.16100062,15.12672000
8.16200062,15.12672000
8.16300062,15.12672000
8.16400062,17.01525000
8.16500062,17.01525000
8.16600062,17.01525000
8.16700062,15.12672000
8.16800062,15.12672000
8.16900062,15.12672000
8.17000062,15.12672000
8.17100062,13.23204000
8.17200062,13.23204000
8.17300062,13.23204000
8.17400062,15.12672000
8.17500062,15.12672000
8.17600062,15.12672000
8.17700062,15.12672000
8.17800062,15.12672000
8.17900062,15.12672000
8.18000062,13.23204000
8.18100062,13.23204000
8.18200062,13.23204000
8.18300062,13.23204000
8.18400062,13.23204000
8.18500062,15.12672000
8.18600062,15.12672000
8.18700062,17.01525000
8.18800062,15.12672000
8.18900062,15.12672000
8.19000062,13.23204000
8.19100062,13.23204000
8.19200062,11.34350000
8.19300062,11.34350000
8.19400062,13.23204000
8.19500062,15.12672000
8.19600062,15.12672000
8.19700062,17.01525000
8.19800062,17.01525000
8.19900062,15.12672000
8.20000062,15.12672000
8.20100062,13.23204000
8.20200062,13.23204000
8.20300062,13.23204000
8.20400062,13.23204000
8.20500062,13.23204000
8.20600062,13.23204000
8.20700062,15.12672000
8.20800062,15.12672000
8.20900062,15.12672000
8.21000062,17.01525000
8.21100062,17.01525000
8.21200062,17.01525000
8.21300062,17.01525000
8.21400062,17.01525000
8.21500062,17.01525000
8.21600062,15.12672000
8.21700062,15.12672000
8.21800062,15.12672000
8.21900062,15.12672000
8.22000062,15.12672000
8.22100062,17.01525000
8.22200062,17.01525000
8.22300062,18.90994000
8.22400062,18.90994000
8.22500062,18.90994000
8.22600062,17.01525000
8.22700062,17.01525000
8.22800062,15.12672000
8.22900062,15.12672000
8.23000062,15.12672000
8.23100062,17.01525000
8.23200062,18.90994000
8.23300062,18.90994000
8.23400062,18.90994000
8.23500062,18.90994000
8.23600062,18.90994000
8.23700062,18.90994000
8.23800062,17.01525000
8.23900062,17.01525000
8.24000062,18.90994000
8.24100062,18.90994000
8.24200062,20.79847000
8.24300062,20.79847000
8.24400062,20.79847000
8.24500062,20.79847000
8.24600062,20.79847000
8.24700062,20.79847000
8.24800062,20.79847000
8.24900062,18.90994000
8.25000062,18.90994000
8.25100062,20.79847000
8.25200062,20.79847000
8.25300062,20.79847000
8.25400062,20.79847000
8.25500062,20.79847000
8.25600062,20.79847000
8.25700062,20.79847000
8.25800062,20.79847000
8.25900062,20.79847000
8.26000062,20.79847000
8.26100062,20.79847000
8.26200062,20.79847000
8.26300062,20.79847000
8.26400062,20.79847000
8.26500062,18.90994000
8.26600062,18.90994000
8.26700062,18.90994000
8.26800062,20.79847000
8.26900062,20.79847000
8.27000062,20.79847000
8.27100062,18.90994000
8.27200062,18.90994000
8.27300062,17.01525000
8.27400062,17.01525000
8.27500062,17.01525000
8.27600062,17.01525000
8.27700062,18.90994000
8.27800062,18.90994000
8.27900062,20.79847000
8.28000062,20.79847000
8.28100062,18.90994000
8.28200062,18.90994000
8.28300062,17.01525000
8.28400062,17.01525000
8.28500062,15.12672000
8.28600062,17.01525000
8.28700062,17.01525000
8.28800062,18.90994000
8.28900062,18.90994000
8.29000062,18.90994000
8.29100062,18.90994000
8.29200062,17.01525000
8.29300062,17.01525000
8.29400062,17.01525000
8.29500062,17.01525000
8.29600062,17.01525000
8.29700062,17.01525000
8.29800062,17.01525000
8.29900062,18.90994000
8.30000062,18.90994000
8.30100062,18.90994000
8.30200062,18.90994000
8.30300062,18.90994000
8.30400062,18.90994000
8.30500062,18.90994000
8.30600062,18.90994000
8.30700062,18.90994000
8.30800062,18.90994000
8.30900062,18.90994000
8.31000062,20.79847000
8.31100062,20.79847000
8.31200062,20.79847000
8.31300062,20.79847000
8.31400062,20.79847000
8.31500062,20.79847000
8.31600062,20.79847000
8.31700062,20.79847000
8.31800062,20.79847000
8.31900062,20.79847000
8.32000062,18.90994000
8.32100062,18.90994000
8.32200062,20.79847000
8.32300062,20.79847000
8.32400062,20.79847000
8.32500062,20.79847000
8.32600062,20.79847000
8.32700062,20.79847000
8.32800062,20.79847000
8.32900062,20.79847000
8.33000062,20.79847000
8.33100062,20.79847000
8.33200062,20.79847000
8.33300062,20.79847000
8.33400062,20.79847000
8.33500062,20.79847000
8.33600062,18.90994000
8.33700062,18.90994000
8.33800062,18.90994000
8.33900062,18.90994000
8.34000062,18.90994000
8.34100062,18.90994000
8.34200062,18.90994000
8.34300062,18.90994000
8.34400062,18.90994000
8.34500062,18.90994000
8.34600062,18.90994000
8.34700062,18.90994000
8.34800062,18.90994000
8.34900062,17.01525000
8.35000062,17.01525000
8.35100062,18.90994000
8.35200062,18.90994000
8.35300062,20.79847000
8.35400062,18.90994000
8.35500062,18.90994000
8.35600062,18.90994000
8.35700062,17.01525000
8.35800062,17.01525000
8.35900062,17.01525000
8.36000062,17.01525000
8.36100062,18.90994000
8.36200062,20.79847000
8.36300062,20.79847000
8.36400062,20.79847000
8.36500062,22.68701000
8.36600062,20.79847000
8.36700062,20.79847000
8.36800062,18.90994000
8.36900062,18.90994000
8.37000062,18.90994000
8.37100062,20.79847000
8.37200062,20.79847000
8.37300062,22.68701000
8.37400062,22.68701000
8.37500062,22.68701000
8.37600062,20.79847000
8.37700062,20.79847000
8.37800062,22.68701000
8.37900062,20.79847000
8.38000062,20.79847000
8.38100062,20.79847000
8.38200062,22.68701000
8.38300062,22.68701000
8.38400062,22.68701000
8.38500062,22.68701000
8.38600062,22.68701000
8.38700062,22.68701000
8.38800062,22.68701000
8.38900062,22.68701000
8.39000062,20.79847000
8.39100062,20.79847000
8.39200062,20.79847000
8.39300062,20.79847000
8.39400062,20.79847000
8.39500062,20.79847000
8.39600062,20.79847000
8.39700062,22.68701000
8.39800062,22.68701000
8.39900062,22.68701000
8.40000062,22.68701000
8.40100062,20.79847000
8.40200062,20.79847000
8.40300062,18.90994000
8.40400062,18.90994000
8.40500062,18.90994000
8.40600062,18.90994000
8.40700062,20.79847000
8.40800062,20.79847000
8.40900062,20.79847000
8.41000062,20.79847000
8.41100062,20.79847000
8.41200062,18.90994000
8.41300062,18.90994000
8.41400062,18.90994000
8.41500062,18.90994000
8.41600062,18.90994000
8.41700062,18.90994000
8.41800062,20.79847000
8.41900062,20.79847000
8.42000062,20.79847000
8.42100062,20.79847000
8.42200062,20.79847000
8.42300062,18.90994000
8.42400062,18.90994000
8.42500062,18.90994000
8.42600062,20.79847000
8.42700062,20.79847000
8.42800062,20.79847000
8.42900062,20.79847000
8.43000062,20.79847000
8.43100062,20.79847000
8.43200062,20.79847000
8.43300062,20.79847000
8.43400062,22.68701000
8.43500062,22.68701000
8.43600062,22.68701000
8.43700062,22.68701000
8.43800062,22.68701000
8.43900062,22.68701000
8.44000062,22.68701000
8.44100062,20.79847000
8.44200062,20.79847000
8.44300062,22.68701000
8.44400062,22.68701000
8.44500062,22.68701000
8.44600062,24.58169000
8.44700062,24.58169000
8.44800062,24.58169000
8.44900062,22.68701000
8.45000062,22.68701000
8.45100062,22.68701000
8.45200062,22.68701000
8.45300062,22.68701000
8.45400062,22.68701000
8.45500062,22.68701000
8.45600062,22.68701000
8.45700062,24.58169000
8.45800062,22.68701000
8.45900062,22.68701000
8.46000062,22.68701000
8.46100062,22.68701000
8.46200062,22.68701000
8.46300062,22.68701000
8.46400062,22.68701000
8.46500062,22.68701000
8.46600062,22.68701000
8.46700062,22.68701000
8.46800062,20.79847000
8.46900062,20.79847000
8.47000062,18.90994000
8.47100062,18.90994000
8.47200062,20.79847000
8.47300062,22.68701000
8.47400062,24.58169000
8.47500062,24.58169000
8.47600062,22.68701000
8.47700062,22.68701000
8.47800062,20.79847000
8.47900062,20.79847000
8.48000062,18.90994000
8.48100062,18.90994000
8.48200062,20.79847000
8.48300062,22.68701000
8.48400062,24.58169000
8.48500062,24.58169000
8.48600062,26.47023000
8.48700062,26.47023000
8.48800062,26.47023000
8.48900062,26.47023000
8.49000061,24.58169000
8.49100061,24.58169000
8.49200061,22.68701000
8.49300061,24.58169000
8.49400061,26.47023000
8.49500061,28.36491000
8.49600061,28.36491000
8.49700061,28.36491000
8.49800061,28.36491000
8.49900061,30.25344000
8.50000061,30.25344000
8.50100061,28.36491000
8.50200061,28.36491000
8.50300061,28.36491000
8.50400061,28.36491000
8.50500061,28.36491000
8.50600061,26.47023000
8.50700061,26.47023000
8.50800061,26.47023000
8.50900061,28.36491000
8.51000061,28.36491000
8.51100061,30.25344000
8.51200061,30.25344000
8.51300061,30.25344000
8.51400061,28.36491000
8.51500061,26.47023000
8.51600061,26.47023000
8.51700061,24.58169000
8.51800061,24.58169000
8.51900061,24.58169000
8.52000061,24.58169000
8.52100061,26.47023000
8.52200061,26.47023000
8.52300061,26.47023000
8.52400061,26.47023000
8.52500061,24.58169000
8.52600061,24.58169000
8.52700061,24.58169000
8.52800061,22.68701000
8.52900061,22.68701000
8.53000061,24.58169000
8.53100061,24.58169000
8.53200061,24.58169000
8.53300061,24.58169000
8.53400061,24.58169000
8.53500061,24.58169000
8.53600061,22.68701000
8.53700061,22.68701000
8.53800061,22.68701000
8.53900061,22.68701000
8.54000061,24.58169000
8.54100061,24.58169000
8.54200061,24.58169000
8.54300061,24.58169000
8.54400061,24.58169000
8.54500061,24.58169000
8.54600061,24.58169000
8.54700061,24.58169000
8.54800061,24.58169000
8.54900061,24.58169000
8.55000061,24.58169000
8.55100061,26.47023000
8.55200061,26.47023000
8.55300061,26.47023000
8.55400061,26.47023000
8.55500061,26.47023000
8.55600061,26.47023000
8.55700061,26.47023000
8.55800061,26.47023000
8.55900061,26.47023000
8.56000061,26.47023000
8.56100061,24.58169000
8.56200061,26.47023000
8.56300061,26.47023000
8.56400061,24.58169000
8.56500061,26.47023000
8.56600061,26.47023000
8.56700061,28.36491000
8.56800061,28.36491000
8.56900061,28.36491000
8.57000061,26.47023000
8.57100061,26.47023000
8.57200061,24.58169000
8.57300061,24.58169000
8.57400061,24.58169000
8.57500061,24.58169000
8.57600061,24.58169000
8.57700061,26.47023000
8.57800061,28.36491000
8.57900061,28.36491000
8.58000061,26.47023000
8.58100061,26.47023000
8.58200061,24.58169000
8.58300061,24.58169000
8.58400061,22.68701000
8.58500061,22.68701000
8.58600061,22.68701000
8.58700061,22.68701000
8.58800061,22.68701000
8.58900061,22.68701000
8.59000061,22.68701000
8.59100061,22.68701000
8.59200061,22.68701000
8.59300061,22.68701000
8.59400061,22.68701000
8.59500061,22.68701000
8.59600061,22.68701000
8.59700061,20.79847000
8.59800061,18.90994000
8.59900061,18.90994000
8.60000061,18.90994000
8.60100061,18.90994000
8.60200061,20.79847000
8.60300061,20.79847000
8.60400061,22.68701000
8.60500061,22.68701000
8.60600061,22.68701000
8.60700061,24.58169000
8.60800061,22.68701000
8.60900061,20.79847000
8.61000061,20.79847000
8.61100061,20.79847000
8.61200061,22.68701000
8.61300061,22.68701000
8.61400061,24.58169000
8.61500061,24.58169000
8.61600061,24.58169000
8.61700061,24.58169000
8.61800061,24.58169000
8.61900061,24.58169000
8.62000061,24.58169000
8.62100061,22.68701000
8.62200061,24.58169000
8.62300061,24.58169000
8.62400061,26.47023000
8.62500061,26.47023000
8.62600061,26.47023000
8.62700061,26.47023000
8.62800061,24.58169000
8.62900061,24.58169000
8.63000061,24.58169000
8.63100061,24.58169000
8.63200061,26.47023000
8.63300061,26.47023000
8.63400061,26.47023000
8.63500061,26.47023000
8.63600061,26.47023000
8.63700061,26.47023000
8.63800061,26.47023000
8.63900061,26.47023000
8.64000061,26.47023000
8.64100061,24.58169000
8.64200061,24.58169000
8.64300061,22.68701000
8.64400061,24.58169000
8.64500061,24.58169000
8.64600061,26.47023000
8.64700061,26.47023000
8.64800061,26.47023000
8.64900061,26.47023000
8.65000061,26.47023000
8.65100061,24.58169000
8.65200061,24.58169000
8.65300061,22.68701000
8.65400061,22.68701000
8.65500061,22.68701000
8.65600061,24.58169000
8.65700061,24.58169000
8.65800061,24.58169000
8.65900061,24.58169000
8.66000061,26.47023000
8.66100061,24.58169000
8.66200061,24.58169000
8.66300061,24.58169000
8.66400061,24.58169000
8.66500061,24.58169000
8.66600061,24.58169000
8.66700061,24.58169000
8.66800061,24.58169000
8.66900061,24.58169000
8.67000061,24.58169000
8.67100061,26.47023000
8.67200061,26.47023000
8.67300061,26.47023000
8.67400061,26.47023000
8.67500061,24.58169000
8.67600061,24.58169000
8.67700061,24.58169000
8.67800061,26.47023000
8.67900061,26.47023000
8.68000061,26.47023000
8.68100061,26.47023000
8.68200061,26.47023000
8.68300061,26.47023000
8.68400061,26.47023000
8.68500061,28.36491000
8.68600061,28.36491000
8.68700061,28.36491000
8.68800061,26.47023000
8.68900061,26.47023000
8.69000061,26.47023000
8.69100061,26.47023000
8.69200061,26.47023000
8.69300061,26.47023000
8.69400061,26.47023000
8.69500061,26.47023000
8.69600061,26.47023000
8.69700061,26.47023000
8.69800061,26.47023000
8.69900061,26.47023000
8.70000061,26.47023000
8.70100061,26.47023000
8.70200061,26.47023000
8.70300061,26.47023000
8.70400061,26.47023000
8.70500061,26.47023000
8.70600061,26.47023000
8.70700061,26.47023000
8.70800061,26.47023000
8.70900061,24.58169000
8.71000061,24.58169000
8.71100061,24.58169000
8.71200061,24.58169000
8.71300061,26.47023000
8.71400061,26.47023000
8.71500061,26.47023000
8.71600061,26.47023000
8.71700061,26.47023000
8.71800061,24.58169000
8.71900061,24.58169000
8.72000061,24.58169000
8.72100061,24.58169000
8.72200061,24.58169000
8.72300061,24.58169000
8.72400061,26.47023000
8.72500061,26.47023000
8.72600061,26.47023000
8.72700061,26.47023000
8.72800061,26.47023000
8.72900061,26.47023000
8.73000061,24.58169000
8.73100061,24.58169000
8.73200061,24.58169000
8.73300061,24.58169000
8.73400061,26.47023000
8.73500061,26.47023000
8.73600061,26.47023000
8.73700061,26.47023000
8.73800061,26.47023000
8.73900061,26.47023000
8.74000061,26.47023000
8.74100061,26.47023000
8.74200061,24.58169000
8.74300061,26.47023000
8.74400061,26.47023000
8.74500061,26.47023000
8.74600061,26.47023000
8.74700061,26.47023000
8.74800061,26.47023000
8.74900061,26.47023000
8.75000061,26.47023000
8.75100061,26.47023000
8.75200061,26.47023000
8.75300061,26.47023000
8.75400061,26.47023000
8.75500061,26.47023000
8.75600061,26.47023000
8.75700061,26.47023000
8.75800061,26.47023000
8.75900061,26.47023000
8.76000061,26.47023000
8.76100061,26.47023000
8.76200061,26.47023000
8.76300061,26.47023000
8.76400061,26.47023000
8.76500061,24.58169000
8.76600061,24.58169000
8.76700061,24.58169000
8.76800061,26.47023000
8.76900061,26.47023000
8.77000061,28.36491000
8.77100061,28.36491000
8.77200061,28.36491000
8.77300061,26.47023000
8.77400061,26.47023000
8.77500061,24.58169000
8.77600061,24.58169000
8.77700061,24.58169000
8.77800061,26.47023000
8.77900061,26.47023000
8.78000061,26.47023000
8.78100061,28.36491000
8.78200061,28.36491000
8.78300061,26.47023000
8.78400061,24.58169000
8.78500061,24.58169000
8.78600061,24.58169000
8.78700061,24.58169000
8.78800061,24.58169000
8.78900061,26.47023000
8.79000061,28.36491000
8.79100061,28.36491000
8.79200061,28.36491000
8.79300061,26.47023000
8.79400061,26.47023000
8.79500061,24.58169000
8.79600061,24.58169000
8.79700061,24.58169000
8.79800061,24.58169000
8.79900061,26.47023000
8.80000061,28.36491000
8.80100061,28.36491000
8.80200061,28.36491000
8.80300061,26.47023000
8.80400061,26.47023000
8.80500061,24.58169000
8.80600061,24.58169000
8.80700061,26.47023000
8.80800061,26.47023000
8.80900061,26.47023000
8.81000061,26.47023000
8.81100061,28.36491000
8.81200061,28.36491000
8.81300061,26.47023000
8.81400061,26.47023000
8.81500061,26.47023000
8.81600061,26.47023000
8.81700061,26.47023000
8.81800061,26.47023000
8.81900061,26.47023000
8.82000061,26.47023000
8.82100061,26.47023000
8.82200061,26.47023000
8.82300061,26.47023000
8.82400061,26.47023000
8.82500061,26.47023000
8.82600061,26.47023000
8.82700061,26.47023000
8.82800061,26.47023000
8.82900061,26.47023000
8.83000061,26.47023000
8.83100061,26.47023000
8.83200061,26.47023000
8.83300061,26.47023000
8.83400061,26.47023000
8.83500061,26.47023000
8.83600061,26.47023000
8.83700061,28.36491000
8.83800061,28.36491000
8.83900061,28.36491000
8.84000061,26.47023000
8.84100061,24.58169000
8.84200061,24.58169000
8.84300060,24.58169000
8.84400060,26.47023000
8.84500060,26.47023000
8.84600060,28.36491000
8.84700060,28.36491000
8.84800060,28.36491000
8.84900060,26.47023000
8.85000060,26.47023000
8.85100060,24.58169000
8.85200060,24.58169000
8.85300060,24.58169000
8.85400060,24.58169000
8.85500060,26.47023000
8.85600060,28.36491000
8.85700060,28.36491000
8.85800060,28.36491000
8.85900060,26.47023000
8.86000060,24.58169000
8.86100060,24.58169000
8.86200060,24.58169000
8.86300060,26.47023000
8.86400060,26.47023000
8.86500060,26.47023000
8.86600060,26.47023000
8.86700060,26.47023000
8.86800060,26.47023000
8.86900060,24.58169000
8.87000060,24.58169000
8.87100060,24.58169000
8.87200060,24.58169000
8.87300060,24.58169000
8.87400060,26.47023000
8.87500060,26.47023000
8.87600060,26.47023000
8.87700060,26.47023000
8.87800060,26.47023000
8.87900060,26.47023000
8.88000060,26.47023000
8.88100060,26.47023000
8.88200060,26.47023000
8.88300060,26.47023000
8.88400060,26.47023000
8.88500060,26.47023000
8.88600060,26.47023000
8.88700060,26.47023000
8.88800060,26.47023000
8.88900060,26.47023000
8.89000060,26.47023000
8.89100060,26.47023000
8.89200060,26.47023000
8.89300060,28.36491000
8.89400060,28.36491000
8.89500060,28.36491000
8.89600060,26.47023000
8.89700060,26.47023000
8.89800060,26.47023000
8.89900060,26.47023000
8.90000060,26.47023000
8.90100060,26.47023000
8.90200060,28.36491000
8.90300060,30.25344000
8.90400060,28.36491000
8.90500060,28.36491000
8.90600060,26.47023000
8.90700060,26.47023000
8.90800060,24.58169000
8.90900060,24.58169000
8.91000060,26.47023000
8.91100060,26.47023000
8.91200060,28.36491000
8.91300060,28.36491000
8.91400060,28.36491000
8.91500060,28.36491000
8.91600060,26.47023000
8.91700060,26.47023000
8.91800060,26.47023000
8.91900060,26.47023000
8.92000060,26.47023000
8.92100060,26.47023000
8.92200060,28.36491000
8.92300060,28.36491000
8.92400060,28.36491000
8.92500060,26.47023000
8.92600060,26.47023000
8.92700060,26.47023000
8.92800060,24.58169000
8.92900060,26.47023000
8.93000060,26.47023000
8.93100060,26.47023000
8.93200060,26.47023000
8.93300060,26.47023000
8.93400060,26.47023000
8.93500060,26.47023000
8.93600060,26.47023000
8.93700060,26.47023000
8.93800060,26.47023000
8.93900060,26.47023000
8.94000060,26.47023000
8.94100060,28.36491000
8.94200060,28.36491000
8.94300060,28.36491000
8.94400060,28.36491000
8.94500060,28.36491000
8.94600060,28.36491000
8.94700060,26.47023000
8.94800060,26.47023000
8.94900060,26.47023000
8.95000060,26.47023000
8.95100060,28.36491000
8.95200060,28.36491000
8.95300060,26.47023000
8.95400060,26.47023000
8.95500060,28.36491000
8.95600060,28.36491000
8.95700060,28.36491000
8.95800060,28.36491000
8.95900060,28.36491000
8.96000060,28.36491000
8.96100060,28.36491000
8.96200060,28.36491000
8.96300060,28.36491000
8.96400060,28.36491000
8.96500060,28.36491000
8.96600060,28.36491000
8.96700060,30.25344000
8.96800060,30.25344000
8.96900060,28.36491000
8.97000060,28.36491000
8.97100060,28.36491000
8.97200060,26.47023000
8.97300060,26.47023000
8.97400060,26.47023000
8.97500060,28.36491000
8.97600060,28.36491000
8.97700060,28.36491000
8.97800060,28.36491000
8.97900060,28.36491000
8.98000060,28.36491000
8.98100060,26.47023000
8.98200060,26.47023000
8.98300060,26.47023000
8.98400060,26.47023000
8.98500060,26.47023000
8.98600060,26.47023000
8.98700060,28.36491000
8.98800060,28.36491000
8.98900060,28.36491000
8.99000060,26.47023000
8.99100060,26.47023000
8.99200060,24.58169000
8.99300060,24.58169000
8.99400060,24.58169000
8.99500060,26.47023000
8.99600060,26.47023000
8.99700060,26.47023000
8.99800060,26.47023000
8.99900060,26.47023000
9.00000060,26.47023000
9.00100060,26.47023000
9.00200060,24.58169000
9.00300060,24.58169000
9.00400060,24.58169000
9.00500060,24.58169000
9.00600060,24.58169000
9.00700060,26.47023000
9.00800060,26.47023000
9.00900060,26.47023000
9.01000060,26.47023000
9.01100060,28.36491000
9.01200060,26.47023000
9.01300060,26.47023000
9.01400060,26.47023000
9.01500060,26.47023000
9.01600060,26.47023000
9.01700060,26.47023000
9.01800060,26.47023000
9.01900060,26.47023000
9.02000060,28.36491000
9.02100060,28.36491000
9.02200060,28.36491000
9.02300060,28.36491000
9.02400060,28.36491000
9.02500060,28.36491000
9.02600060,26.47023000
9.02700060,26.47023000
9.02800060,26.47023000
9.02900060,26.47023000
9.03000060,26.47023000
9.03100060,28.36491000
9.03200060,28.36491000
9.03300060,28.36491000
9.03400060,28.36491000
9.03500060,28.36491000
9.03600060,28.36491000
9.03700060,28.36491000
9.03800060,26.47023000
9.03900060,28.36491000
9.04000060,26.47023000
9.04100060,28.36491000
9.04200060,28.36491000
9.04300060,28.36491000
9.04400060,26.47023000
9.04500060,26.47023000
9.04600060,26.47023000
9.04700060,26.47023000
9.04800060,26.47023000
9.04900060,26.47023000
9.05000060,26.47023000
9.05100060,26.47023000
9.05200060,26.47023000
9.05300060,26.47023000
9.05400060,24.58169000
9.05500060,24.58169000
9.05600060,24.58169000
9.05700060,24.58169000
9.05800060,24.58169000
9.05900060,24.58169000
9.06000060,24.58169000
9.06100060,24.58169000
9.06200060,24.58169000
9.06300060,24.58169000
9.06400060,24.58169000
9.06500060,24.58169000
9.06600060,24.58169000
9.06700060,24.58169000
9.06800060,24.58169000
9.06900060,24.58169000
9.07000060,24.58169000
9.07100060,24.58169000
9.07200060,24.58169000
9.07300060,24.58169000
9.07400060,24.58169000
9.07500060,26.47023000
9.07600060,26.47023000
9.07700060,26.47023000
9.07800060,26.47023000
9.07900060,24.58169000
9.08000060,24.58169000
9.08100060,24.58169000
9.08200060,24.58169000
9.08300060,24.58169000
9.08400060,24.58169000
9.08500060,24.58169000
9.08600060,26.47023000
9.08700060,26.47023000
9.08800060,28.36491000
9.08900060,28.36491000
9.09000060,26.47023000
9.09100060,26.47023000
9.09200060,24.58169000
9.09300060,24.58169000
9.09400060,26.47023000
9.09500060,26.47023000
9.09600060,26.47023000
9.09700060,26.47023000
9.09800060,26.47023000
9.09900060,26.47023000
9.10000060,26.47023000
9.10100060,26.47023000
9.10200060,24.58169000
9.10300060,26.47023000
9.10400060,26.47023000
9.10500060,26.47023000
9.10600060,26.47023000
9.10700060,26.47023000
9.10800060,26.47023000
9.10900060,26.47023000
9.11000060,26.47023000
9.11100060,26.47023000
9.11200060,24.58169000
9.11300060,24.58169000
9.11400060,26.47023000
9.11500060,26.47023000
9.11600060,26.47023000
9.11700060,26.47023000
9.11800060,26.47023000
9.11900060,26.47023000
9.12000060,26.47023000
9.12100060,26.47023000
9.12200060,24.58169000
9.12300060,24.58169000
9.12400060,24.58169000
9.12500060,26.47023000
9.12600060,26.47023000
9.12700060,26.47023000
9.12800060,26.47023000
9.12900060,24.58169000
9.13000060,24.58169000
9.13100060,26.47023000
9.13200060,26.47023000
9.13300060,26.47023000
9.13400060,24.58169000
9.13500060,26.47023000
9.13600060,24.58169000
9.13700060,24.58169000
9.13800060,24.58169000
9.13900060,24.58169000
9.14000060,24.58169000
9.14100060,24.58169000
9.14200060,24.58169000
9.14300060,26.47023000
9.14400060,24.58169000
9.14500060,24.58169000
9.14600060,26.47023000
9.14700060,24.58169000
9.14800060,24.58169000
9.14900060,22.68701000
9.15000060,22.68701000
9.15100060,22.68701000
9.15200060,24.58169000
9.15300060,24.58169000
9.15400060,26.47023000
9.15500060,24.58169000
9.15600060,24.58169000
9.15700060,22.68701000
9.15800060,22.68701000
9.15900060,24.58169000
9.16000060,24.58169000
9.16100060,24.58169000
9.16200060,24.58169000
9.16300060,26.47023000
9.16400060,26.47023000
9.16500060,26.47023000
9.16600060,26.47023000
9.16700060,26.47023000
9.16800060,26.47023000
9.16900060,26.47023000
9.17000060,26.47023000
9.17100060,26.47023000
9.17200060,26.47023000
9.17300060,26.47023000
9.17400060,26.47023000
9.17500060,26.47023000
9.17600060,24.58169000
9.17700060,24.58169000
9.17800060,24.58169000
9.17900060,26.47023000
9.18000060,26.47023000
9.18100060,26.47023000
9.18200060,26.47023000
9.18300060,28.36491000
9.18400060,26.47023000
9.18500060,26.47023000
9.18600060,26.47023000
9.18700060,26.47023000
9.18800060,28.36491000
9.18900060,28.36491000
9.19000060,28.36491000
9.19100060,28.36491000
9.19200060,28.36491000
9.19300060,26.47023000
9.19400060,26.47023000
9.19500060,26.47023000
9.19600060,26.47023000
9.19700059,26.47023000
9.19800059,28.36491000
9.19900059,28.36491000
9.20000059,28.36491000
9.20100059,26.47023000
9.20200059,26.47023000
9.20300059,26.47023000
9.20400059,24.58169000
9.20500059,24.58169000
9.20600059,24.58169000
9.20700059,24.58169000
9.20800059,26.47023000
9.20900059,26.47023000
9.21000059,26.47023000
9.21100059,26.47023000
9.21200059,24.58169000
9.21300059,24.58169000
9.21400059,24.58169000
9.21500059,24.58169000
9.21600059,24.58169000
9.21700059,24.58169000
9.21800059,24.58169000
9.21900059,24.58169000
9.22000059,26.47023000
9.22100059,24.58169000
9.22200059,24.58169000
9.22300059,24.58169000
9.22400059,24.58169000
9.22500059,24.58169000
9.22600059,24.58169000
9.22700059,24.58169000
9.22800059,24.58169000
9.22900059,24.58169000
9.23000059,24.58169000
9.23100059,24.58169000
9.23200059,24.58169000
9.23300059,22.68701000
9.23400059,24.58169000
9.23500059,24.58169000
9.23600059,26.47023000
9.23700059,26.47023000
9.23800059,26.47023000
9.23900059,26.47023000
9.24000059,24.58169000
9.24100059,24.58169000
9.24200059,24.58169000
9.24300059,24.58169000
9.24400059,24.58169000
9.24500059,26.47023000
9.24600059,26.47023000
9.24700059,28.36491000
9.24800059,28.36491000
9.24900059,28.36491000
9.25000059,26.47023000
9.25100059,26.47023000
9.25200059,26.47023000
9.25300059,26.47023000
9.25400059,26.47023000
9.25500059,26.47023000
9.25600059,28.36491000
9.25700059,28.36491000
9.25800059,28.36491000
9.25900059,28.36491000
9.26000059,28.36491000
9.26100059,28.36491000
9.26200059,28.36491000
9.26300059,28.36491000
9.26400059,28.36491000
9.26500059,28.36491000
9.26600059,28.36491000
9.26700059,28.36491000
9.26800059,28.36491000
9.26900059,28.36491000
9.27000059,28.36491000
9.27100059,28.36491000
9.27200059,26.47023000
9.27300059,26.47023000
9.27400059,28.36491000
9.27500059,28.36491000
9.27600059,28.36491000
9.27700059,28.36491000
9.27800059,28.36491000
9.27900059,28.36491000
9.28000059,26.47023000
9.28100059,26.47023000
9.28200059,28.36491000
9.28300059,28.36491000
9.28400059,26.47023000
9.28500059,26.47023000
9.28600059,26.47023000
9.28700059,26.47023000
9.28800059,26.47023000
9.28900059,26.47023000
9.29000059,26.47023000
9.29100059,26.47023000
9.29200059,28.36491000
9.29300059,28.36491000
9.29400059,28.36491000
9.29500059,28.36491000
9.29600059,26.47023000
9.29700059,26.47023000
9.29800059,26.47023000
9.29900059,26.47023000
9.30000059,28.36491000
9.30100059,28.36491000
9.30200059,28.36491000
9.30300059,28.36491000
9.30400059,28.36491000
9.30500059,28.36491000
9.30600059,28.36491000
9.30700059,26.47023000
9.30800059,26.47023000
9.30900059,26.47023000
9.31000059,28.36491000
9.31100059,28.36491000
9.31200059,28.36491000
9.31300059,28.36491000
9.31400059,28.36491000
9.31500059,28.36491000
9.31600059,28.36491000
9.31700059,26.47023000
9.31800059,26.47023000
9.31900059,26.47023000
9.32000059,28.36491000
9.32100059,28.36491000
9.32200059,28.36491000
9.32300059,28.36491000
9.32400059,28.36491000
9.32500059,28.36491000
9.32600059,28.36491000
9.32700059,28.36491000
9.32800059,28.36491000
9.32900059,28.36491000
9.33000059,28.36491000
9.33100059,28.36491000
9.33200059,28.36491000
9.33300059,28.36491000
9.33400059,28.36491000
9.33500059,28.36491000
9.33600059,28.36491000
9.33700059,28.36491000
9.33800059,28.36491000
9.33900059,30.25344000
9.34000059,30.25344000
9.34100059,28.36491000
9.34200059,28.36491000
9.34300059,28.36491000
9.34400059,26.47023000
9.34500059,28.36491000
9.34600059,30.25344000
9.34700059,30.25344000
9.34800059,30.25344000
9.34900059,30.25344000
9.35000059,30.25344000
9.35100059,30.25344000
9.35200059,30.25344000
9.35300059,28.36491000
9.35400059,28.36491000
9.35500059,28.36491000
9.35600059,28.36491000
9.35700059,30.25344000
9.35800059,30.25344000
9.35900059,30.25344000
9.36000059,28.36491000
9.36100059,30.25344000
9.36200059,30.25344000
9.36300059,28.36491000
9.36400059,28.36491000
9.36500059,28.36491000
9.36600059,28.36491000
9.36700059,30.25344000
9.36800059,30.25344000
9.36900059,30.25344000
9.37000059,30.25344000
9.37100059,30.25344000
9.37200059,30.25344000
9.37300059,28.36491000
9.37400059,28.36491000
9.37500059,28.36491000
9.37600059,28.36491000
9.37700059,28.36491000
9.37800059,28.36491000
9.37900059,28.36491000
9.38000059,28.36491000
9.38100059,28.36491000
9.38200059,28.36491000
9.38300059,28.36491000
9.38400059,28.36491000
9.38500059,28.36491000
9.38600059,28.36491000
9.38700059,28.36491000
9.38800059,28.36491000
9.38900059,28.36491000
9.39000059,28.36491000
9.39100059,28.36491000
9.39200059,30.25344000
9.39300059,30.25344000
9.39400059,30.25344000
9.39500059,30.25344000
9.39600059,28.36491000
9.39700059,28.36491000
9.39800059,28.36491000
9.39900059,28.36491000
9.40000059,28.36491000
9.40100059,28.36491000
9.40200059,30.25344000
9.40300059,32.14198000
9.40400059,32.14198000
9.40500059,32.14198000
9.40600059,30.25344000
9.40700059,30.25344000
9.40800059,28.36491000
9.40900059,28.36491000
9.41000059,30.25344000
9.41100059,30.25344000
9.41200059,30.25344000
9.41300059,32.14198000
9.41400059,32.14198000
9.41500059,32.14198000
9.41600059,32.14198000
9.41700059,30.25344000
9.41800059,30.25344000
9.41900059,30.25344000
9.42000059,30.25344000
9.42100059,30.25344000
9.42200059,32.14198000
9.42300059,32.14198000
9.42400059,32.14198000
9.42500059,32.14198000
9.42600059,32.14198000
9.42700059,32.14198000
9.42800059,30.25344000
9.42900059,30.25344000
9.43000059,30.25344000
9.43100059,30.25344000
9.43200059,30.25344000
9.43300059,30.25344000
9.43400059,32.14198000
9.43500059,32.14198000
9.43600059,32.14198000
9.43700059,30.25344000
9.43800059,30.25344000
9.43900059,30.25344000
9.44000059,30.25344000
9.44100059,30.25344000
9.44200059,30.25344000
9.44300059,30.25344000
9.44400059,30.25344000
9.44500059,30.25344000
9.44600059,30.25344000
9.44700059,30.25344000
9.44800059,30.25344000
9.44900059,30.25344000
9.45000059,30.25344000
9.45100059,30.25344000
9.45200059,30.25344000
9.45300059,30.25344000
9.45400059,28.36491000
9.45500059,30.25344000
9.45600059,30.25344000
9.45700059,30.25344000
9.45800059,32.14198000
9.45900059,32.14198000
9.46000059,32.14198000
9.46100059,32.14198000
9.46200059,32.14198000
9.46300059,30.25344000
9.46400059,30.25344000
9.46500059,30.25344000
9.46600059,32.14198000
9.46700059,32.14198000
9.46800059,32.14198000
9.46900059,32.14198000
9.47000059,32.14198000
9.47100059,32.14198000
9.47200059,32.14198000
9.47300059,32.14198000
9.47400059,30.25344000
9.47500059,30.25344000
9.47600059,32.14198000
9.47700059,32.14198000
9.47800059,34.03666000
9.47900059,34.03666000
9.48000059,34.03666000
9.48100059,34.03666000
9.48200059,34.03666000
9.48300059,34.03666000
9.48400059,32.14198000
9.48500059,32.14198000
9.48600059,32.14198000
9.48700059,32.14198000
9.48800059,32.14198000
9.48900059,34.03666000
9.49000059,34.03666000
9.49100059,32.14198000
9.49200059,32.14198000
9.49300059,32.14198000
9.49400059,32.14198000
9.49500059,32.14198000
9.49600059,32.14198000
9.49700059,32.14198000
9.49800059,32.14198000
9.49900059,32.14198000
9.50000059,32.14198000
9.50100059,32.14198000
9.50200059,32.14198000
9.50300059,32.14198000
9.50400059,32.14198000
9.50500059,32.14198000
9.50600059,32.14198000
9.50700059,32.14198000
9.50800059,32.14198000
9.50900059,32.14198000
9.51000059,30.25344000
9.51100059,30.25344000
9.51200059,30.25344000
9.51300059,32.14198000
9.51400059,32.14198000
9.51500059,34.03666000
9.51600059,34.03666000
9.51700059,32.14198000
9.51800059,32.14198000
9.51900059,32.14198000
9.52000059,30.25344000
9.52100059,30.25344000
9.52200059,32.14198000
9.52300059,32.14198000
9.52400059,34.03666000
9.52500059,34.03666000
9.52600059,34.03666000
9.52700059,34.03666000
9.52800059,34.03666000
9.52900059,34.03666000
9.53000059,32.14198000
9.53100059,32.14198000
9.53200059,32.14198000
9.53300059,32.14198000
9.53400059,34.03666000
9.53500059,35.92520000
9.53600059,35.92520000
9.53700059,34.03666000
9.53800059,34.03666000
9.53900059,34.03666000
9.54000059,34.03666000
9.54100059,32.14198000
9.54200059,32.14198000
9.54300059,34.03666000
9.54400059,34.03666000
9.54500059,35.92520000
9.54600059,35.92520000
9.54700059,35.92520000
9.54800059,34.03666000
9.54900059,34.03666000
9.55000059,34.03666000
9.55100058,34.03666000
9.55200058,34.03666000
9.55300058,34.03666000
9.55400058,34.03666000
9.55500058,35.92520000
9.55600058,35.92520000
9.55700058,35.92520000
9.55800058,35.92520000
9.55900058,35.92520000
9.56000058,34.03666000
9.56100058,34.03666000
9.56200058,35.92520000
9.56300058,35.92520000
9.56400058,34.03666000
9.56500058,34.03666000
9.56600058,34.03666000
9.56700058,35.92520000
9.56800058,34.03666000
9.56900058,34.03666000
9.57000058,34.03666000
9.57100058,35.92520000
9.57200058,35.92520000
9.57300058,35.92520000
9.57400058,34.03666000
9.57500058,34.03666000
9.57600058,34.03666000
9.57700058,34.03666000
9.57800058,35.92520000
9.57900058,35.92520000
9.58000058,35.92520000
9.58100058,37.81988000
9.58200058,37.81988000
9.58300058,37.81988000
9.58400058,35.92520000
9.58500058,34.03666000
9.58600058,34.03666000
9.58700058,34.03666000
9.58800058,34.03666000
9.58900058,34.03666000
9.59000058,35.92520000
9.59100058,35.92520000
9.59200058,37.81988000
9.59300058,37.81988000
9.59400058,35.92520000
9.59500058,35.92520000
9.59600058,34.03666000
9.59700058,34.03666000
9.59800058,35.92520000
9.59900058,35.92520000
9.60000058,35.92520000
9.60100058,35.92520000
9.60200058,35.92520000
9.60300058,35.92520000
9.60400058,35.92520000
9.60500058,34.03666000
9.60600058,35.92520000
9.60700058,35.92520000
9.60800058,37.81988000
9.60900058,37.81988000
9.61000058,35.92520000
9.61100058,35.92520000
9.61200058,35.92520000
9.61300058,37.81988000
9.61400058,35.92520000
9.61500058,35.92520000
9.61600058,35.92520000
9.61700058,35.92520000
9.61800058,35.92520000
9.61900058,37.81988000
9.62000058,37.81988000
9.62100058,37.81988000
9.62200058,35.92520000
9.62300058,35.92520000
9.62400058,35.92520000
9.62500058,35.92520000
9.62600058,35.92520000
9.62700058,37.81988000
9.62800058,37.81988000
9.62900058,39.70842000
9.63000058,39.70842000
9.63100058,37.81988000
9.63200058,37.81988000
9.63300058,37.81988000
9.63400058,37.81988000
9.63500058,37.81988000
9.63600058,37.81988000
9.63700058,37.81988000
9.63800058,37.81988000
9.63900058,39.70842000
9.64000058,37.81988000
9.64100058,37.81988000
9.64200058,37.81988000
9.64300058,35.92520000
9.64400058,37.81988000
9.64500058,37.81988000
9.64600058,37.81988000
9.64700058,39.70842000
9.64800058,39.70842000
9.64900058,37.81988000
9.65000058,39.70842000
9.65100058,37.81988000
9.65200058,37.81988000
9.65300058,37.81988000
9.65400058,35.92520000
9.65500058,37.81988000
9.65600058,37.81988000
9.65700058,37.81988000
9.65800058,37.81988000
9.65900058,37.81988000
9.66000058,37.81988000
9.66100058,37.81988000
9.66200058,37.81988000
9.66300058,35.92520000
9.66400058,35.92520000
9.66500058,35.92520000
9.66600058,35.92520000
9.66700058,35.92520000
9.66800058,35.92520000
9.66900058,35.92520000
9.67000058,35.92520000
9.67100058,35.92520000
9.67200058,35.92520000
9.67300058,35.92520000
9.67400058,35.92520000
9.67500058,34.03666000
9.67600058,34.03666000
9.67700058,34.03666000
9.67800058,34.03666000
9.67900058,34.03666000
9.68000058,34.03666000
9.68100058,34.03666000
9.68200058,34.03666000
9.68300058,35.92520000
9.68400058,34.03666000
9.68500058,34.03666000
9.68600058,34.03666000
9.68700058,35.92520000
9.68800058,35.92520000
9.68900058,34.03666000
9.69000058,34.03666000
9.69100058,34.03666000
9.69200058,34.03666000
9.69300058,34.03666000
9.69400058,34.03666000
9.69500058,34.03666000
9.69600058,34.03666000
9.69700058,35.92520000
9.69800058,35.92520000
9.69900058,35.92520000
9.70000058,35.92520000
9.70100058,37.81988000
9.70200058,37.81988000
9.70300058,37.81988000
9.70400058,37.81988000
9.70500058,37.81988000
9.70600058,37.81988000
9.70700058,37.81988000
9.70800058,37.81988000
9.70900058,39.70842000
9.71000058,39.70842000
9.71100058,39.70842000
9.71200058,39.70842000
9.71300058,39.70842000
9.71400058,39.70842000
9.71500058,39.70842000
9.71600058,37.81988000
9.71700058,37.81988000
9.71800058,39.70842000
9.71900058,39.70842000
9.72000058,41.59695000
9.72100058,41.59695000
9.72200058,41.59695000
9.72300058,41.59695000
9.72400058,39.70842000
9.72500058,39.70842000
9.72600058,39.70842000
9.72700058,39.70842000
9.72800058,39.70842000
9.72900058,41.59695000
9.73000058,41.59695000
9.73100058,41.59695000
9.73200058,41.59695000
9.73300058,39.70842000
9.73400058,39.70842000
9.73500058,39.70842000
9.73600058,39.70842000
9.73700058,39.70842000
9.73800058,39.70842000
9.73900058,39.70842000
9.74000058,39.70842000
9.74100058,39.70842000
9.74200058,39.70842000
9.74300058,39.70842000
9.74400058,37.81988000
9.74500058,37.81988000
9.74600058,37.81988000
9.74700058,39.70842000
9.74800058,39.70842000
9.74900058,39.70842000
9.75000058,39.70842000
9.75100058,39.70842000
9.75200058,39.70842000
9.75300058,39.70842000
9.75400058,39.70842000
9.75500058,39.70842000
9.75600058,39.70842000
9.75700058,39.70842000
9.75800058,39.70842000
9.75900058,39.70842000
9.76000058,39.70842000
9.76100058,39.70842000
9.76200058,39.70842000
9.76300058,39.70842000
9.76400058,39.70842000
9.76500058,41.59695000
9.76600058,41.59695000
9.76700058,41.59695000
9.76800058,41.59695000
9.76900058,39.70842000
9.77000058,39.70842000
9.77100058,39.70842000
9.77200058,39.70842000
9.77300058,41.59695000
9.77400058,41.59695000
9.77500058,43.49163000
9.77600058,43.49163000
9.77700058,43.49163000
9.77800058,43.49163000
9.77900058,41.59695000
9.78000058,41.59695000
9.78100058,39.70842000
9.78200058,39.70842000
9.78300058,41.59695000
9.78400058,41.59695000
9.78500058,41.59695000
9.78600058,43.49163000
9.78700058,43.49163000
9.78800058,43.49163000
9.78900058,43.49163000
9.79000058,41.59695000
9.79100058,39.70842000
9.79200058,39.70842000
9.79300058,39.70842000
9.79400058,41.59695000
9.79500058,41.59695000
9.79600058,43.49163000
9.79700058,43.49163000
9.79800058,43.49163000
9.79900058,43.49163000
9.80000058,43.49163000
9.80100058,43.49163000
9.80200058,43.49163000
9.80300058,43.49163000
9.80400058,43.49163000
9.80500058,43.49163000
9.80600058,43.49163000
9.80700058,45.38017000
9.80800058,45.38017000
9.80900058,45.38017000
9.81000058,45.38017000
9.81100058,45.38017000
9.81200058,45.38017000
9.81300058,45.38017000
9.81400058,45.38017000
9.81500058,45.38017000
9.81600058,45.38017000
9.81700058,45.38017000
9.81800058,45.38017000
9.81900058,47.27485000
9.82000058,47.27485000
9.82100058,47.27485000
9.82200058,47.27485000
9.82300058,49.16338000
9.82400058,47.27485000
9.82500058,47.27485000
9.82600058,47.27485000
9.82700058,45.38017000
9.82800058,45.38017000
9.82900058,47.27485000
9.83000058,47.27485000
9.83100058,47.27485000
9.83200058,47.27485000
9.83300058,47.27485000
9.83400058,47.27485000
9.83500058,47.27485000
9.83600058,45.38017000
9.83700058,43.49163000
9.83800058,43.49163000
9.83900058,45.38017000
9.84000058,45.38017000
9.84100058,45.38017000
9.84200058,45.38017000
9.84300058,45.38017000
9.84400058,45.38017000
9.84500058,45.38017000
9.84600058,43.49163000
9.84700058,43.49163000
9.84800058,43.49163000
9.84900058,43.49163000
9.85000058,45.38017000
9.85100058,45.38017000
9.85200058,45.38017000
9.85300058,45.38017000
9.85400058,43.49163000
9.85500058,43.49163000
9.85600058,41.59695000
9.85700058,41.59695000
9.85800058,41.59695000
9.85900058,43.49163000
9.86000058,45.38017000
9.86100058,45.38017000
9.86200058,45.38017000
9.86300058,45.38017000
9.86400058,43.49163000
9.86500058,43.49163000
9.86600058,43.49163000
9.86700058,43.49163000
9.86800058,43.49163000
9.86900058,45.38017000
9.87000058,45.38017000
9.87100058,47.27485000
9.87200058,45.38017000
9.87300058,45.38017000
9.87400058,45.38017000
9.87500058,43.49163000
9.87600058,45.38017000
9.87700058,45.38017000
9.87800058,45.38017000
9.87900058,45.38017000
9.88000058,45.38017000
9.88100058,45.38017000
9.88200058,45.38017000
9.88300058,45.38017000
9.88400058,45.38017000
9.88500058,45.38017000
9.88600058,45.38017000
9.88700058,45.38017000
9.88800058,45.38017000
9.88900058,45.38017000
9.89000058,45.38017000
9.89100058,45.38017000
9.89200058,45.38017000
9.89300058,45.38017000
9.89400058,43.49163000
9.89500058,45.38017000
9.89600058,45.38017000
9.89700058,45.38017000
9.89800058,47.27485000
9.89900058,47.27485000
9.90000058,45.38017000
9.90100058,45.38017000
9.90200058,45.38017000
9.90300058,43.49163000
9.90400057,43.49163000
9.90500057,43.49163000
9.90600057,45.38017000
9.90700057,47.27485000
9.90800057,47.27485000
9.90900057,47.27485000
9.91000057,45.38017000
9.91100057,45.38017000
9.91200057,45.38017000
9.91300057,45.38017000
9.91400057,45.38017000
9.91500057,45.38017000
9.91600057,45.38017000
9.91700057,47.27485000
9.91800057,47.27485000
9.91900057,47.27485000
9.92000057,47.27485000
9.92100057,45.38017000
9.92200057,45.38017000
9.92300057,45.38017000
9.92400057,45.38017000
9.92500057,45.38017000
9.92600057,47.27485000
9.92700057,47.27485000
9.92800057,47.27485000
9.92900057,47.27485000
9.93000057,47.27485000
9.93100057,45.38017000
9.93200057,45.38017000
9.93300057,47.27485000
9.93400057,45.38017000
9.93500057,47.27485000
9.93600057,47.27485000
9.93700057,47.27485000
9.93800057,47.27485000
9.93900057,47.27485000
9.94000057,47.27485000
9.94100057,45.38017000
9.94200057,45.38017000
9.94300057,47.27485000
9.94400057,47.27485000
9.94500057,47.27485000
9.94600057,47.27485000
9.94700057,45.38017000
9.94800057,45.38017000
9.94900057,45.38017000
9.95000057,45.38017000
9.95100057,45.38017000
9.95200057,45.38017000
9.95300057,47.27485000
9.95400057,47.27485000
9.95500057,47.27485000
9.95600057,47.27485000
9.95700057,45.38017000
9.95800057,45.38017000
9.95900057,45.38017000
9.96000057,45.38017000
9.96100057,45.38017000
9.96200057,45.38017000
9.96300057,47.27485000
9.96400057,47.27485000
9.96500057,49.16338000
9.96600057,47.27485000
9.96700057,47.27485000
9.96800057,45.38017000
9.96900057,45.38017000
9.97000057,45.38017000
9.97100057,45.38017000
9.97200057,47.27485000
9.97300057,47.27485000
9.97400057,47.27485000
9.97500057,47.27485000
9.97600057,47.27485000
9.97700057,47.27485000
9.97800057,47.27485000
9.97900057,47.27485000
9.98000057,47.27485000
9.98100057,47.27485000
9.98200057,47.27485000
9.98300057,47.27485000
9.98400057,47.27485000
9.98500057,47.27485000
9.98600057,49.16338000
9.98700057,49.16338000
9.98800057,47.27485000
9.98900057,47.27485000
9.99000057,47.27485000
9.99100057,47.27485000
9.99200057,47.27485000
9.99300057,47.27485000
9.99400057,47.27485000
9.99500057,49.16338000
9.99600057,49.16338000
9.99700057,49.16338000
9.99800057,49.16338000
9.99900057,49.16338000
10.00000057,47.27485000
10.00100057,47.27485000
10.00200057,47.27485000
10.00300057,47.27485000
10.00400057,47.27485000
10.00500057,47.27485000
10.00600057,47.27485000
10.00700057,49.16338000
10.00800057,49.16338000
10.00900057,49.16338000
10.01000057,49.16338000
10.01100057,47.27485000
10.01200057,47.27485000
10.01300057,47.27485000
10.01400057,47.27485000
10.01500057,47.27485000
10.01600057,47.27485000
10.01700057,47.27485000
10.01800057,49.16338000
10.01900057,47.27485000
10.02000057,47.27485000
10.02100057,47.27485000
10.02200057,47.27485000
10.02300057,47.27485000
10.02400057,47.27485000
10.02500057,47.27485000
10.02600057,47.27485000
10.02700057,47.27485000
10.02800057,49.16338000
10.02900057,49.16338000
10.03000057,49.16338000
10.03100057,49.16338000
10.03200057,47.27485000
10.03300057,47.27485000
10.03400057,47.27485000
10.03500057,47.27485000
10.03600057,47.27485000
10.03700057,49.16338000
10.03800057,47.27485000
10.03900057,49.16338000
10.04000057,49.16338000
10.04100057,47.27485000
10.04200057,47.27485000
10.04300057,47.27485000
10.04400057,47.27485000
10.04500057,49.16338000
10.04600057,49.16338000
10.04700057,49.16338000
10.04800057,49.16338000
10.04900057,49.16338000
10.05000057,49.16338000
10.05100057,49.16338000
10.05200057,49.16338000
10.05300057,49.16338000
10.05400057,49.16338000
10.05500057,51.05191000
10.05600057,51.05191000
10.05700057,52.94660000
10.05800057,52.94660000
10.05900057,52.94660000
10.06000057,52.94660000
10.06100057,52.94660000
10.06200057,52.94660000
10.06300057,54.83513000
10.06400057,54.83513000
10.06500057,54.83513000
10.06600057,54.83513000
10.06700057,54.83513000
10.06800057,54.83513000
10.06900057,52.94660000
10.07000057,54.83513000
10.07100057,54.83513000
10.07200057,54.83513000
10.07300057,52.94660000
10.07400057,52.94660000
10.07500057,51.05191000
10.07600057,51.05191000
10.07700057,51.05191000
10.07800057,51.05191000
10.07900057,51.05191000
10.08000057,52.94660000
10.08100057,52.94660000
10.08200057,52.94660000
10.08300057,52.94660000
10.08400057,51.05191000
10.08500057,51.05191000
10.08600057,51.05191000
10.08700057,52.94660000
10.08800057,52.94660000
10.08900057,51.05191000
10.09000057,52.94660000
10.09100057,52.94660000
10.09200057,52.94660000
10.09300057,52.94660000
10.09400057,52.94660000
10.09500057,52.94660000
10.09600057,52.94660000
10.09700057,51.05191000
10.09800057,51.05191000
10.09900057,49.16338000
10.10000057,49.16338000
10.10100057,51.05191000
10.10200057,51.05191000
10.10300057,51.05191000
10.10400057,49.16338000
10.10500057,47.27485000
10.10600057,47.27485000
10.10700057,49.16338000
10.10800057,51.05191000
10.10900057,52.94660000
10.11000057,52.94660000
10.11100057,52.94660000
10.11200057,51.05191000
10.11300057,49.16338000
10.11400057,47.27485000
10.11500057,47.27485000
10.11600057,47.27485000
10.11700057,49.16338000
10.11800057,51.05191000
10.11900057,51.05191000
10.12000057,51.05191000
10.12100057,51.05191000
10.12200057,52.94660000
10.12300057,54.83513000
10.12400057,52.94660000
10.12500057,51.05191000
10.12600057,51.05191000
10.12700057,51.05191000
10.12800057,51.05191000
10.12900057,52.94660000
10.13000057,52.94660000
10.13100057,52.94660000
10.13200057,52.94660000
10.13300057,52.94660000
10.13400057,51.05191000
10.13500057,52.94660000
10.13600057,52.94660000
10.13700057,52.94660000
10.13800057,52.94660000
10.13900057,52.94660000
10.14000057,51.05191000
10.14100057,49.16338000
10.14200057,49.16338000
10.14300057,51.05191000
10.14400057,51.05191000
10.14500057,51.05191000
10.14600057,52.94660000
10.14700057,54.83513000
10.14800057,56.72982000
10.14900057,54.83513000
10.15000057,52.94660000
10.15100057,51.05191000
10.15200057,47.27485000
10.15300057,47.27485000
10.15400057,47.27485000
10.15500057,47.27485000
10.15600057,47.27485000
10.15700057,47.27485000
10.15800057,47.27485000
10.15900057,49.16338000
10.16000057,49.16338000
10.16100057,47.27485000
10.16200057,47.27485000
10.16300057,45.38017000
10.16400057,45.38017000
10.16500057,45.38017000
10.16600057,45.38017000
10.16700057,45.38017000
10.16800057,47.27485000
10.16900057,47.27485000
10.17000057,47.27485000
10.17100057,47.27485000
10.17200057,47.27485000
10.17300057,47.27485000
10.17400057,47.27485000
10.17500057,49.16338000
10.17600057,47.27485000
10.17700057,47.27485000
10.17800057,47.27485000
10.17900057,45.38017000
10.18000057,45.38017000
10.18100057,45.38017000
10.18200057,43.49163000
10.18300057,45.38017000
10.18400057,45.38017000
10.18500057,47.27485000
10.18600057,49.16338000
10.18700057,49.16338000
10.18800057,49.16338000
10.18900057,49.16338000
10.19000057,51.05191000
10.19100057,51.05191000
10.19200057,51.05191000
10.19300057,51.05191000
10.19400057,51.05191000
10.19500057,51.05191000
10.19600057,51.05191000
10.19700057,51.05191000
10.19800057,51.05191000
10.19900057,51.05191000
10.20000057,51.05191000
10.20100057,51.05191000
10.20200057,52.94660000
10.20300057,52.94660000
10.20400057,51.05191000
10.20500057,51.05191000
10.20600057,49.16338000
10.20700057,49.16338000
10.20800057,47.27485000
10.20900057,47.27485000
10.21000057,49.16338000
10.21100057,51.05191000
10.21200057,52.94660000
10.21300057,52.94660000
10.21400057,52.94660000
10.21500057,54.83513000
10.21600057,52.94660000
10.21700057,52.94660000
10.21800057,51.05191000
10.21900057,49.16338000
10.22000057,49.16338000
10.22100057,51.05191000
10.22200057,51.05191000
10.22300057,52.94660000
10.22400057,52.94660000
10.22500057,51.05191000
10.22600057,51.05191000
10.22700057,49.16338000
10.22800057,49.16338000
10.22900057,47.27485000
10.23000057,47.27485000
10.23100057,49.16338000
10.23200057,49.16338000
10.23300057,49.16338000
10.23400057,49.16338000
10.23500057,49.16338000
10.23600057,49.16338000
10.23700057,49.16338000
10.23800057,49.16338000
10.23900057,49.16338000
10.24000057,51.05191000
10.24100057,51.05191000
10.24200057,52.94660000
10.24300057,52.94660000
10.24400057,52.94660000
10.24500057,51.05191000
10.24600057,49.16338000
10.24700057,49.16338000
10.24800057,49.16338000
10.24900057,49.16338000
10.25000057,49.16338000
10.25100057,51.05191000
10.25200057,51.05191000
10.25300057,51.05191000
10.25400057,51.05191000
10.25500057,51.05191000
10.25600057,49.16338000
10.25700057,49.16338000
10.25800056,49.16338000
10.25900056,51.05191000
10.26000056,51.05191000
10.26100056,52.94660000
10.26200056,52.94660000
10.26300056,52.94660000
10.26400056,52.94660000
10.26500056,52.94660000
10.26600056,52.94660000
10.26700056,52.94660000
10.26800056,52.94660000
10.26900056,52.94660000
10.27000056,51.05191000
10.27100056,51.05191000
10.27200056,51.05191000
10.27300056,51.05191000
10.27400056,51.05191000
10.27500056,49.16338000
10.27600056,49.16338000
10.27700056,51.05191000
10.27800056,51.05191000
10.27900056,52.94660000
10.28000056,52.94660000
10.28100056,51.05191000
10.28200056,51.05191000
10.28300056,51.05191000
10.28400056,51.05191000
10.28500056,51.05191000
10.28600056,51.05191000
10.28700056,51.05191000
10.28800056,52.94660000
10.28900056,52.94660000
10.29000056,52.94660000
10.29100056,51.05191000
10.29200056,51.05191000
10.29300056,51.05191000
10.29400056,51.05191000
10.29500056,51.05191000
10.29600056,51.05191000
10.29700056,51.05191000
10.29800056,51.05191000
10.29900056,51.05191000
10.30000056,51.05191000
10.30100056,51.05191000
10.30200056,49.16338000
10.30300056,49.16338000
10.30400056,49.16338000
10.30500056,49.16338000
10.30600056,51.05191000
10.30700056,52.94660000
10.30800056,52.94660000
10.30900056,52.94660000
10.31000056,51.05191000
10.31100056,51.05191000
10.31200056,51.05191000
10.31300056,51.05191000
10.31400056,51.05191000
10.31500056,51.05191000
10.31600056,51.05191000
10.31700056,51.05191000
10.31800056,51.05191000
10.31900056,51.05191000
10.32000056,51.05191000
10.32100056,49.16338000
10.32200056,49.16338000
10.32300056,49.16338000
10.32400056,49.16338000
10.32500056,51.05191000
10.32600056,51.05191000
10.32700056,51.05191000
10.32800056,51.05191000
10.32900056,51.05191000
10.33000056,51.05191000
10.33100056,49.16338000
10.33200056,49.16338000
10.33300056,51.05191000
10.33400056,51.05191000
10.33500056,52.94660000
10.33600056,52.94660000
10.33700056,52.94660000
10.33800056,51.05191000
10.33900056,51.05191000
10.34000056,51.05191000
10.34100056,51.05191000
10.34200056,51.05191000
10.34300056,51.05191000
10.34400056,51.05191000
10.34500056,51.05191000
10.34600056,52.94660000
10.34700056,51.05191000
10.34800056,51.05191000
10.34900056,51.05191000
10.35000056,51.05191000
10.35100056,51.05191000
10.35200056,51.05191000
10.35300056,51.05191000
10.35400056,51.05191000
10.35500056,52.94660000
10.35600056,52.94660000
10.35700056,52.94660000
10.35800056,51.05191000
10.35900056,51.05191000
10.36000056,51.05191000
10.36100056,51.05191000
10.36200056,52.94660000
10.36300056,52.94660000
10.36400056,52.94660000
10.36500056,52.94660000
10.36600056,51.05191000
10.36700056,52.94660000
10.36800056,52.94660000
10.36900056,52.94660000
10.37000056,52.94660000
10.37100056,52.94660000
10.37200056,52.94660000
10.37300056,52.94660000
10.37400056,52.94660000
10.37500056,52.94660000
10.37600056,52.94660000
10.37700056,52.94660000
10.37800056,52.94660000
10.37900056,52.94660000
10.38000056,52.94660000
10.38100056,52.94660000
10.38200056,52.94660000
10.38300056,52.94660000
10.38400056,52.94660000
10.38500056,52.94660000
10.38600056,52.94660000
10.38700056,52.94660000
10.38800056,52.94660000
10.38900056,52.94660000
10.39000056,52.94660000
10.39100056,52.94660000
10.39200056,52.94660000
10.39300056,51.05191000
10.39400056,51.05191000
10.39500056,51.05191000
10.39600056,51.05191000
10.39700056,51.05191000
10.39800056,51.05191000
10.39900056,52.94660000
10.40000056,52.94660000
10.40100056,52.94660000
10.40200056,51.05191000
10.40300056,51.05191000
10.40400056,51.05191000
10.40500056,51.05191000
10.40600056,49.16338000
10.40700056,51.05191000
10.40800056,51.05191000
10.40900056,51.05191000
10.41000056,52.94660000
10.41100056,52.94660000
10.41200056,52.94660000
10.41300056,52.94660000
10.41400056,51.05191000
10.41500056,51.05191000
10.41600056,51.05191000
10.41700056,52.94660000
10.41800056,52.94660000
10.41900056,52.94660000
10.42000056,52.94660000
10.42100056,52.94660000
10.42200056,52.94660000
10.42300056,52.94660000
10.42400056,51.05191000
10.42500056,51.05191000
10.42600056,51.05191000
10.42700056,52.94660000
10.42800056,52.94660000
10.42900056,52.94660000
10.43000056,52.94660000
10.43100056,54.83513000
10.43200056,52.94660000
10.43300056,52.94660000
10.43400056,52.94660000
10.43500056,52.94660000
10.43600056,52.94660000
10.43700056,52.94660000
10.43800056,52.94660000
10.43900056,54.83513000
10.44000056,54.83513000
10.44100056,54.83513000
10.44200056,52.94660000
10.44300056,52.94660000
10.44400056,52.94660000
10.44500056,52.94660000
10.44600056,52.94660000
10.44700056,52.94660000
10.44800056,52.94660000
10.44900056,51.05191000
10.45000056,51.05191000
10.45100056,52.94660000
10.45200056,52.94660000
10.45300056,52.94660000
10.45400056,52.94660000
10.45500056,52.94660000
10.45600056,52.94660000
10.45700056,52.94660000
10.45800056,52.94660000
10.45900056,52.94660000
10.46000056,51.05191000
10.46100056,51.05191000
10.46200056,52.94660000
10.46300056,52.94660000
10.46400056,52.94660000
10.46500056,52.94660000
10.46600056,52.94660000
10.46700056,52.94660000
10.46800056,51.05191000
10.46900056,51.05191000
10.47000056,51.05191000
10.47100056,51.05191000
10.47200056,51.05191000
10.47300056,51.05191000
10.47400056,52.94660000
10.47500056,52.94660000
10.47600056,52.94660000
10.47700056,51.05191000
10.47800056,51.05191000
10.47900056,51.05191000
10.48000056,51.05191000
10.48100056,51.05191000
10.48200056,51.05191000
10.48300056,52.94660000
10.48400056,52.94660000
10.48500056,52.94660000
10.48600056,51.05191000
10.48700056,51.05191000
10.48800056,51.05191000
10.48900056,51.05191000
10.49000056,51.05191000
10.49100056,51.05191000
10.49200056,51.05191000
10.49300056,52.94660000
10.49400056,52.94660000
10.49500056,52.94660000
10.49600056,51.05191000
10.49700056,51.05191000
10.49800056,51.05191000
10.49900056,51.05191000
10.50000056,51.05191000
10.50100056,51.05191000
10.50200056,51.05191000
10.50300056,52.94660000
10.50400056,51.05191000
10.50500056,51.05191000
10.50600056,51.05191000
10.50700056,51.05191000
10.50800056,51.05191000
10.50900056,51.05191000
10.51000056,51.05191000
10.51100056,52.94660000
10.51200056,52.94660000
10.51300056,52.94660000
10.51400056,52.94660000
10.51500056,51.05191000
10.51600056,51.05191000
10.51700056,51.05191000
10.51800056,51.05191000
10.51900056,51.05191000
10.52000056,51.05191000
10.52100056,51.05191000
10.52200056,51.05191000
10.52300056,52.94660000
10.52400056,51.05191000
10.52500056,51.05191000
10.52600056,49.16338000
10.52700056,51.05191000
10.52800056,51.05191000
10.52900056,51.05191000
10.53000056,52.94660000
10.53100056,52.94660000
10.53200056,51.05191000
10.53300056,51.05191000
10.53400056,51.05191000
10.53500056,51.05191000
10.53600056,49.16338000
10.53700056,49.16338000
10.53800056,49.16338000
10.53900056,51.05191000
10.54000056,51.05191000
10.54100056,52.94660000
10.54200056,51.05191000
10.54300056,51.05191000
10.54400056,49.16338000
10.54500056,49.16338000
10.54600056,49.16338000
10.54700056,49.16338000
10.54800056,49.16338000
10.54900056,49.16338000
10.55000056,51.05191000
10.55100056,51.05191000
10.55200056,51.05191000
10.55300056,49.16338000
10.55400056,47.27485000
10.55500056,47.27485000
10.55600056,47.27485000
10.55700056,47.27485000
10.55800056,49.16338000
10.55900056,49.16338000
10.56000056,49.16338000
10.56100056,49.16338000
10.56200056,49.16338000
10.56300056,49.16338000
10.56400056,47.27485000
10.56500056,47.27485000
10.56600056,47.27485000
10.56700056,49.16338000
10.56800056,49.16338000
10.56900056,49.16338000
10.57000056,47.27485000
10.57100056,47.27485000
10.57200056,47.27485000
10.57300056,49.16338000
10.57400056,49.16338000
10.57500056,49.16338000
10.57600056,49.16338000
10.57700056,49.16338000
10.57800056,49.16338000
10.57900056,49.16338000
10.58000056,49.16338000
10.58100056,47.27485000
10.58200056,47.27485000
10.58300056,49.16338000
10.58400056,49.16338000
10.58500056,51.05191000
10.58600056,51.05191000
10.58700056,51.05191000
10.58800056,51.05191000
10.58900056,51.05191000
10.59000056,49.16338000
10.59100056,49.16338000
10.59200056,49.16338000
10.59300056,49.16338000
10.59400056,51.05191000
10.59500056,51.05191000
10.59600056,51.05191000
10.59700056,52.94660000
10.59800056,51.05191000
10.59900056,51.05191000
10.60000056,49.16338000
10.60100056,49.16338000
10.60200056,49.16338000
10.60300056,49.16338000
10.60400056,49.16338000
10.60500056,51.05191000
10.60600056,51.05191000
10.60700056,52.94660000
10.60800056,51.05191000
10.60900056,51.05191000
10.61000056,51.05191000
10.61100055,49.16338000
10.61200055,49.16338000
10.61300055,49.16338000
10.61400055,49.16338000
10.61500055,49.16338000
10.61600055,49.16338000
10.61700055,49.16338000
10.61800055,51.05191000
10.61900055,51.05191000
10.62000055,49.16338000
10.62100055,49.16338000
10.62200055,47.27485000
10.62300055,49.16338000
10.62400055,47.27485000
10.62500055,47.27485000
10.62600055,47.27485000
10.62700055,47.27485000
10.62800055,47.27485000
10.62900055,49.16338000
10.63000055,49.16338000
10.63100055,49.16338000
10.63200055,47.27485000
10.63300055,47.27485000
10.63400055,47.27485000
10.63500055,47.27485000
10.63600055,47.27485000
10.63700055,45.38017000
10.63800055,45.38017000
10.63900055,47.27485000
10.64000055,49.16338000
10.64100055,49.16338000
10.64200055,49.16338000
10.64300055,49.16338000
10.64400055,47.27485000
10.64500055,47.27485000
10.64600055,47.27485000
10.64700055,47.27485000
10.64800055,47.27485000
10.64900055,47.27485000
10.65000055,49.16338000
10.65100055,51.05191000
10.65200055,51.05191000
10.65300055,51.05191000
10.65400055,49.16338000
10.65500055,49.16338000
10.65600055,49.16338000
10.65700055,49.16338000
10.65800055,49.16338000
10.65900055,49.16338000
10.66000055,49.16338000
10.66100055,51.05191000
10.66200055,51.05191000
10.66300055,52.94660000
10.66400055,51.05191000
10.66500055,51.05191000
10.66600055,51.05191000
10.66700055,51.05191000
10.66800055,51.05191000
10.66900055,51.05191000
10.67000055,51.05191000
10.67100055,51.05191000
10.67200055,51.05191000
10.67300055,51.05191000
10.67400055,51.05191000
10.67500055,51.05191000
10.67600055,51.05191000
10.67700055,51.05191000
10.67800055,51.05191000
10.67900055,51.05191000
10.68000055,51.05191000
10.68100055,51.05191000
10.68200055,51.05191000
10.68300055,51.05191000
10.68400055,51.05191000
10.68500055,51.05191000
10.68600055,51.05191000
10.68700055,51.05191000
10.68800055,51.05191000
10.68900055,49.16338000
10.69000055,49.16338000
10.69100055,49.16338000
10.69200055,49.16338000
10.69300055,49.16338000
10.69400055,49.16338000
10.69500055,49.16338000
10.69600055,49.16338000
10.69700055,49.16338000
10.69800055,49.16338000
10.69900055,49.16338000
10.70000055,47.27485000
10.70100055,47.27485000
10.70200055,47.27485000
10.70300055,47.27485000
10.70400055,47.27485000
10.70500055,47.27485000
10.70600055,49.16338000
10.70700055,49.16338000
10.70800055,49.16338000
10.70900055,49.16338000
10.71000055,47.27485000
10.71100055,47.27485000
10.71200055,47.27485000
10.71300055,49.16338000
10.71400055,49.16338000
10.71500055,49.16338000
10.71600055,49.16338000
10.71700055,49.16338000
10.71800055,49.16338000
10.71900055,51.05191000
10.72000055,49.16338000
10.72100055,47.27485000
10.72200055,49.16338000
10.72300055,49.16338000
10.72400055,49.16338000
10.72500055,49.16338000
10.72600055,49.16338000
10.72700055,49.16338000
10.72800055,49.16338000
10.72900055,49.16338000
10.73000055,51.05191000
10.73100055,51.05191000
10.73200055,49.16338000
10.73300055,51.05191000
10.73400055,51.05191000
10.73500055,51.05191000
10.73600055,49.16338000
10.73700055,49.16338000
10.73800055,49.16338000
10.73900055,49.16338000
10.74000055,51.05191000
10.74100055,51.05191000
10.74200055,51.05191000
10.74300055,51.05191000
10.74400055,51.05191000
10.74500055,51.05191000
10.74600055,51.05191000
10.74700055,49.16338000
10.74800055,49.16338000
10.74900055,49.16338000
10.75000055,49.16338000
10.75100055,51.05191000
10.75200055,51.05191000
10.75300055,49.16338000
10.75400055,49.16338000
10.75500055,49.16338000
10.75600055,47.27485000
10.75700055,47.27485000
10.75800055,47.27485000
10.75900055,49.16338000
10.76000055,49.16338000
10.76100055,51.05191000
10.76200055,51.05191000
10.76300055,51.05191000
10.76400055,51.05191000
10.76500055,49.16338000
10.76600055,49.16338000
10.76700055,47.27485000
10.76800055,47.27485000
10.76900055,47.27485000
10.77000055,47.27485000
10.77100055,49.16338000
10.77200055,49.16338000
10.77300055,49.16338000
10.77400055,49.16338000
10.77500055,49.16338000
10.77600055,47.27485000
10.77700055,47.27485000
10.77800055,47.27485000
10.77900055,47.27485000
10.78000055,49.16338000
10.78100055,49.16338000
10.78200055,51.05191000
10.78300055,51.05191000
10.78400055,51.05191000
10.78500055,51.05191000
10.78600055,51.05191000
10.78700055,49.16338000
10.78800055,49.16338000
10.78900055,49.16338000
10.79000055,49.16338000
10.79100055,49.16338000
10.79200055,49.16338000
10.79300055,49.16338000
10.79400055,49.16338000
10.79500055,49.16338000
10.79600055,49.16338000
10.79700055,51.05191000
10.79800055,51.05191000
10.79900055,51.05191000
10.80000055,51.05191000
10.80100055,51.05191000
10.80200055,51.05191000
10.80300055,49.16338000
10.80400055,49.16338000
10.80500055,49.16338000
10.80600055,51.05191000
10.80700055,51.05191000
10.80800055,51.05191000
10.80900055,51.05191000
10.81000055,51.05191000
10.81100055,49.16338000
10.81200055,49.16338000
10.81300055,49.16338000
10.81400055,49.16338000
10.81500055,51.05191000
10.81600055,49.16338000
10.81700055,51.05191000
10.81800055,51.05191000
10.81900055,52.94660000
10.82000055,52.94660000
10.82100055,51.05191000
10.82200055,49.16338000
10.82300055,49.16338000
10.82400055,49.16338000
10.82500055,49.16338000
10.82600055,49.16338000
10.82700055,51.05191000
10.82800055,51.05191000
10.82900055,51.05191000
10.83000055,49.16338000
10.83100055,49.16338000
10.83200055,47.27485000
10.83300055,47.27485000
10.83400055,49.16338000
10.83500055,51.05191000
10.83600055,51.05191000
10.83700055,51.05191000
10.83800055,51.05191000
10.83900055,51.05191000
10.84000055,49.16338000
10.84100055,49.16338000
10.84200055,49.16338000
10.84300055,49.16338000
10.84400055,49.16338000
10.84500055,51.05191000
10.84600055,51.05191000
10.84700055,51.05191000
10.84800055,51.05191000
10.84900055,49.16338000
10.85000055,49.16338000
10.85100055,49.16338000
10.85200055,49.16338000
10.85300055,49.16338000
10.85400055,49.16338000
10.85500055,51.05191000
10.85600055,51.05191000
10.85700055,51.05191000
10.85800055,51.05191000
10.85900055,51.05191000
10.86000055,51.05191000
10.86100055,51.05191000
10.86200055,49.16338000
10.86300055,51.05191000
10.86400055,51.05191000
10.86500055,51.05191000
10.86600055,51.05191000
10.86700055,51.05191000
10.86800055,51.05191000
10.86900055,51.05191000
10.87000055,51.05191000
10.87100055,51.05191000
10.87200055,51.05191000
10.87300055,51.05191000
10.87400055,51.05191000
10.87500055,51.05191000
10.87600055,51.05191000
10.87700055,51.05191000
10.87800055,49.16338000
10.87900055,49.16338000
10.88000055,49.16338000
10.88100055,51.05191000
10.88200055,51.05191000
10.88300055,52.94660000
10.88400055,52.94660000
10.88500055,52.94660000
10.88600055,51.05191000
10.88700055,51.05191000
10.88800055,49.16338000
10.88900055,49.16338000
10.89000055,49.16338000
10.89100055,49.16338000
10.89200055,51.05191000
10.89300055,52.94660000
10.89400055,52.94660000
10.89500055,52.94660000
10.89600055,52.94660000
10.89700055,51.05191000
10.89800055,51.05191000
10.89900055,49.16338000
10.90000055,49.16338000
10.90100055,49.16338000
10.90200055,49.16338000
10.90300055,51.05191000
10.90400055,51.05191000
10.90500055,51.05191000
10.90600055,51.05191000
10.90700055,51.05191000
10.90800055,51.05191000
10.90900055,51.05191000
10.91000055,51.05191000
10.91100055,51.05191000
10.91200055,49.16338000
10.91300055,49.16338000
10.91400055,49.16338000
10.91500055,47.27485000
10.91600055,47.27485000
10.91700055,47.27485000
10.91800055,49.16338000
10.91900055,51.05191000
10.92000055,51.05191000
10.92100055,51.05191000
10.92200055,49.16338000
10.92300055,49.16338000
10.92400055,49.16338000
10.92500055,49.16338000
10.92600055,47.27485000
10.92700055,47.27485000
10.92800055,49.16338000
10.92900055,49.16338000
10.93000055,51.05191000
10.93100055,51.05191000
10.93200055,51.05191000
10.93300055,51.05191000
10.93400055,51.05191000
10.93500055,51.05191000
10.93600055,49.16338000
10.93700055,49.16338000
10.93800055,51.05191000
10.93900055,52.94660000
10.94000055,52.94660000
10.94100055,52.94660000
10.94200055,51.05191000
10.94300055,51.05191000
10.94400055,51.05191000
10.94500055,51.05191000
10.94600055,51.05191000
10.94700055,51.05191000
10.94800055,51.05191000
10.94900055,52.94660000
10.95000055,52.94660000
10.95100055,54.83513000
10.95200055,54.83513000
10.95300055,52.94660000
10.95400055,52.94660000
10.95500055,52.94660000
10.95600055,52.94660000
10.95700055,51.05191000
10.95800055,51.05191000
10.95900055,51.05191000
10.96000055,52.94660000
10.96100055,52.94660000
10.96200055,52.94660000
10.96300055,52.94660000
10.96400055,52.94660000
10.96500054,52.94660000
10.96600054,52.94660000
10.96700054,54.83513000
10.96800054,52.94660000
10.96900054,52.94660000
10.97000054,52.94660000
10.97100054,52.94660000
10.97200054,52.94660000
10.97300054,51.05191000
10.97400054,51.05191000
10.97500054,52.94660000
10.97600054,52.94660000
10.97700054,54.83513000
10.97800054,54.83513000
10.97900054,52.94660000
10.98000054,52.94660000
10.98100054,52.94660000
10.98200054,51.05191000
10.98300054,51.05191000
10.98400054,51.05191000
10.98500054,51.05191000
10.98600054,52.94660000
10.98700054,54.83513000
10.98800054,54.83513000
10.98900054,54.83513000
10.99000054,54.83513000
10.99100054,52.94660000
10.99200054,52.94660000
10.99300054,51.05191000
10.99400054,51.05191000
10.99500054,51.05191000
10.99600054,52.94660000
10.99700054,52.94660000
10.99800054,52.94660000
10.99900054,52.94660000
11.00000054,52.94660000
11.00100054,52.94660000
11.00200054,52.94660000
11.00300054,52.94660000
11.00400054,52.94660000
11.00500054,52.94660000
11.00600054,52.94660000
11.00700054,54.83513000
11.00800054,54.83513000
11.00900054,52.94660000
11.01000054,52.94660000
11.01100054,52.94660000
11.01200054,52.94660000
11.01300054,52.94660000
11.01400054,52.94660000
11.01500054,52.94660000
11.01600054,52.94660000
11.01700054,52.94660000
11.01800054,52.94660000
11.01900054,52.94660000
11.02000054,52.94660000
11.02100054,52.94660000
11.02200054,54.83513000
11.02300054,54.83513000
11.02400054,54.83513000
11.02500054,52.94660000
11.02600054,51.05191000
11.02700054,51.05191000
11.02800054,51.05191000
11.02900054,52.94660000
11.03000054,52.94660000
11.03100054,52.94660000
11.03200054,54.83513000
11.03300054,54.83513000
11.03400054,54.83513000
11.03500054,54.83513000
11.03600054,52.94660000
11.03700054,51.05191000
11.03800054,51.05191000
11.03900054,51.05191000
11.04000054,49.16338000
11.04100054,51.05191000
11.04200054,52.94660000
11.04300054,54.83513000
11.04400054,54.83513000
11.04500054,56.72982000
11.04600054,54.83513000
11.04700054,54.83513000
11.04800054,52.94660000
11.04900054,51.05191000
11.05000054,51.05191000
11.05100054,49.16338000
11.05200054,49.16338000
11.05300054,49.16338000
11.05400054,51.05191000
11.05500054,54.83513000
11.05600054,54.83513000
11.05700054,54.83513000
11.05800054,54.83513000
11.05900054,54.83513000
11.06000054,52.94660000
11.06100054,52.94660000
11.06200054,51.05191000
11.06300054,51.05191000
11.06400054,51.05191000
11.06500054,51.05191000
11.06600054,51.05191000
11.06700054,52.94660000
11.06800054,52.94660000
11.06900054,54.83513000
11.07000054,54.83513000
11.07100054,56.72982000
11.07200054,54.83513000
11.07300054,54.83513000
11.07400054,54.83513000
11.07500054,52.94660000
11.07600054,51.05191000
11.07700054,51.05191000
11.07800054,51.05191000
11.07900054,51.05191000
11.08000054,51.05191000
11.08100054,52.94660000
11.08200054,52.94660000
11.08300054,54.83513000
11.08400054,56.72982000
11.08500054,56.72982000
11.08600054,54.83513000
11.08700054,54.83513000
11.08800054,52.94660000
11.08900054,51.05191000
11.09000054,51.05191000
11.09100054,51.05191000
11.09200054,51.05191000
11.09300054,51.05191000
11.09400054,52.94660000
11.09500054,54.83513000
11.09600054,56.72982000
11.09700054,56.72982000
11.09800054,56.72982000
11.09900054,56.72982000
11.10000054,54.83513000
11.10100054,52.94660000
11.10200054,51.05191000
11.10300054,51.05191000
11.10400054,51.05191000
11.10500054,52.94660000
11.10600054,54.83513000
11.10700054,54.83513000
11.10800054,56.72982000
11.10900054,58.61835000
11.11000054,58.61835000
11.11100054,58.61835000
11.11200054,56.72982000
11.11300054,54.83513000
11.11400054,54.83513000
11.11500054,52.94660000
11.11600054,52.94660000
11.11700054,52.94660000
11.11800054,52.94660000
11.11900054,54.83513000
11.12000054,54.83513000
11.12100054,56.72982000
11.12200054,58.61835000
11.12300054,58.61835000
11.12400054,58.61835000
11.12500054,56.72982000
11.12600054,54.83513000
11.12700054,52.94660000
11.12800054,52.94660000
11.12900054,52.94660000
11.13000054,52.94660000
11.13100054,54.83513000
11.13200054,56.72982000
11.13300054,58.61835000
11.13400054,58.61835000
11.13500054,58.61835000
11.13600054,56.72982000
11.13700054,54.83513000
11.13800054,54.83513000
11.13900054,52.94660000
11.14000054,52.94660000
11.14100054,52.94660000
11.14200054,52.94660000
11.14300054,54.83513000
11.14400054,54.83513000
11.14500054,54.83513000
11.14600054,54.83513000
11.14700054,54.83513000
11.14800054,52.94660000
11.14900054,54.83513000
11.15000054,54.83513000
11.15100054,56.72982000
11.15200054,54.83513000
11.15300054,54.83513000
11.15400054,56.72982000
11.15500054,54.83513000
11.15600054,54.83513000
11.15700054,52.94660000
11.15800054,52.94660000
11.15900054,52.94660000
11.16000054,52.94660000
11.16100054,54.83513000
11.16200054,54.83513000
11.16300054,56.72982000
11.16400054,54.83513000
11.16500054,56.72982000
11.16600054,54.83513000
11.16700054,56.72982000
11.16800054,54.83513000
11.16900054,52.94660000
11.17000054,54.83513000
11.17100054,54.83513000
11.17200054,54.83513000
11.17300054,54.83513000
11.17400054,54.83513000
11.17500054,54.83513000
11.17600054,54.83513000
11.17700054,56.72982000
11.17800054,56.72982000
11.17900054,56.72982000
11.18000054,54.83513000
11.18100054,54.83513000
11.18200054,54.83513000
11.18300054,54.83513000
11.18400054,52.94660000
11.18500054,52.94660000
11.18600054,54.83513000
11.18700054,54.83513000
11.18800054,56.72982000
11.18900054,56.72982000
11.19000054,56.72982000
11.19100054,58.61835000
11.19200054,56.72982000
11.19300054,56.72982000
11.19400054,54.83513000
11.19500054,52.94660000
11.19600054,52.94660000
11.19700054,52.94660000
11.19800054,54.83513000
11.19900054,54.83513000
11.20000054,56.72982000
11.20100054,56.72982000
11.20200054,56.72982000
11.20300054,56.72982000
11.20400054,56.72982000
11.20500054,54.83513000
11.20600054,54.83513000
11.20700054,54.83513000
11.20800054,54.83513000
11.20900054,54.83513000
11.21000054,54.83513000
11.21100054,54.83513000
11.21200054,54.83513000
11.21300054,54.83513000
11.21400054,54.83513000
11.21500054,54.83513000
11.21600054,56.72982000
11.21700054,56.72982000
11.21800054,58.61835000
11.21900054,56.72982000
11.22000054,56.72982000
11.22100054,54.83513000
11.22200054,52.94660000
11.22300054,54.83513000
11.22400054,54.83513000
11.22500054,54.83513000
11.22600054,54.83513000
11.22700054,56.72982000
11.22800054,58.61835000
11.22900054,58.61835000
11.23000054,58.61835000
11.23100054,56.72982000
11.23200054,54.83513000
11.23300054,54.83513000
11.23400054,54.83513000
11.23500054,54.83513000
11.23600054,54.83513000
11.23700054,54.83513000
11.23800054,54.83513000
11.23900054,56.72982000
11.24000054,54.83513000
11.24100054,54.83513000
11.24200054,52.94660000
11.24300054,54.83513000
11.24400054,54.83513000
11.24500054,54.83513000
11.24600054,52.94660000
11.24700054,52.94660000
11.24800054,52.94660000
11.24900054,54.83513000
11.25000054,54.83513000
11.25100054,52.94660000
11.25200054,52.94660000
11.25300054,52.94660000
11.25400054,54.83513000
11.25500054,54.83513000
11.25600054,54.83513000
11.25700054,54.83513000
11.25800054,52.94660000
11.25900054,54.83513000
11.26000054,52.94660000
11.26100054,52.94660000
11.26200054,52.94660000
11.26300054,54.83513000
11.26400054,54.83513000
11.26500054,54.83513000
11.26600054,54.83513000
11.26700054,54.83513000
11.26800054,52.94660000
11.26900054,52.94660000
11.27000054,52.94660000
11.27100054,54.83513000
11.27200054,54.83513000
11.27300054,56.72982000
11.27400054,56.72982000
11.27500054,58.61835000
11.27600054,56.72982000
11.27700054,56.72982000
11.27800054,54.83513000
11.27900054,54.83513000
11.28000054,54.83513000
11.28100054,54.83513000
11.28200054,56.72982000
11.28300054,56.72982000
11.28400054,56.72982000
11.28500054,58.61835000
11.28600054,58.61835000
11.28700054,56.72982000
11.28800054,56.72982000
11.28900054,54.83513000
11.29000054,56.72982000
11.29100054,56.72982000
11.29200054,56.72982000
11.29300054,58.61835000
11.29400054,56.72982000
11.29500054,56.72982000
11.29600054,56.72982000
11.29700054,56.72982000
11.29800054,56.72982000
11.29900054,56.72982000
11.30000054,56.72982000
11.30100054,56.72982000
11.30200054,58.61835000
11.30300054,58.61835000
11.30400054,60.51304000
11.30500054,60.51304000
11.30600054,60.51304000
11.30700054,58.61835000
11.30800054,56.72982000
11.30900054,54.83513000
11.31000054,54.83513000
11.31100054,54.83513000
11.31200054,54.83513000
11.31300054,56.72982000
11.31400054,56.72982000
11.31500054,58.61835000
11.31600054,58.61835000
11.31700054,58.61835000
11.31800053,58.61835000
11.31900053,58.61835000
11.32000053,58.61835000
11.32100053,56.72982000
11.32200053,54.83513000
11.32300053,54.83513000
11.32400053,54.83513000
11.32500053,56.72982000
11.32600053,58.61835000
11.32700053,60.51304000
11.32800053,60.51304000
11.32900053,60.51304000
11.33000053,58.61835000
11.33100053,56.72982000
11.33200053,54.83513000
11.33300053,54.83513000
11.33400053,52.94660000
11.33500053,52.94660000
11.33600053,54.83513000
11.33700053,56.72982000
11.33800053,58.61835000
11.33900053,60.51304000
11.34000053,62.40157000
11.34100053,62.40157000
11.34200053,60.51304000
11.34300053,58.61835000
11.34400053,56.72982000
11.34500053,54.83513000
11.34600053,52.94660000
11.34700053,52.94660000
11.34800053,54.83513000
11.34900053,56.72982000
11.35000053,58.61835000
11.35100053,60.51304000
11.35200053,60.51304000
11.35300053,60.51304000
11.35400053,60.51304000
11.35500053,58.61835000
11.35600053,56.72982000
11.35700053,56.72982000
11.35800053,54.83513000
11.35900053,54.83513000
11.36000053,56.72982000
11.36100053,56.72982000
11.36200053,58.61835000
11.36300053,60.51304000
11.36400053,60.51304000
11.36500053,60.51304000
11.36600053,60.51304000
11.36700053,60.51304000
11.36800053,58.61835000
11.36900053,58.61835000
11.37000053,58.61835000
11.37100053,58.61835000
11.37200053,58.61835000
11.37300053,60.51304000
11.37400053,62.40157000
11.37500053,62.40157000
11.37600053,62.40157000
11.37700053,62.40157000
11.37800053,62.40157000
11.37900053,60.51304000
11.38000053,60.51304000
11.38100053,60.51304000
11.38200053,60.51304000
11.38300053,60.51304000
11.38400053,62.40157000
11.38500053,62.40157000
11.38600053,64.29010000
11.38700053,64.29010000
11.38800053,64.29010000
11.38900053,64.29010000
11.39000053,64.29010000
11.39100053,64.29010000
11.39200053,64.29010000
11.39300053,62.40157000
11.39400053,64.29010000
11.39500053,64.29010000
11.39600053,64.29010000
11.39700053,66.18479000
11.39800053,66.18479000
11.39900053,64.29010000
11.40000053,64.29010000
11.40100053,62.40157000
11.40200053,62.40157000
11.40300053,62.40157000
11.40400053,62.40157000
11.40500053,62.40157000
11.40600053,62.40157000
11.40700053,62.40157000
11.40800053,62.40157000
11.40900053,62.40157000
11.41000053,62.40157000
11.41100053,62.40157000
11.41200053,62.40157000
11.41300053,62.40157000
11.41400053,62.40157000
11.41500053,62.40157000
11.41600053,60.51304000
11.41700053,60.51304000
11.41800053,60.51304000
11.41900053,60.51304000
11.42000053,60.51304000
11.42100053,60.51304000
11.42200053,60.51304000
11.42300053,60.51304000
11.42400053,60.51304000
11.42500053,60.51304000
11.42600053,60.51304000
11.42700053,60.51304000
11.42800053,60.51304000
11.42900053,60.51304000
11.43000053,60.51304000
11.43100053,60.51304000
11.43200053,60.51304000
11.43300053,60.51304000
11.43400053,60.51304000
11.43500053,60.51304000
11.43600053,60.51304000
11.43700053,60.51304000
11.43800053,60.51304000
11.43900053,62.40157000
11.44000053,60.51304000
11.44100053,60.51304000
11.44200053,60.51304000
11.44300053,60.51304000
11.44400053,60.51304000
11.44500053,60.51304000
11.44600053,60.51304000
11.44700053,60.51304000
11.44800053,62.40157000
11.44900053,64.29010000
11.45000053,64.29010000
11.45100053,64.29010000
11.45200053,62.40157000
11.45300053,62.40157000
11.45400053,60.51304000
11.45500053,60.51304000
11.45600053,60.51304000
11.45700053,60.51304000
11.45800053,62.40157000
11.45900053,64.29010000
11.46000053,64.29010000
11.46100053,64.29010000
11.46200053,64.29010000
11.46300053,64.29010000
11.46400053,62.40157000
11.46500053,62.40157000
11.46600053,60.51304000
11.46700053,62.40157000
11.46800053,62.40157000
11.46900053,62.40157000
11.47000053,62.40157000
11.47100053,64.29010000
11.47200053,64.29010000
11.47300053,64.29010000
11.47400053,62.40157000
11.47500053,62.40157000
11.47600053,62.40157000
11.47700053,62.40157000
11.47800053,60.51304000
11.47900053,60.51304000
11.48000053,60.51304000
11.48100053,60.51304000
11.48200053,60.51304000
11.48300053,62.40157000
11.48400053,62.40157000
11.48500053,62.40157000
11.48600053,62.40157000
11.48700053,62.40157000
11.48800053,62.40157000
11.48900053,62.40157000
11.49000053,60.51304000
11.49100053,60.51304000
11.49200053,60.51304000
11.49300053,60.51304000
11.49400053,62.40157000
11.49500053,62.40157000
11.49600053,62.40157000
11.49700053,62.40157000
11.49800053,62.40157000
11.49900053,62.40157000
11.50000053,60.51304000
11.50100053,60.51304000
11.50200053,60.51304000
11.50300053,62.40157000
11.50400053,62.40157000
11.50500053,62.40157000
11.50600053,64.29010000
11.50700053,64.29010000
11.50800053,62.40157000
11.50900053,62.40157000
11.51000053,62.40157000
11.51100053,62.40157000
11.51200053,62.40157000
11.51300053,62.40157000
11.51400053,62.40157000
11.51500053,64.29010000
11.51600053,64.29010000
11.51700053,64.29010000
11.51800053,64.29010000
11.51900053,62.40157000
11.52000053,62.40157000
11.52100053,62.40157000
11.52200053,62.40157000
11.52300053,62.40157000
11.52400053,64.29010000
11.52500053,64.29010000
11.52600053,64.29010000
11.52700053,64.29010000
11.52800053,64.29010000
11.52900053,62.40157000
11.53000053,62.40157000
11.53100053,62.40157000
11.53200053,62.40157000
11.53300053,62.40157000
11.53400053,62.40157000
11.53500053,64.29010000
11.53600053,62.40157000
11.53700053,62.40157000
11.53800053,62.40157000
11.53900053,62.40157000
11.54000053,62.40157000
11.54100053,62.40157000
11.54200053,62.40157000
11.54300053,64.29010000
11.54400053,64.29010000
11.54500053,64.29010000
11.54600053,62.40157000
11.54700053,62.40157000
11.54800053,62.40157000
11.54900053,62.40157000
11.55000053,62.40157000
11.55100053,64.29010000
11.55200053,62.40157000
11.55300053,64.29010000
11.55400053,64.29010000
11.55500053,64.29010000
11.55600053,64.29010000
11.55700053,62.40157000
11.55800053,62.40157000
11.55900053,62.40157000
11.56000053,62.40157000
11.56100053,64.29010000
11.56200053,64.29010000
11.56300053,64.29010000
11.56400053,64.29010000
11.56500053,64.29010000
11.56600053,62.40157000
11.56700053,62.40157000
11.56800053,62.40157000
11.56900053,62.40157000
11.57000053,62.40157000
11.57100053,64.29010000
11.57200053,64.29010000
11.57300053,64.29010000
11.57400053,64.29010000
11.57500053,64.29010000
11.57600053,62.40157000
11.57700053,62.40157000
11.57800053,62.40157000
11.57900053,62.40157000
11.58000053,64.29010000
11.58100053,64.29010000
11.58200053,64.29010000
11.58300053,64.29010000
11.58400053,64.29010000
11.58500053,64.29010000
11.58600053,62.40157000
11.58700053,62.40157000
11.58800053,60.51304000
11.58900053,60.51304000
11.59000053,62.40157000
11.59100053,62.40157000
11.59200053,62.40157000
11.59300053,64.29010000
11.59400053,64.29010000
11.59500053,64.29010000
11.59600053,64.29010000
11.59700053,64.29010000
11.59800053,64.29010000
11.59900053,64.29010000
11.60000053,62.40157000
11.60100053,62.40157000
11.60200053,62.40157000
11.60300053,64.29010000
11.60400053,64.29010000
11.60500053,64.29010000
11.60600053,64.29010000
11.60700053,64.29010000
11.60800053,64.29010000
11.60900053,64.29010000
11.61000053,64.29010000
11.61100053,64.29010000
11.61200053,62.40157000
11.61300053,62.40157000
11.61400053,62.40157000
11.61500053,62.40157000
11.61600053,62.40157000
11.61700053,64.29010000
11.61800053,66.18479000
11.61900053,66.18479000
11.62000053,68.07332000
11.62100053,68.07332000
11.62200053,68.07332000
11.62300053,69.96801000
11.62400053,68.07332000
11.62500053,66.18479000
11.62600053,66.18479000
11.62700053,66.18479000
11.62800053,66.18479000
11.62900053,66.18479000
11.63000053,68.07332000
11.63100053,68.07332000
11.63200053,69.96801000
11.63300053,69.96801000
11.63400053,69.96801000
11.63500053,69.96801000
11.63600053,68.07332000
11.63700053,68.07332000
11.63800053,68.07332000
11.63900053,68.07332000
11.64000053,66.18479000
11.64100053,64.29010000
11.64200053,66.18479000
11.64300053,66.18479000
11.64400053,68.07332000
11.64500053,69.96801000
11.64600053,69.96801000
11.64700053,68.07332000
11.64800053,66.18479000
11.64900053,64.29010000
11.65000053,64.29010000
11.65100053,64.29010000
11.65200053,62.40157000
11.65300053,64.29010000
11.65400053,64.29010000
11.65500053,66.18479000
11.65600053,66.18479000
11.65700053,66.18479000
11.65800053,66.18479000
11.65900053,66.18479000
11.66000053,64.29010000
11.66100053,62.40157000
11.66200053,62.40157000
11.66300053,62.40157000
11.66400053,62.40157000
11.66500053,62.40157000
11.66600053,64.29010000
11.66700053,64.29010000
11.66800053,64.29010000
11.66900053,64.29010000
11.67000053,62.40157000
11.67100053,62.40157000
11.67200052,62.40157000
11.67300052,64.29010000
11.67400052,64.29010000
11.67500052,66.18479000
11.67600052,66.18479000
11.67700052,66.18479000
11.67800052,64.29010000
11.67900052,64.29010000
11.68000052,64.29010000
11.68100052,62.40157000
11.68200052,62.40157000
11.68300052,64.29010000
11.68400052,64.29010000
11.68500052,66.18479000
11.68600052,66.18479000
11.68700052,66.18479000
11.68800052,66.18479000
11.68900052,66.18479000
11.69000052,66.18479000
11.69100052,66.18479000
11.69200052,66.18479000
11.69300052,66.18479000
11.69400052,66.18479000
11.69500052,66.18479000
11.69600052,66.18479000
11.69700052,66.18479000
11.69800052,66.18479000
11.69900052,66.18479000
11.70000052,66.18479000
11.70100052,68.07332000
11.70200052,68.07332000
11.70300052,68.07332000
11.70400052,66.18479000
11.70500052,66.18479000
11.70600052,64.29010000
11.70700052,64.29010000
11.70800052,64.29010000
11.70900052,64.29010000
11.71000052,64.29010000
11.71100052,66.18479000
11.71200052,68.07332000
11.71300052,68.07332000
11.71400052,68.07332000
11.71500052,66.18479000
11.71600052,64.29010000
11.71700052,62.40157000
11.71800052,62.40157000
11.71900052,62.40157000
11.72000052,60.51304000
11.72100052,60.51304000
11.72200052,60.51304000
11.72300052,60.51304000
11.72400052,60.51304000
11.72500052,60.51304000
11.72600052,60.51304000
11.72700052,60.51304000
11.72800052,60.51304000
11.72900052,58.61835000
11.73000052,58.61835000
11.73100052,56.72982000
11.73200052,56.72982000
11.73300052,56.72982000
11.73400052,56.72982000
11.73500052,58.61835000
11.73600052,58.61835000
11.73700052,58.61835000
11.73800052,58.61835000
11.73900052,58.61835000
11.74000052,58.61835000
11.74100052,58.61835000
11.74200052,56.72982000
11.74300052,56.72982000
11.74400052,56.72982000
11.74500052,58.61835000
11.74600052,58.61835000
11.74700052,60.51304000
11.74800052,60.51304000
11.74900052,62.40157000
11.75000052,62.40157000
11.75100052,62.40157000
11.75200052,62.40157000
11.75300052,62.40157000
11.75400052,62.40157000
11.75500052,62.40157000
11.75600052,62.40157000
11.75700052,64.29010000
11.75800052,64.29010000
11.75900052,64.29010000
11.76000052,64.29010000
11.76100052,62.40157000
11.76200052,62.40157000
11.76300052,64.29010000
11.76400052,64.29010000
11.76500052,66.18479000
11.76600052,66.18479000
11.76700052,68.07332000
11.76800052,66.18479000
11.76900052,66.18479000
11.77000052,64.29010000
11.77100052,64.29010000
11.77200052,64.29010000
11.77300052,64.29010000
11.77400052,64.29010000
11.77500052,64.29010000
11.77600052,64.29010000
11.77700052,64.29010000
11.77800052,64.29010000
11.77900052,64.29010000
11.78000052,64.29010000
11.78100052,62.40157000
11.78200052,62.40157000
11.78300052,62.40157000
11.78400052,62.40157000
11.78500052,62.40157000
11.78600052,62.40157000
11.78700052,62.40157000
11.78800052,60.51304000
11.78900052,60.51304000
11.79000052,60.51304000
11.79100052,60.51304000
11.79200052,60.51304000
11.79300052,60.51304000
11.79400052,60.51304000
11.79500052,60.51304000
11.79600052,60.51304000
11.79700052,60.51304000
11.79800052,60.51304000
11.79900052,58.61835000
11.80000052,58.61835000
11.80100052,60.51304000
11.80200052,60.51304000
11.80300052,60.51304000
11.80400052,60.51304000
11.80500052,60.51304000
11.80600052,60.51304000
11.80700052,62.40157000
11.80800052,60.51304000
11.80900052,60.51304000
11.81000052,60.51304000
11.81100052,60.51304000
11.81200052,62.40157000
11.81300052,62.40157000
11.81400052,62.40157000
11.81500052,60.51304000
11.81600052,60.51304000
11.81700052,60.51304000
11.81800052,60.51304000
11.81900052,62.40157000
11.82000052,62.40157000
11.82100052,62.40157000
11.82200052,64.29010000
11.82300052,64.29010000
11.82400052,64.29010000
11.82500052,62.40157000
11.82600052,62.40157000
11.82700052,62.40157000
11.82800052,60.51304000
11.82900052,62.40157000
11.83000052,62.40157000
11.83100052,64.29010000
11.83200052,64.29010000
11.83300052,64.29010000
11.83400052,64.29010000
11.83500052,64.29010000
11.83600052,62.40157000
11.83700052,62.40157000
11.83800052,60.51304000
11.83900052,62.40157000
11.84000052,62.40157000
11.84100052,62.40157000
11.84200052,64.29010000
11.84300052,64.29010000
11.84400052,64.29010000
11.84500052,64.29010000
11.84600052,62.40157000
11.84700052,62.40157000
11.84800052,62.40157000
11.84900052,62.40157000
11.85000052,62.40157000
11.85100052,62.40157000
11.85200052,62.40157000
11.85300052,62.40157000
11.85400052,62.40157000
11.85500052,62.40157000
11.85600052,62.40157000
11.85700052,60.51304000
11.85800052,62.40157000
11.85900052,62.40157000
11.86000052,62.40157000
11.86100052,62.40157000
11.86200052,62.40157000
11.86300052,62.40157000
11.86400052,62.40157000
11.86500052,60.51304000
11.86600052,60.51304000
11.86700052,60.51304000
11.86800052,60.51304000
11.86900052,62.40157000
11.87000052,60.51304000
11.87100052,62.40157000
11.87200052,60.51304000
11.87300052,60.51304000
11.87400052,60.51304000
11.87500052,60.51304000
11.87600052,60.51304000
11.87700052,60.51304000
11.87800052,60.51304000
11.87900052,62.40157000
11.88000052,62.40157000
11.88100052,62.40157000
11.88200052,60.51304000
11.88300052,60.51304000
11.88400052,60.51304000
11.88500052,60.51304000
11.88600052,62.40157000
11.88700052,64.29010000
11.88800052,62.40157000
11.88900052,62.40157000
11.89000052,62.40157000
11.89100052,62.40157000
11.89200052,60.51304000
11.89300052,60.51304000
11.89400052,60.51304000
11.89500052,60.51304000
11.89600052,62.40157000
11.89700052,62.40157000
11.89800052,62.40157000
11.89900052,64.29010000
11.90000052,62.40157000
11.90100052,62.40157000
11.90200052,62.40157000
11.90300052,62.40157000
11.90400052,62.40157000
11.90500052,62.40157000
11.90600052,62.40157000
11.90700052,64.29010000
11.90800052,64.29010000
11.90900052,64.29010000
11.91000052,64.29010000
11.91100052,64.29010000
11.91200052,62.40157000
11.91300052,62.40157000
11.91400052,62.40157000
11.91500052,62.40157000
11.91600052,62.40157000
11.91700052,62.40157000
11.91800052,62.40157000
11.91900052,62.40157000
11.92000052,62.40157000
11.92100052,60.51304000
11.92200052,60.51304000
11.92300052,60.51304000
11.92400052,62.40157000
11.92500052,62.40157000
11.92600052,62.40157000
11.92700052,62.40157000
11.92800052,62.40157000
11.92900052,60.51304000
11.93000052,60.51304000
11.93100052,60.51304000
11.93200052,60.51304000
11.93300052,62.40157000
11.93400052,62.40157000
11.93500052,62.40157000
11.93600052,62.40157000
11.93700052,60.51304000
11.93800052,60.51304000
11.93900052,60.51304000
11.94000052,58.61835000
11.94100052,60.51304000
11.94200052,60.51304000
11.94300052,60.51304000
11.94400052,60.51304000
11.94500052,60.51304000
11.94600052,60.51304000
11.94700052,60.51304000
11.94800052,60.51304000
11.94900052,60.51304000
11.95000052,58.61835000
11.95100052,60.51304000
11.95200052,60.51304000
11.95300052,62.40157000
11.95400052,62.40157000
11.95500052,62.40157000
11.95600052,60.51304000
11.95700052,60.51304000
11.95800052,58.61835000
11.95900052,60.51304000
11.96000052,58.61835000
11.96100052,60.51304000
11.96200052,60.51304000
11.96300052,62.40157000
11.96400052,62.40157000
11.96500052,62.40157000
11.96600052,60.51304000
11.96700052,60.51304000
11.96800052,60.51304000
11.96900052,60.51304000
11.97000052,60.51304000
11.97100052,60.51304000
11.97200052,60.51304000
11.97300052,62.40157000
11.97400052,62.40157000
11.97500052,62.40157000
11.97600052,60.51304000
11.97700052,58.61835000
11.97800052,58.61835000
11.97900052,58.61835000
11.98000052,60.51304000
11.98100052,60.51304000
11.98200052,60.51304000
11.98300052,62.40157000
11.98400052,62.40157000
11.98500052,60.51304000
11.98600052,60.51304000
11.98700052,60.51304000
11.98800052,58.61835000
11.98900052,58.61835000
11.99000052,58.61835000
11.99100052,60.51304000
11.99200052,60.51304000
11.99300052,60.51304000
11.99400052,60.51304000
11.99500052,60.51304000
11.99600052,60.51304000
11.99700052,60.51304000
11.99800052,58.61835000
11.99900052,58.61835000
12.00000052,58.61835000
12.00100052,60.51304000
12.00200052,60.51304000
12.00300052,60.51304000
12.00400052,60.51304000
12.00500052,58.61835000
12.00600052,58.61835000
12.00700052,60.51304000
12.00800052,58.61835000
12.00900052,60.51304000
12.01000052,58.61835000
12.01100052,58.61835000
12.01200052,58.61835000
12.01300052,58.61835000
12.01400052,58.61835000
12.01500052,58.61835000
12.01600052,56.72982000
12.01700052,56.72982000
12.01800052,58.61835000
12.01900052,58.61835000
12.02000052,58.61835000
12.02100052,56.72982000
12.02200052,56.72982000
12.02300052,56.72982000
12.02400052,54.83513000
12.02500052,54.83513000
12.02600051,54.83513000
12.02700051,54.83513000
12.02800051,56.72982000
12.02900051,56.72982000
12.03000051,56.72982000
12.03100051,56.72982000
12.03200051,54.83513000
12.03300051,54.83513000
12.03400051,54.83513000
12.03500051,54.83513000
12.03600051,54.83513000
12.03700051,54.83513000
12.03800051,56.72982000
12.03900051,56.72982000
12.04000051,56.72982000
12.04100051,56.72982000
12.04200051,56.72982000
12.04300051,56.72982000
12.04400051,54.83513000
12.04500051,54.83513000
12.04600051,54.83513000
12.04700051,56.72982000
12.04800051,56.72982000
12.04900051,56.72982000
12.05000051,56.72982000
12.05100051,56.72982000
12.05200051,56.72982000
12.05300051,56.72982000
12.05400051,56.72982000
12.05500051,56.72982000
12.05600051,56.72982000
12.05700051,56.72982000
12.05800051,56.72982000
12.05900051,58.61835000
12.06000051,58.61835000
12.06100051,58.61835000
12.06200051,58.61835000
12.06300051,60.51304000
12.06400051,58.61835000
12.06500051,58.61835000
12.06600051,56.72982000
12.06700051,56.72982000
12.06800051,58.61835000
12.06900051,58.61835000
12.07000051,58.61835000
12.07100051,58.61835000
12.07200051,58.61835000
12.07300051,58.61835000
12.07400051,58.61835000
12.07500051,58.61835000
12.07600051,58.61835000
12.07700051,56.72982000
12.07800051,56.72982000
12.07900051,56.72982000
12.08000051,56.72982000
12.08100051,58.61835000
12.08200051,58.61835000
12.08300051,58.61835000
12.08400051,58.61835000
12.08500051,58.61835000
12.08600051,56.72982000
12.08700051,56.72982000
12.08800051,54.83513000
12.08900051,54.83513000
12.09000051,54.83513000
12.09100051,56.72982000
12.09200051,56.72982000
12.09300051,56.72982000
12.09400051,56.72982000
12.09500051,56.72982000
12.09600051,56.72982000
12.09700051,54.83513000
12.09800051,54.83513000
12.09900051,54.83513000
12.10000051,54.83513000
12.10100051,54.83513000
12.10200051,54.83513000
12.10300051,54.83513000
12.10400051,54.83513000
12.10500051,54.83513000
12.10600051,56.72982000
12.10700051,56.72982000
12.10800051,54.83513000
12.10900051,54.83513000
12.11000051,54.83513000
12.11100051,54.83513000
12.11200051,54.83513000
12.11300051,54.83513000
12.11400051,56.72982000
12.11500051,56.72982000
12.11600051,56.72982000
12.11700051,56.72982000
12.11800051,56.72982000
12.11900051,56.72982000
12.12000051,54.83513000
12.12100051,54.83513000
12.12200051,54.83513000
12.12300051,54.83513000
12.12400051,54.83513000
12.12500051,54.83513000
12.12600051,56.72982000
12.12700051,56.72982000
12.12800051,56.72982000
12.12900051,56.72982000
12.13000051,56.72982000
12.13100051,56.72982000
12.13200051,54.83513000
12.13300051,54.83513000
12.13400051,54.83513000
12.13500051,56.72982000
12.13600051,56.72982000
12.13700051,58.61835000
12.13800051,58.61835000
12.13900051,58.61835000
12.14000051,56.72982000
12.14100051,56.72982000
12.14200051,56.72982000
12.14300051,56.72982000
12.14400051,54.83513000
12.14500051,54.83513000
12.14600051,56.72982000
12.14700051,56.72982000
12.14800051,56.72982000
12.14900051,56.72982000
12.15000051,56.72982000
12.15100051,56.72982000
12.15200051,56.72982000
12.15300051,54.83513000
12.15400051,54.83513000
12.15500051,56.72982000
12.15600051,56.72982000
12.15700051,56.72982000
12.15800051,56.72982000
12.15900051,56.72982000
12.16000051,56.72982000
12.16100051,54.83513000
12.16200051,54.83513000
12.16300051,54.83513000
12.16400051,54.83513000
12.16500051,54.83513000
12.16600051,54.83513000
12.16700051,54.83513000
12.16800051,54.83513000
12.16900051,54.83513000
12.17000051,54.83513000
12.17100051,54.83513000
12.17200051,54.83513000
12.17300051,54.83513000
12.17400051,54.83513000
12.17500051,56.72982000
12.17600051,54.83513000
12.17700051,54.83513000
12.17800051,54.83513000
12.17900051,52.94660000
12.18000051,52.94660000
12.18100051,52.94660000
12.18200051,52.94660000
12.18300051,54.83513000
12.18400051,54.83513000
12.18500051,54.83513000
12.18600051,54.83513000
12.18700051,54.83513000
12.18800051,52.94660000
12.18900051,52.94660000
12.19000051,52.94660000
12.19100051,52.94660000
12.19200051,52.94660000
12.19300051,54.83513000
12.19400051,54.83513000
12.19500051,56.72982000
12.19600051,56.72982000
12.19700051,54.83513000
12.19800051,52.94660000
12.19900051,52.94660000
12.20000051,52.94660000
12.20100051,52.94660000
12.20200051,54.83513000
12.20300051,56.72982000
12.20400051,56.72982000
12.20500051,56.72982000
12.20600051,56.72982000
12.20700051,56.72982000
12.20800051,54.83513000
12.20900051,52.94660000
12.21000051,52.94660000
12.21100051,54.83513000
12.21200051,54.83513000
12.21300051,54.83513000
12.21400051,56.72982000
12.21500051,56.72982000
12.21600051,56.72982000
12.21700051,56.72982000
12.21800051,54.83513000
12.21900051,54.83513000
12.22000051,54.83513000
12.22100051,54.83513000
12.22200051,54.83513000
12.22300051,54.83513000
12.22400051,54.83513000
12.22500051,56.72982000
12.22600051,54.83513000
12.22700051,54.83513000
12.22800051,54.83513000
12.22900051,54.83513000
12.23000051,54.83513000
12.23100051,54.83513000
12.23200051,54.83513000
12.23300051,54.83513000
12.23400051,54.83513000
12.23500051,54.83513000
12.23600051,54.83513000
12.23700051,54.83513000
12.23800051,52.94660000
12.23900051,54.83513000
12.24000051,54.83513000
12.24100051,54.83513000
12.24200051,54.83513000
12.24300051,52.94660000
12.24400051,52.94660000
12.24500051,52.94660000
12.24600051,52.94660000
12.24700051,52.94660000
12.24800051,52.94660000
12.24900051,54.83513000
12.25000051,54.83513000
12.25100051,54.83513000
12.25200051,54.83513000
12.25300051,54.83513000
12.25400051,52.94660000
12.25500051,52.94660000
12.25600051,52.94660000
12.25700051,52.94660000
12.25800051,54.83513000
12.25900051,54.83513000
12.26000051,56.72982000
12.26100051,56.72982000
12.26200051,56.72982000
12.26300051,54.83513000
12.26400051,54.83513000
12.26500051,52.94660000
12.26600051,52.94660000
12.26700051,52.94660000
12.26800051,54.83513000
12.26900051,56.72982000
12.27000051,56.72982000
12.27100051,56.72982000
12.27200051,54.83513000
12.27300051,54.83513000
12.27400051,54.83513000
12.27500051,52.94660000
12.27600051,52.94660000
12.27700051,54.83513000
12.27800051,54.83513000
12.27900051,56.72982000
12.28000051,56.72982000
12.28100051,56.72982000
12.28200051,54.83513000
12.28300051,54.83513000
12.28400051,52.94660000
12.28500051,54.83513000
12.28600051,54.83513000
12.28700051,54.83513000
12.28800051,54.83513000
12.28900051,54.83513000
12.29000051,54.83513000
12.29100051,54.83513000
12.29200051,54.83513000
12.29300051,52.94660000
12.29400051,52.94660000
12.29500051,52.94660000
12.29600051,52.94660000
12.29700051,54.83513000
12.29800051,54.83513000
12.29900051,54.83513000
12.30000051,52.94660000
12.30100051,52.94660000
12.30200051,52.94660000
12.30300051,52.94660000
12.30400051,52.94660000
12.30500051,52.94660000
12.30600051,52.94660000
12.30700051,54.83513000
12.30800051,54.83513000
12.30900051,54.83513000
12.31000051,52.94660000
12.31100051,52.94660000
12.31200051,51.05191000
12.31300051,51.05191000
12.31400051,51.05191000
12.31500051,52.94660000
12.31600051,52.94660000
12.31700051,54.83513000
12.31800051,54.83513000
12.31900051,54.83513000
12.32000051,52.94660000
12.32100051,52.94660000
12.32200051,52.94660000
12.32300051,51.05191000
12.32400051,52.94660000
12.32500051,52.94660000
12.32600051,52.94660000
12.32700051,54.83513000
12.32800051,54.83513000
12.32900051,54.83513000
12.33000051,54.83513000
12.33100051,52.94660000
12.33200051,52.94660000
12.33300051,52.94660000
12.33400051,52.94660000
12.33500051,54.83513000
12.33600051,54.83513000
12.33700051,54.83513000
12.33800051,54.83513000
12.33900051,52.94660000
12.34000051,52.94660000
12.34100051,54.83513000
12.34200051,54.83513000
12.34300051,54.83513000
12.34400051,52.94660000
12.34500051,52.94660000
12.34600051,52.94660000
12.34700051,54.83513000
12.34800051,54.83513000
12.34900051,54.83513000
12.35000051,52.94660000
12.35100051,54.83513000
12.35200051,54.83513000
12.35300051,54.83513000
12.35400051,54.83513000
12.35500051,54.83513000
12.35600051,52.94660000
12.35700051,52.94660000
12.35800051,52.94660000
12.35900051,52.94660000
12.36000051,52.94660000
12.36100051,52.94660000
12.36200051,54.83513000
12.36300051,54.83513000
12.36400051,52.94660000
12.36500051,52.94660000
12.36600051,52.94660000
12.36700051,52.94660000
12.36800051,51.05191000
12.36900051,51.05191000
12.37000051,52.94660000
12.37100051,52.94660000
12.37200051,52.94660000
12.37300051,54.83513000
12.37400051,52.94660000
12.37500051,52.94660000
12.37600051,52.94660000
12.37700051,51.05191000
12.37800051,51.05191000
12.37900050,51.05191000
12.38000050,52.94660000
12.38100050,52.94660000
12.38200050,52.94660000
12.38300050,54.83513000
12.38400050,52.94660000
12.38500050,52.94660000
12.38600050,51.05191000
12.38700050,51.05191000
12.38800050,51.05191000
12.38900050,51.05191000
12.39000050,51.05191000
12.39100050,52.94660000
12.39200050,52.94660000
12.39300050,52.94660000
12.39400050,52.94660000
12.39500050,52.94660000
12.39600050,51.05191000
12.39700050,51.05191000
12.39800050,51.05191000
12.39900050,51.05191000
12.40000050,51.05191000
12.40100050,51.05191000
12.40200050,52.94660000
12.40300050,52.94660000
12.40400050,52.94660000
12.40500050,52.94660000
12.40600050,51.05191000
12.40700050,51.05191000
12.40800050,51.05191000
12.40900050,52.94660000
12.41000050,52.94660000
12.41100050,52.94660000
12.41200050,52.94660000
12.41300050,52.94660000
12.41400050,52.94660000
12.41500050,52.94660000
12.41600050,52.94660000
12.41700050,52.94660000
12.41800050,52.94660000
12.41900050,52.94660000
12.42000050,52.94660000
12.42100050,52.94660000
12.42200050,52.94660000
12.42300050,52.94660000
12.42400050,52.94660000
12.42500050,54.83513000
12.42600050,54.83513000
12.42700050,54.83513000
12.42800050,52.94660000
12.42900050,52.94660000
12.43000050,52.94660000
12.43100050,54.83513000
12.43200050,52.94660000
12.43300050,52.94660000
12.43400050,52.94660000
12.43500050,52.94660000
12.43600050,54.83513000
12.43700050,54.83513000
12.43800050,54.83513000
12.43900050,54.83513000
12.44000050,52.94660000
12.44100050,52.94660000
12.44200050,52.94660000
12.44300050,52.94660000
12.44400050,52.94660000
12.44500050,52.94660000
12.44600050,54.83513000
12.44700050,54.83513000
12.44800050,52.94660000
12.44900050,52.94660000
12.45000050,52.94660000
12.45100050,52.94660000
12.45200050,52.94660000
12.45300050,52.94660000
12.45400050,52.94660000
12.45500050,52.94660000
12.45600050,52.94660000
12.45700050,52.94660000
12.45800050,52.94660000
12.45900050,52.94660000
12.46000050,52.94660000
12.46100050,52.94660000
12.46200050,51.05191000
12.46300050,52.94660000
12.46400050,52.94660000
12.46500050,52.94660000
12.46600050,52.94660000
12.46700050,52.94660000
12.46800050,52.94660000
12.46900050,52.94660000
12.47000050,51.05191000
12.47100050,51.05191000
12.47200050,51.05191000
12.47300050,51.05191000
12.47400050,51.05191000
12.47500050,52.94660000
12.47600050,52.94660000
12.47700050,52.94660000
12.47800050,52.94660000
12.47900050,52.94660000
12.48000050,52.94660000
12.48100050,51.05191000
12.48200050,52.94660000
12.48300050,51.05191000
12.48400050,51.05191000
12.48500050,52.94660000
12.48600050,52.94660000
12.48700050,52.94660000
12.48800050,52.94660000
12.48900050,52.94660000
12.49000050,52.94660000
12.49100050,52.94660000
12.49200050,52.94660000
12.49300050,52.94660000
12.49400050,52.94660000
12.49500050,52.94660000
12.49600050,52.94660000
12.49700050,52.94660000
12.49800050,52.94660000
12.49900050,52.94660000
12.50000050,52.94660000
12.50100050,54.83513000
12.50200050,54.83513000
12.50300050,54.83513000
12.50400050,54.83513000
12.50500050,52.94660000
12.50600050,52.94660000
12.50700050,54.83513000
12.50800050,54.83513000
12.50900050,54.83513000
12.51000050,54.83513000
12.51100050,54.83513000
12.51200050,54.83513000
12.51300050,54.83513000
12.51400050,52.94660000
12.51500050,52.94660000
12.51600050,52.94660000
12.51700050,52.94660000
12.51800050,54.83513000
12.51900050,54.83513000
12.52000050,54.83513000
12.52100050,54.83513000
12.52200050,54.83513000
12.52300050,54.83513000
12.52400050,54.83513000
12.52500050,52.94660000
12.52600050,52.94660000
12.52700050,52.94660000
12.52800050,54.83513000
12.52900050,54.83513000
12.53000050,54.83513000
12.53100050,54.83513000
12.53200050,52.94660000
12.53300050,52.94660000
12.53400050,52.94660000
12.53500050,52.94660000
12.53600050,52.94660000
12.53700050,52.94660000
12.53800050,52.94660000
12.53900050,54.83513000
12.54000050,52.94660000
12.54100050,52.94660000
12.54200050,52.94660000
12.54300050,52.94660000
12.54400050,52.94660000
12.54500050,52.94660000
12.54600050,52.94660000
12.54700050,52.94660000
12.54800050,52.94660000
12.54900050,52.94660000
12.55000050,52.94660000
12.55100050,52.94660000
12.55200050,52.94660000
12.55300050,52.94660000
12.55400050,52.94660000
12.55500050,52.94660000
12.55600050,52.94660000
12.55700050,54.83513000
12.55800050,54.83513000
12.55900050,54.83513000
12.56000050,52.94660000
12.56100050,52.94660000
12.56200050,52.94660000
12.56300050,52.94660000
12.56400050,52.94660000
12.56500050,54.83513000
12.56600050,54.83513000
12.56700050,54.83513000
12.56800050,54.83513000
12.56900050,54.83513000
12.57000050,54.83513000
12.57100050,54.83513000
12.57200050,52.94660000
12.57300050,54.83513000
12.57400050,54.83513000
12.57500050,54.83513000
12.57600050,54.83513000
12.57700050,54.83513000
12.57800050,54.83513000
12.57900050,54.83513000
12.58000050,54.83513000
12.58100050,52.94660000
12.58200050,52.94660000
12.58300050,54.83513000
12.58400050,54.83513000
12.58500050,54.83513000
12.58600050,56.72982000
12.58700050,56.72982000
12.58800050,54.83513000
12.58900050,54.83513000
12.59000050,54.83513000
12.59100050,54.83513000
12.59200050,52.94660000
12.59300050,54.83513000
12.59400050,54.83513000
12.59500050,54.83513000
12.59600050,54.83513000
12.59700050,54.83513000
12.59800050,54.83513000
12.59900050,54.83513000
12.60000050,54.83513000
12.60100050,54.83513000
12.60200050,52.94660000
12.60300050,54.83513000
12.60400050,54.83513000
12.60500050,54.83513000
12.60600050,54.83513000
12.60700050,54.83513000
12.60800050,52.94660000
12.60900050,52.94660000
12.61000050,52.94660000
12.61100050,52.94660000
12.61200050,52.94660000
12.61300050,54.83513000
12.61400050,54.83513000
12.61500050,54.83513000
12.61600050,52.94660000
12.61700050,52.94660000
12.61800050,52.94660000
12.61900050,52.94660000
12.62000050,52.94660000
12.62100050,52.94660000
12.62200050,54.83513000
12.62300050,54.83513000
12.62400050,54.83513000
12.62500050,52.94660000
12.62600050,52.94660000
12.62700050,52.94660000
12.62800050,52.94660000
12.62900050,52.94660000
12.63000050,52.94660000
12.63100050,52.94660000
12.63200050,52.94660000
12.63300050,54.83513000
12.63400050,54.83513000
12.63500050,54.83513000
12.63600050,52.94660000
12.63700050,52.94660000
12.63800050,52.94660000
12.63900050,52.94660000
12.64000050,54.83513000
12.64100050,54.83513000
12.64200050,54.83513000
12.64300050,54.83513000
12.64400050,54.83513000
12.64500050,54.83513000
12.64600050,52.94660000
12.64700050,52.94660000
12.64800050,52.94660000
12.64900050,52.94660000
12.65000050,54.83513000
12.65100050,54.83513000
12.65200050,54.83513000
12.65300050,54.83513000
12.65400050,54.83513000
12.65500050,54.83513000
12.65600050,54.83513000
12.65700050,54.83513000
12.65800050,54.83513000
12.65900050,54.83513000
12.66000050,54.83513000
12.66100050,54.83513000
12.66200050,54.83513000
12.66300050,54.83513000
12.66400050,54.83513000
12.66500050,54.83513000
12.66600050,54.83513000
12.66700050,54.83513000
12.66800050,54.83513000
12.66900050,54.83513000
12.67000050,54.83513000
12.67100050,54.83513000
12.67200050,54.83513000
12.67300050,54.83513000
12.67400050,54.83513000
12.67500050,54.83513000
12.67600050,52.94660000
12.67700050,54.83513000
12.67800050,52.94660000
12.67900050,54.83513000
12.68000050,54.83513000
12.68100050,52.94660000
12.68200050,52.94660000
12.68300050,52.94660000
12.68400050,52.94660000
12.68500050,52.94660000
12.68600050,52.94660000
12.68700050,52.94660000
12.68800050,52.94660000
12.68900050,52.94660000
12.69000050,54.83513000
12.69100050,54.83513000
12.69200050,52.94660000
12.69300050,52.94660000
12.69400050,52.94660000
12.69500050,52.94660000
12.69600050,52.94660000
12.69700050,54.83513000
12.69800050,54.83513000
12.69900050,52.94660000
12.70000050,52.94660000
12.70100050,52.94660000
12.70200050,52.94660000
12.70300050,52.94660000
12.70400050,52.94660000
12.70500050,52.94660000
12.70600050,52.94660000
12.70700050,54.83513000
12.70800050,54.83513000
12.70900050,54.83513000
12.71000050,52.94660000
12.71100050,52.94660000
12.71200050,52.94660000
12.71300050,52.94660000
12.71400050,54.83513000
12.71500050,54.83513000
12.71600050,54.83513000
12.71700050,54.83513000
12.71800050,54.83513000
12.71900050,56.72982000
12.72000050,54.83513000
12.72100050,54.83513000
12.72200050,54.83513000
12.72300050,54.83513000
12.72400050,54.83513000
12.72500050,54.83513000
12.72600050,54.83513000
12.72700050,54.83513000
12.72800050,54.83513000
12.72900050,54.83513000
12.73000050,54.83513000
12.73100050,54.83513000
12.73200050,54.83513000
12.73300049,54.83513000
12.73400049,54.83513000
12.73500049,54.83513000
12.73600049,54.83513000
12.73700049,54.83513000
12.73800049,54.83513000
12.73900049,54.83513000
12.74000049,54.83513000
12.74100049,54.83513000
12.74200049,54.83513000
12.74300049,54.83513000
12.74400049,54.83513000
12.74500049,54.83513000
12.74600049,52.94660000
12.74700049,52.94660000
12.74800049,52.94660000
12.74900049,52.94660000
12.75000049,52.94660000
12.75100049,52.94660000
12.75200049,52.94660000
12.75300049,52.94660000
12.75400049,52.94660000
12.75500049,52.94660000
12.75600049,52.94660000
12.75700049,52.94660000
12.75800049,51.05191000
12.75900049,52.94660000
12.76000049,52.94660000
12.76100049,52.94660000
12.76200049,52.94660000
12.76300049,52.94660000
12.76400049,52.94660000
12.76500049,52.94660000
12.76600049,52.94660000
12.76700049,52.94660000
12.76800049,52.94660000
12.76900049,52.94660000
12.77000049,52.94660000
12.77100049,52.94660000
12.77200049,52.94660000
12.77300049,52.94660000
12.77400049,52.94660000
12.77500049,54.83513000
12.77600049,52.94660000
12.77700049,52.94660000
12.77800049,52.94660000
12.77900049,52.94660000
12.78000049,54.83513000
12.78100049,54.83513000
12.78200049,54.83513000
12.78300049,54.83513000
12.78400049,54.83513000
12.78500049,54.83513000
12.78600049,54.83513000
12.78700049,54.83513000
12.78800049,54.83513000
12.78900049,54.83513000
12.79000049,54.83513000
12.79100049,54.83513000
12.79200049,54.83513000
12.79300049,54.83513000
12.79400049,54.83513000
12.79500049,54.83513000
12.79600049,54.83513000
12.79700049,54.83513000
12.79800049,54.83513000
12.79900049,52.94660000
12.80000049,52.94660000
12.80100049,52.94660000
12.80200049,52.94660000
12.80300049,52.94660000
12.80400049,51.05191000
12.80500049,51.05191000
12.80600049,51.05191000
12.80700049,52.94660000
12.80800049,52.94660000
12.80900049,51.05191000
12.81000049,51.05191000
12.81100049,51.05191000
12.81200049,49.16338000
12.81300049,49.16338000
12.81400049,49.16338000
12.81500049,49.16338000
12.81600049,49.16338000
12.81700049,51.05191000
12.81800049,51.05191000
12.81900049,49.16338000
12.82000049,49.16338000
12.82100049,47.27485000
12.82200049,45.38017000
12.82300049,47.27485000
12.82400049,47.27485000
12.82500049,47.27485000
12.82600049,49.16338000
12.82700049,51.05191000
12.82800049,51.05191000
12.82900049,51.05191000
12.83000049,51.05191000
12.83100049,51.05191000
12.83200049,49.16338000
12.83300049,47.27485000
12.83400049,49.16338000
12.83500049,49.16338000
12.83600049,49.16338000
12.83700049,51.05191000
12.83800049,51.05191000
12.83900049,51.05191000
12.84000049,51.05191000
12.84100049,51.05191000
12.84200049,51.05191000
12.84300049,51.05191000
12.84400049,49.16338000
12.84500049,49.16338000
12.84600049,49.16338000
12.84700049,51.05191000
12.84800049,51.05191000
12.84900049,51.05191000
12.85000049,51.05191000
12.85100049,51.05191000
12.85200049,51.05191000
12.85300049,51.05191000
12.85400049,51.05191000
12.85500049,51.05191000
12.85600049,51.05191000
12.85700049,51.05191000
12.85800049,51.05191000
12.85900049,51.05191000
12.86000049,51.05191000
12.86100049,52.94660000
12.86200049,52.94660000
12.86300049,54.83513000
12.86400049,54.83513000
12.86500049,54.83513000
12.86600049,52.94660000
12.86700049,52.94660000
12.86800049,51.05191000
12.86900049,51.05191000
12.87000049,52.94660000
12.87100049,52.94660000
12.87200049,54.83513000
12.87300049,54.83513000
12.87400049,54.83513000
12.87500049,54.83513000
12.87600049,52.94660000
12.87700049,52.94660000
12.87800049,51.05191000
12.87900049,51.05191000
12.88000049,52.94660000
12.88100049,54.83513000
12.88200049,54.83513000
12.88300049,54.83513000
12.88400049,54.83513000
12.88500049,52.94660000
12.88600049,52.94660000
12.88700049,51.05191000
12.88800049,49.16338000
12.88900049,49.16338000
12.89000049,49.16338000
12.89100049,51.05191000
12.89200049,51.05191000
12.89300049,52.94660000
12.89400049,51.05191000
12.89500049,51.05191000
12.89600049,51.05191000
12.89700049,49.16338000
12.89800049,49.16338000
12.89900049,49.16338000
12.90000049,49.16338000
12.90100049,49.16338000
12.90200049,51.05191000
12.90300049,51.05191000
12.90400049,51.05191000
12.90500049,51.05191000
12.90600049,49.16338000
12.90700049,47.27485000
12.90800049,47.27485000
12.90900049,49.16338000
12.91000049,49.16338000
12.91100049,51.05191000
12.91200049,51.05191000
12.91300049,51.05191000
12.91400049,51.05191000
12.91500049,51.05191000
12.91600049,51.05191000
12.91700049,51.05191000
12.91800049,51.05191000
12.91900049,52.94660000
12.92000049,52.94660000
12.92100049,52.94660000
12.92200049,52.94660000
12.92300049,52.94660000
12.92400049,52.94660000
12.92500049,52.94660000
12.92600049,52.94660000
12.92700049,52.94660000
12.92800049,52.94660000
12.92900049,54.83513000
12.93000049,54.83513000
12.93100049,54.83513000
12.93200049,54.83513000
12.93300049,54.83513000
12.93400049,52.94660000
12.93500049,54.83513000
12.93600049,54.83513000
12.93700049,54.83513000
12.93800049,54.83513000
12.93900049,54.83513000
12.94000049,54.83513000
12.94100049,54.83513000
12.94200049,54.83513000
12.94300049,54.83513000
12.94400049,52.94660000
12.94500049,52.94660000
12.94600049,54.83513000
12.94700049,54.83513000
12.94800049,54.83513000
12.94900049,56.72982000
12.95000049,56.72982000
12.95100049,56.72982000
12.95200049,54.83513000
12.95300049,52.94660000
12.95400049,52.94660000
12.95500049,52.94660000
12.95600049,54.83513000
12.95700049,54.83513000
12.95800049,56.72982000
12.95900049,58.61835000
12.96000049,56.72982000
12.96100049,56.72982000
12.96200049,54.83513000
12.96300049,54.83513000
12.96400049,54.83513000
12.96500049,54.83513000
12.96600049,54.83513000
12.96700049,56.72982000
12.96800049,56.72982000
12.96900049,56.72982000
12.97000049,56.72982000
12.97100049,56.72982000
12.97200049,54.83513000
12.97300049,54.83513000
12.97400049,52.94660000
12.97500049,54.83513000
12.97600049,54.83513000
12.97700049,54.83513000
12.97800049,54.83513000
12.97900049,54.83513000
12.98000049,54.83513000
12.98100049,52.94660000
12.98200049,52.94660000
12.98300049,51.05191000
12.98400049,51.05191000
12.98500049,52.94660000
12.98600049,52.94660000
12.98700049,54.83513000
12.98800049,52.94660000
12.98900049,52.94660000
12.99000049,51.05191000
12.99100049,52.94660000
12.99200049,52.94660000
12.99300049,52.94660000
12.99400049,54.83513000
12.99500049,54.83513000
12.99600049,52.94660000
12.99700049,51.05191000
12.99800049,51.05191000
12.99900049,49.16338000
13.00000049,49.16338000
13.00100049,49.16338000
13.00200049,51.05191000
13.00300049,51.05191000
13.00400049,51.05191000
13.00500049,51.05191000
13.00600049,49.16338000
13.00700049,51.05191000
13.00800049,51.05191000
13.00900049,49.16338000
13.01000049,49.16338000
13.01100049,49.16338000
13.01200049,51.05191000
13.01300049,52.94660000
13.01400049,52.94660000
13.01500049,54.83513000
13.01600049,54.83513000
13.01700049,54.83513000
13.01800049,54.83513000
13.01900049,52.94660000
13.02000049,52.94660000
13.02100049,52.94660000
13.02200049,52.94660000
13.02300049,54.83513000
13.02400049,54.83513000
13.02500049,56.72982000
13.02600049,54.83513000
13.02700049,54.83513000
13.02800049,56.72982000
13.02900049,56.72982000
13.03000049,54.83513000
13.03100049,52.94660000
13.03200049,52.94660000
13.03300049,54.83513000
13.03400049,54.83513000
13.03500049,52.94660000
13.03600049,52.94660000
13.03700049,52.94660000
13.03800049,52.94660000
13.03900049,52.94660000
13.04000049,51.05191000
13.04100049,51.05191000
13.04200049,51.05191000
13.04300049,51.05191000
13.04400049,49.16338000
13.04500049,49.16338000
13.04600049,49.16338000
13.04700049,51.05191000
13.04800049,51.05191000
13.04900049,51.05191000
13.05000049,51.05191000
13.05100049,51.05191000
13.05200049,51.05191000
13.05300049,51.05191000
13.05400049,51.05191000
13.05500049,51.05191000
13.05600049,49.16338000
13.05700049,47.27485000
13.05800049,49.16338000
13.05900049,49.16338000
13.06000049,49.16338000
13.06100049,51.05191000
13.06200049,49.16338000
13.06300049,49.16338000
13.06400049,47.27485000
13.06500049,47.27485000
13.06600049,49.16338000
13.06700049,51.05191000
13.06800049,51.05191000
13.06900049,52.94660000
13.07000049,52.94660000
13.07100049,52.94660000
13.07200049,52.94660000
13.07300049,52.94660000
13.07400049,52.94660000
13.07500049,52.94660000
13.07600049,52.94660000
13.07700049,52.94660000
13.07800049,51.05191000
13.07900049,52.94660000
13.08000049,52.94660000
13.08100049,51.05191000
13.08200049,51.05191000
13.08300049,49.16338000
13.08400049,49.16338000
13.08500049,49.16338000
13.08600048,51.05191000
13.08700048,51.05191000
13.08800048,51.05191000
13.08900048,51.05191000
13.09000048,51.05191000
13.09100048,51.05191000
13.09200048,52.94660000
13.09300048,52.94660000
13.09400048,52.94660000
13.09500048,54.83513000
13.09600048,54.83513000
13.09700048,52.94660000
13.09800048,52.94660000
13.09900048,52.94660000
13.10000048,52.94660000
13.10100048,52.94660000
13.10200048,51.05191000
13.10300048,51.05191000
13.10400048,51.05191000
13.10500048,51.05191000
13.10600048,51.05191000
13.10700048,51.05191000
13.10800048,51.05191000
13.10900048,51.05191000
13.11000048,51.05191000
13.11100048,51.05191000
13.11200048,51.05191000
13.11300048,51.05191000
13.11400048,52.94660000
13.11500048,52.94660000
13.11600048,52.94660000
13.11700048,52.94660000
13.11800048,52.94660000
13.11900048,54.83513000
13.12000048,54.83513000
13.12100048,54.83513000
13.12200048,52.94660000
13.12300048,52.94660000
13.12400048,51.05191000
13.12500048,51.05191000
13.12600048,51.05191000
13.12700048,51.05191000
13.12800048,49.16338000
13.12900048,49.16338000
13.13000048,49.16338000
13.13100048,49.16338000
13.13200048,49.16338000
13.13300048,49.16338000
13.13400048,49.16338000
13.13500048,49.16338000
13.13600048,49.16338000
13.13700048,49.16338000
13.13800048,49.16338000
13.13900048,49.16338000
13.14000048,51.05191000
13.14100048,51.05191000
13.14200048,51.05191000
13.14300048,52.94660000
13.14400048,52.94660000
13.14500048,52.94660000
13.14600048,52.94660000
13.14700048,51.05191000
13.14800048,51.05191000
13.14900048,51.05191000
13.15000048,51.05191000
13.15100048,51.05191000
13.15200048,51.05191000
13.15300048,51.05191000
13.15400048,51.05191000
13.15500048,49.16338000
13.15600048,49.16338000
13.15700048,49.16338000
13.15800048,49.16338000
13.15900048,51.05191000
13.16000048,51.05191000
13.16100048,51.05191000
13.16200048,51.05191000
13.16300048,52.94660000
13.16400048,52.94660000
13.16500048,52.94660000
13.16600048,52.94660000
13.16700048,52.94660000
13.16800048,51.05191000
13.16900048,51.05191000
13.17000048,51.05191000
13.17100048,52.94660000
13.17200048,51.05191000
13.17300048,51.05191000
13.17400048,49.16338000
13.17500048,49.16338000
13.17600048,49.16338000
13.17700048,49.16338000
13.17800048,49.16338000
13.17900048,49.16338000
13.18000048,49.16338000
13.18100048,51.05191000
13.18200048,51.05191000
13.18300048,51.05191000
13.18400048,51.05191000
13.18500048,51.05191000
13.18600048,51.05191000
13.18700048,52.94660000
13.18800048,52.94660000
13.18900048,54.83513000
13.19000048,54.83513000
13.19100048,54.83513000
13.19200048,54.83513000
13.19300048,52.94660000
13.19400048,52.94660000
13.19500048,52.94660000
13.19600048,52.94660000
13.19700048,52.94660000
13.19800048,52.94660000
13.19900048,54.83513000
13.20000048,52.94660000
13.20100048,52.94660000
13.20200048,52.94660000
13.20300048,52.94660000
13.20400048,52.94660000
13.20500048,52.94660000
13.20600048,52.94660000
13.20700048,54.83513000
13.20800048,54.83513000
13.20900048,54.83513000
13.21000048,54.83513000
13.21100048,54.83513000
13.21200048,54.83513000
13.21300048,54.83513000
13.21400048,52.94660000
13.21500048,52.94660000
13.21600048,51.05191000
13.21700048,51.05191000
13.21800048,52.94660000
13.21900048,52.94660000
13.22000048,51.05191000
13.22100048,51.05191000
13.22200048,49.16338000
13.22300048,49.16338000
13.22400048,49.16338000
13.22500048,49.16338000
13.22600048,49.16338000
13.22700048,49.16338000
13.22800048,51.05191000
13.22900048,51.05191000
13.23000048,49.16338000
13.23100048,49.16338000
13.23200048,51.05191000
13.23300048,51.05191000
13.23400048,51.05191000
13.23500048,51.05191000
13.23600048,51.05191000
13.23700048,51.05191000
13.23800048,51.05191000
13.23900048,51.05191000
13.24000048,51.05191000
13.24100048,51.05191000
13.24200048,51.05191000
13.24300048,51.05191000
13.24400048,52.94660000
13.24500048,52.94660000
13.24600048,52.94660000
13.24700048,51.05191000
13.24800048,51.05191000
13.24900048,51.05191000
13.25000048,49.16338000
13.25100048,51.05191000
13.25200048,51.05191000
13.25300048,52.94660000
13.25400048,52.94660000
13.25500048,54.83513000
13.25600048,54.83513000
13.25700048,52.94660000
13.25800048,52.94660000
13.25900048,52.94660000
13.26000048,52.94660000
13.26100048,51.05191000
13.26200048,51.05191000
13.26300048,52.94660000
13.26400048,52.94660000
13.26500048,52.94660000
13.26600048,52.94660000
13.26700048,51.05191000
13.26800048,49.16338000
13.26900048,49.16338000
13.27000048,47.27485000
13.27100048,47.27485000
13.27200048,47.27485000
13.27300048,47.27485000
13.27400048,49.16338000
13.27500048,49.16338000
13.27600048,49.16338000
13.27700048,49.16338000
13.27800048,49.16338000
13.27900048,49.16338000
13.28000048,47.27485000
13.28100048,47.27485000
13.28200048,47.27485000
13.28300048,47.27485000
13.28400048,47.27485000
13.28500048,47.27485000
13.28600048,47.27485000
13.28700048,47.27485000
13.28800048,45.38017000
13.28900048,43.49163000
13.29000048,43.49163000
13.29100048,43.49163000
13.29200048,43.49163000
13.29300048,43.49163000
13.29400048,43.49163000
13.29500048,45.38017000
13.29600048,43.49163000
13.29700048,43.49163000
13.29800048,43.49163000
13.29900048,43.49163000
13.30000048,43.49163000
13.30100048,43.49163000
13.30200048,45.38017000
13.30300048,45.38017000
13.30400048,45.38017000
13.30500048,45.38017000
13.30600048,43.49163000
13.30700048,43.49163000
13.30800048,43.49163000
13.30900048,45.38017000
13.31000048,45.38017000
13.31100048,47.27485000
13.31200048,47.27485000
13.31300048,47.27485000
13.31400048,47.27485000
13.31500048,45.38017000
13.31600048,45.38017000
13.31700048,45.38017000
13.31800048,47.27485000
13.31900048,47.27485000
13.32000048,47.27485000
13.32100048,47.27485000
13.32200048,47.27485000
13.32300048,47.27485000
13.32400048,47.27485000
13.32500048,47.27485000
13.32600048,47.27485000
13.32700048,47.27485000
13.32800048,47.27485000
13.32900048,47.27485000
13.33000048,49.16338000
13.33100048,49.16338000
13.33200048,49.16338000
13.33300048,49.16338000
13.33400048,47.27485000
13.33500048,47.27485000
13.33600048,47.27485000
13.33700048,47.27485000
13.33800048,47.27485000
13.33900048,49.16338000
13.34000048,49.16338000
13.34100048,49.16338000
13.34200048,47.27485000
13.34300048,47.27485000
13.34400048,45.38017000
13.34500048,45.38017000
13.34600048,45.38017000
13.34700048,45.38017000
13.34800048,47.27485000
13.34900048,47.27485000
13.35000048,47.27485000
13.35100048,47.27485000
13.35200048,47.27485000
13.35300048,45.38017000
13.35400048,45.38017000
13.35500048,45.38017000
13.35600048,45.38017000
13.35700048,45.38017000
13.35800048,45.38017000
13.35900048,47.27485000
13.36000048,45.38017000
13.36100048,45.38017000
13.36200048,45.38017000
13.36300048,45.38017000
13.36400048,45.38017000
13.36500048,45.38017000
13.36600048,45.38017000
13.36700048,45.38017000
13.36800048,45.38017000
13.36900048,45.38017000
13.37000048,45.38017000
13.37100048,45.38017000
13.37200048,45.38017000
13.37300048,45.38017000
13.37400048,45.38017000
13.37500048,47.27485000
13.37600048,47.27485000
13.37700048,47.27485000
13.37800048,47.27485000
13.37900048,45.38017000
13.38000048,45.38017000
13.38100048,45.38017000
13.38200048,45.38017000
13.38300048,45.38017000
13.38400048,45.38017000
13.38500048,47.27485000
13.38600048,47.27485000
13.38700048,47.27485000
13.38800048,47.27485000
13.38900048,47.27485000
13.39000048,47.27485000
13.39100048,47.27485000
13.39200048,45.38017000
13.39300048,45.38017000
13.39400048,47.27485000
13.39500048,47.27485000
13.39600048,49.16338000
13.39700048,49.16338000
13.39800048,49.16338000
13.39900048,49.16338000
13.40000048,49.16338000
13.40100048,49.16338000
13.40200048,47.27485000
13.40300048,47.27485000
13.40400048,47.27485000
13.40500048,49.16338000
13.40600048,49.16338000
13.40700048,49.16338000
13.40800048,49.16338000
13.40900048,47.27485000
13.41000048,47.27485000
13.41100048,47.27485000
13.41200048,47.27485000
13.41300048,47.27485000
13.41400048,45.38017000
13.41500048,47.27485000
13.41600048,45.38017000
13.41700048,45.38017000
13.41800048,45.38017000
13.41900048,45.38017000
13.42000048,45.38017000
13.42100048,47.27485000
13.42200048,47.27485000
13.42300048,47.27485000
13.42400048,47.27485000
13.42500048,45.38017000
13.42600048,45.38017000
13.42700048,45.38017000
13.42800048,45.38017000
13.42900048,45.38017000
13.43000048,45.38017000
13.43100048,45.38017000
13.43200048,47.27485000
13.43300048,47.27485000
13.43400048,45.38017000
13.43500048,45.38017000
13.43600048,45.38017000
13.43700048,45.38017000
13.43800048,45.38017000
13.43900048,45.38017000
13.44000047,45.38017000
13.44100047,45.38017000
13.44200047,47.27485000
13.44300047,47.27485000
13.44400047,45.38017000
13.44500047,45.38017000
13.44600047,45.38017000
13.44700047,47.27485000
13.44800047,45.38017000
13.44900047,45.38017000
13.45000047,45.38017000
13.45100047,45.38017000
13.45200047,45.38017000
13.45300047,45.38017000
13.45400047,45.38017000
13.45500047,45.38017000
13.45600047,45.38017000
13.45700047,45.38017000
13.45800047,45.38017000
13.45900047,45.38017000
13.46000047,45.38017000
13.46100047,45.38017000
13.46200047,45.38017000
13.46300047,45.38017000
13.46400047,45.38017000
13.46500047,45.38017000
13.46600047,45.38017000
13.46700047,45.38017000
13.46800047,45.38017000
13.46900047,47.27485000
13.47000047,45.38017000
13.47100047,47.27485000
13.47200047,45.38017000
13.47300047,45.38017000
13.47400047,45.38017000
13.47500047,45.38017000
13.47600047,47.27485000
13.47700047,47.27485000
13.47800047,45.38017000
13.47900047,45.38017000
13.48000047,45.38017000
13.48100047,45.38017000
13.48200047,45.38017000
13.48300047,45.38017000
13.48400047,45.38017000
13.48500047,45.38017000
13.48600047,45.38017000
13.48700047,45.38017000
13.48800047,45.38017000
13.48900047,43.49163000
13.49000047,43.49163000
13.49100047,43.49163000
13.49200047,43.49163000
13.49300047,43.49163000
13.49400047,43.49163000
13.49500047,45.38017000
13.49600047,45.38017000
13.49700047,45.38017000
13.49800047,45.38017000
13.49900047,45.38017000
13.50000047,45.38017000
13.50100047,45.38017000
13.50200047,43.49163000
13.50300047,43.49163000
13.50400047,43.49163000
13.50500047,43.49163000
13.50600047,43.49163000
13.50700047,43.49163000
13.50800047,43.49163000
13.50900047,43.49163000
13.51000047,43.49163000
13.51100047,43.49163000
13.51200047,43.49163000
13.51300047,43.49163000
13.51400047,43.49163000
13.51500047,43.49163000
13.51600047,43.49163000
13.51700047,43.49163000
13.51800047,43.49163000
13.51900047,45.38017000
13.52000047,45.38017000
13.52100047,45.38017000
13.52200047,45.38017000
13.52300047,45.38017000
13.52400047,43.49163000
13.52500047,43.49163000
13.52600047,43.49163000
13.52700047,43.49163000
13.52800047,43.49163000
13.52900047,43.49163000
13.53000047,43.49163000
13.53100047,43.49163000
13.53200047,43.49163000
13.53300047,45.38017000
13.53400047,45.38017000
13.53500047,45.38017000
13.53600047,43.49163000
13.53700047,43.49163000
13.53800047,43.49163000
13.53900047,43.49163000
13.54000047,41.59695000
13.54100047,43.49163000
13.54200047,43.49163000
13.54300047,43.49163000
13.54400047,43.49163000
13.54500047,43.49163000
13.54600047,43.49163000
13.54700047,43.49163000
13.54800047,43.49163000
13.54900047,43.49163000
13.55000047,43.49163000
13.55100047,43.49163000
13.55200047,43.49163000
13.55300047,43.49163000
13.55400047,43.49163000
13.55500047,43.49163000
13.55600047,43.49163000
13.55700047,43.49163000
13.55800047,43.49163000
13.55900047,43.49163000
13.56000047,43.49163000
13.56100047,43.49163000
13.56200047,43.49163000
13.56300047,43.49163000
13.56400047,41.59695000
13.56500047,41.59695000
13.56600047,41.59695000
13.56700047,41.59695000
13.56800047,41.59695000
13.56900047,43.49163000
13.57000047,43.49163000
13.57100047,43.49163000
13.57200047,43.49163000
13.57300047,43.49163000
13.57400047,43.49163000
13.57500047,43.49163000
13.57600047,41.59695000
13.57700047,41.59695000
13.57800047,43.49163000
13.57900047,43.49163000
13.58000047,45.38017000
13.58100047,45.38017000
13.58200047,45.38017000
13.58300047,43.49163000
13.58400047,41.59695000
13.58500047,41.59695000
13.58600047,41.59695000
13.58700047,41.59695000
13.58800047,43.49163000
13.58900047,43.49163000
13.59000047,45.38017000
13.59100047,45.38017000
13.59200047,45.38017000
13.59300047,43.49163000
13.59400047,43.49163000
13.59500047,43.49163000
13.59600047,43.49163000
13.59700047,43.49163000
13.59800047,43.49163000
13.59900047,43.49163000
13.60000047,43.49163000
13.60100047,43.49163000
13.60200047,43.49163000
13.60300047,43.49163000
13.60400047,43.49163000
13.60500047,43.49163000
13.60600047,41.59695000
13.60700047,43.49163000
13.60800047,43.49163000
13.60900047,43.49163000
13.61000047,43.49163000
13.61100047,45.38017000
13.61200047,43.49163000
13.61300047,43.49163000
13.61400047,43.49163000
13.61500047,43.49163000
13.61600047,43.49163000
13.61700047,43.49163000
13.61800047,43.49163000
13.61900047,43.49163000
13.62000047,43.49163000
13.62100047,43.49163000
13.62200047,41.59695000
13.62300047,41.59695000
13.62400047,41.59695000
13.62500047,41.59695000
13.62600047,43.49163000
13.62700047,43.49163000
13.62800047,43.49163000
13.62900047,43.49163000
13.63000047,43.49163000
13.63100047,43.49163000
13.63200047,41.59695000
13.63300047,41.59695000
13.63400047,41.59695000
13.63500047,41.59695000
13.63600047,43.49163000
13.63700047,43.49163000
13.63800047,43.49163000
13.63900047,43.49163000
13.64000047,43.49163000
13.64100047,43.49163000
13.64200047,41.59695000
13.64300047,41.59695000
13.64400047,41.59695000
13.64500047,41.59695000
13.64600047,43.49163000
13.64700047,43.49163000
13.64800047,45.38017000
13.64900047,43.49163000
13.65000047,43.49163000
13.65100047,43.49163000
13.65200047,43.49163000
13.65300047,43.49163000
13.65400047,43.49163000
13.65500047,43.49163000
13.65600047,43.49163000
13.65700047,43.49163000
13.65800047,43.49163000
13.65900047,43.49163000
13.66000047,43.49163000
13.66100047,43.49163000
13.66200047,43.49163000
13.66300047,43.49163000
13.66400047,43.49163000
13.66500047,45.38017000
13.66600047,45.38017000
13.66700047,45.38017000
13.66800047,45.38017000
13.66900047,45.38017000
13.67000047,45.38017000
13.67100047,45.38017000
13.67200047,45.38017000
13.67300047,45.38017000
13.67400047,45.38017000
13.67500047,45.38017000
13.67600047,45.38017000
13.67700047,45.38017000
13.67800047,43.49163000
13.67900047,43.49163000
13.68000047,45.38017000
13.68100047,45.38017000
13.68200047,45.38017000
13.68300047,45.38017000
13.68400047,45.38017000
13.68500047,45.38017000
13.68600047,43.49163000
13.68700047,43.49163000
13.68800047,43.49163000
13.68900047,43.49163000
13.69000047,43.49163000
13.69100047,45.38017000
13.69200047,45.38017000
13.69300047,45.38017000
13.69400047,45.38017000
13.69500047,45.38017000
13.69600047,43.49163000
13.69700047,41.59695000
13.69800047,41.59695000
13.69900047,41.59695000
13.70000047,43.49163000
13.70100047,45.38017000
13.70200047,45.38017000
13.70300047,45.38017000
13.70400047,45.38017000
13.70500047,45.38017000
13.70600047,43.49163000
13.70700047,43.49163000
13.70800047,41.59695000
13.70900047,43.49163000
13.71000047,43.49163000
13.71100047,45.38017000
13.71200047,45.38017000
13.71300047,45.38017000
13.71400047,45.38017000
13.71500047,45.38017000
13.71600047,43.49163000
13.71700047,43.49163000
13.71800047,41.59695000
13.71900047,41.59695000
13.72000047,43.49163000
13.72100047,43.49163000
13.72200047,45.38017000
13.72300047,45.38017000
13.72400047,45.38017000
13.72500047,45.38017000
13.72600047,43.49163000
13.72700047,45.38017000
13.72800047,43.49163000
13.72900047,43.49163000
13.73000047,43.49163000
13.73100047,45.38017000
13.73200047,45.38017000
13.73300047,45.38017000
13.73400047,45.38017000
13.73500047,45.38017000
13.73600047,45.38017000
13.73700047,45.38017000
13.73800047,45.38017000
13.73900047,45.38017000
13.74000047,43.49163000
13.74100047,45.38017000
13.74200047,45.38017000
13.74300047,45.38017000
13.74400047,43.49163000
13.74500047,43.49163000
13.74600047,43.49163000
13.74700047,45.38017000
13.74800047,45.38017000
13.74900047,45.38017000
13.75000047,45.38017000
13.75100047,45.38017000
13.75200047,43.49163000
13.75300047,43.49163000
13.75400047,45.38017000
13.75500047,45.38017000
13.75600047,43.49163000
13.75700047,45.38017000
13.75800047,45.38017000
13.75900047,47.27485000
13.76000047,47.27485000
13.76100047,45.38017000
13.76200047,45.38017000
13.76300047,45.38017000
13.76400047,43.49163000
13.76500047,43.49163000
13.76600047,43.49163000
13.76700047,45.38017000
13.76800047,45.38017000
13.76900047,45.38017000
13.77000047,45.38017000
13.77100047,45.38017000
13.77200047,45.38017000
13.77300047,45.38017000
13.77400047,45.38017000
13.77500047,45.38017000
13.77600047,43.49163000
13.77700047,43.49163000
13.77800047,43.49163000
13.77900047,45.38017000
13.78000047,45.38017000
13.78100047,45.38017000
13.78200047,45.38017000
13.78300047,45.38017000
13.78400047,45.38017000
13.78500047,43.49163000
13.78600047,43.49163000
13.78700047,43.49163000
13.78800047,43.49163000
13.78900047,43.49163000
13.79000047,43.49163000
13.79100047,45.38017000
13.79200047,45.38017000
13.79300047,45.38017000
13.79400046,43.49163000
13.79500046,43.49163000
13.79600046,43.49163000
13.79700046,43.49163000
13.79800046,43.49163000
13.79900046,43.49163000
13.80000046,43.49163000
13.80100046,43.49163000
13.80200046,45.38017000
13.80300046,45.38017000
13.80400046,45.38017000
13.80500046,45.38017000
13.80600046,45.38017000
13.80700046,43.49163000
13.80800046,43.49163000
13.80900046,43.49163000
13.81000046,43.49163000
13.81100046,45.38017000
13.81200046,45.38017000
13.81300046,45.38017000
13.81400046,45.38017000
13.81500046,47.27485000
13.81600046,47.27485000
13.81700046,45.38017000
13.81800046,43.49163000
13.81900046,43.49163000
13.82000046,43.49163000
13.82100046,45.38017000
13.82200046,45.38017000
13.82300046,47.27485000
13.82400046,47.27485000
13.82500046,47.27485000
13.82600046,47.27485000
13.82700046,45.38017000
13.82800046,45.38017000
13.82900046,45.38017000
13.83000046,45.38017000
13.83100046,45.38017000
13.83200046,45.38017000
13.83300046,45.38017000
13.83400046,47.27485000
13.83500046,47.27485000
13.83600046,47.27485000
13.83700046,47.27485000
13.83800046,45.38017000
13.83900046,45.38017000
13.84000046,45.38017000
13.84100046,45.38017000
13.84200046,45.38017000
13.84300046,45.38017000
13.84400046,45.38017000
13.84500046,45.38017000
13.84600046,45.38017000
13.84700046,47.27485000
13.84800046,45.38017000
13.84900046,45.38017000
13.85000046,45.38017000
13.85100046,43.49163000
13.85200046,43.49163000
13.85300046,45.38017000
13.85400046,45.38017000
13.85500046,47.27485000
13.85600046,45.38017000
13.85700046,45.38017000
13.85800046,45.38017000
13.85900046,45.38017000
13.86000046,45.38017000
13.86100046,45.38017000
13.86200046,45.38017000
13.86300046,43.49163000
13.86400046,43.49163000
13.86500046,43.49163000
13.86600046,45.38017000
13.86700046,45.38017000
13.86800046,47.27485000
13.86900046,47.27485000
13.87000046,45.38017000
13.87100046,45.38017000
13.87200046,43.49163000
13.87300046,43.49163000
13.87400046,43.49163000
13.87500046,45.38017000
13.87600046,45.38017000
13.87700046,47.27485000
13.87800046,47.27485000
13.87900046,47.27485000
13.88000046,45.38017000
13.88100046,45.38017000
13.88200046,43.49163000
13.88300046,43.49163000
13.88400046,43.49163000
13.88500046,43.49163000
13.88600046,45.38017000
13.88700046,45.38017000
13.88800046,45.38017000
13.88900046,47.27485000
13.89000046,47.27485000
13.89100046,45.38017000
13.89200046,45.38017000
13.89300046,43.49163000
13.89400046,43.49163000
13.89500046,45.38017000
13.89600046,45.38017000
13.89700046,45.38017000
13.89800046,45.38017000
13.89900046,45.38017000
13.90000046,45.38017000
13.90100046,45.38017000
13.90200046,45.38017000
13.90300046,45.38017000
13.90400046,43.49163000
13.90500046,43.49163000
13.90600046,43.49163000
13.90700046,45.38017000
13.90800046,45.38017000
13.90900046,45.38017000
13.91000046,45.38017000
13.91100046,45.38017000
13.91200046,45.38017000
13.91300046,45.38017000
13.91400046,45.38017000
13.91500046,45.38017000
13.91600046,45.38017000
13.91700046,45.38017000
13.91800046,45.38017000
13.91900046,45.38017000
13.92000046,45.38017000
13.92100046,45.38017000
13.92200046,45.38017000
13.92300046,45.38017000
13.92400046,45.38017000
13.92500046,45.38017000
13.92600046,45.38017000
13.92700046,45.38017000
13.92800046,43.49163000
13.92900046,43.49163000
13.93000046,43.49163000
13.93100046,43.49163000
13.93200046,45.38017000
13.93300046,45.38017000
13.93400046,45.38017000
13.93500046,45.38017000
13.93600046,45.38017000
13.93700046,45.38017000
13.93800046,45.38017000
13.93900046,43.49163000
13.94000046,43.49163000
13.94100046,43.49163000
13.94200046,43.49163000
13.94300046,45.38017000
13.94400046,45.38017000
13.94500046,45.38017000
13.94600046,45.38017000
13.94700046,45.38017000
13.94800046,43.49163000
13.94900046,43.49163000
13.95000046,43.49163000
13.95100046,43.49163000
13.95200046,43.49163000
13.95300046,45.38017000
13.95400046,45.38017000
13.95500046,45.38017000
13.95600046,43.49163000
13.95700046,43.49163000
13.95800046,43.49163000
13.95900046,43.49163000
13.96000046,43.49163000
13.96100046,43.49163000
13.96200046,43.49163000
13.96300046,45.38017000
13.96400046,45.38017000
13.96500046,45.38017000
13.96600046,45.38017000
13.96700046,45.38017000
13.96800046,43.49163000
13.96900046,43.49163000
13.97000046,43.49163000
13.97100046,45.38017000
13.97200046,45.38017000
13.97300046,45.38017000
13.97400046,45.38017000
13.97500046,45.38017000
13.97600046,45.38017000
13.97700046,43.49163000
13.97800046,43.49163000
13.97900046,43.49163000
13.98000046,45.38017000
13.98100046,45.38017000
13.98200046,45.38017000
13.98300046,45.38017000
13.98400046,45.38017000
13.98500046,45.38017000
13.98600046,45.38017000
13.98700046,43.49163000
13.98800046,43.49163000
13.98900046,45.38017000
13.99000046,45.38017000
13.99100046,45.38017000
13.99200046,45.38017000
13.99300046,45.38017000
13.99400046,45.38017000
13.99500046,45.38017000
13.99600046,43.49163000
13.99700046,43.49163000
13.99800046,43.49163000
13.99900046,45.38017000
14.00000046,45.38017000
14.00100046,45.38017000
14.00200046,45.38017000
14.00300046,45.38017000
14.00400046,45.38017000
14.00500046,43.49163000
14.00600046,43.49163000
14.00700046,43.49163000
14.00800046,43.49163000
14.00900046,43.49163000
14.01000046,43.49163000
14.01100046,45.38017000
14.01200046,45.38017000
14.01300046,43.49163000
14.01400046,43.49163000
14.01500046,43.49163000
14.01600046,43.49163000
14.01700046,43.49163000
14.01800046,43.49163000
14.01900046,43.49163000
14.02000046,43.49163000
14.02100046,43.49163000
14.02200046,43.49163000
14.02300046,43.49163000
14.02400046,43.49163000
14.02500046,43.49163000
14.02600046,43.49163000
14.02700046,43.49163000
14.02800046,43.49163000
14.02900046,43.49163000
14.03000046,43.49163000
14.03100046,45.38017000
14.03200046,43.49163000
14.03300046,43.49163000
14.03400046,41.59695000
14.03500046,41.59695000
14.03600046,43.49163000
14.03700046,43.49163000
14.03800046,43.49163000
14.03900046,43.49163000
14.04000046,43.49163000
14.04100046,43.49163000
14.04200046,45.38017000
14.04300046,45.38017000
14.04400046,43.49163000
14.04500046,43.49163000
14.04600046,43.49163000
14.04700046,45.38017000
14.04800046,43.49163000
14.04900046,43.49163000
14.05000046,43.49163000
14.05100046,43.49163000
14.05200046,43.49163000
14.05300046,43.49163000
14.05400046,43.49163000
14.05500046,43.49163000
14.05600046,43.49163000
14.05700046,43.49163000
14.05800046,45.38017000
14.05900046,43.49163000
14.06000046,43.49163000
14.06100046,43.49163000
14.06200046,43.49163000
14.06300046,43.49163000
14.06400046,45.38017000
14.06500046,45.38017000
14.06600046,43.49163000
14.06700046,43.49163000
14.06800046,43.49163000
14.06900046,43.49163000
14.07000046,41.59695000
14.07100046,41.59695000
14.07200046,41.59695000
14.07300046,43.49163000
14.07400046,43.49163000
14.07500046,43.49163000
14.07600046,43.49163000
14.07700046,43.49163000
14.07800046,43.49163000
14.07900046,43.49163000
14.08000046,41.59695000
14.08100046,41.59695000
14.08200046,41.59695000
14.08300046,41.59695000
14.08400046,41.59695000
14.08500046,41.59695000
14.08600046,41.59695000
14.08700046,41.59695000
14.08800046,41.59695000
14.08900046,41.59695000
14.09000046,41.59695000
14.09100046,41.59695000
14.09200046,41.59695000
14.09300046,41.59695000
14.09400046,41.59695000
14.09500046,41.59695000
14.09600046,41.59695000
14.09700046,41.59695000
14.09800046,41.59695000
14.09900046,41.59695000
14.10000046,41.59695000
14.10100046,41.59695000
14.10200046,41.59695000
14.10300046,41.59695000
14.10400046,41.59695000
14.10500046,41.59695000
14.10600046,41.59695000
14.10700046,41.59695000
14.10800046,41.59695000
14.10900046,41.59695000
14.11000046,41.59695000
14.11100046,41.59695000
14.11200046,41.59695000
14.11300046,41.59695000
14.11400046,41.59695000
14.11500046,41.59695000
14.11600046,41.59695000
14.11700046,41.59695000
14.11800046,41.59695000
14.11900046,43.49163000
14.12000046,43.49163000
14.12100046,43.49163000
14.12200046,43.49163000
14.12300046,41.59695000
14.12400046,41.59695000
14.12500046,41.59695000
14.12600046,41.59695000
14.12700046,41.59695000
14.12800046,41.59695000
14.12900046,41.59695000
14.13000046,41.59695000
14.13100046,43.49163000
14.13200046,41.59695000
14.13300046,41.59695000
14.13400046,41.59695000
14.13500046,41.59695000
14.13600046,41.59695000
14.13700046,41.59695000
14.13800046,41.59695000
14.13900046,39.70842000
14.14000046,39.70842000
14.14100046,41.59695000
14.14200046,41.59695000
14.14300046,41.59695000
14.14400046,41.59695000
14.14500046,39.70842000
14.14600046,39.70842000
14.14700045,39.70842000
14.14800045,39.70842000
14.14900045,39.70842000
14.15000045,39.70842000
14.15100045,39.70842000
14.15200045,39.70842000
14.15300045,39.70842000
14.15400045,39.70842000
14.15500045,39.70842000
14.15600045,39.70842000
14.15700045,39.70842000
14.15800045,39.70842000
14.15900045,39.70842000
14.16000045,39.70842000
14.16100045,37.81988000
14.16200045,37.81988000
14.16300045,39.70842000
14.16400045,39.70842000
14.16500045,39.70842000
14.16600045,39.70842000
14.16700045,39.70842000
14.16800045,39.70842000
14.16900045,39.70842000
14.17000045,39.70842000
14.17100045,39.70842000
14.17200045,39.70842000
14.17300045,39.70842000
14.17400045,39.70842000
14.17500045,41.59695000
14.17600045,39.70842000
14.17700045,39.70842000
14.17800045,39.70842000
14.17900045,39.70842000
14.18000045,37.81988000
14.18100045,37.81988000
14.18200045,37.81988000
14.18300045,37.81988000
14.18400045,37.81988000
14.18500045,39.70842000
14.18600045,39.70842000
14.18700045,39.70842000
14.18800045,39.70842000
14.18900045,39.70842000
14.19000045,37.81988000
14.19100045,39.70842000
14.19200045,39.70842000
14.19300045,39.70842000
14.19400045,39.70842000
14.19500045,39.70842000
14.19600045,39.70842000
14.19700045,39.70842000
14.19800045,37.81988000
14.19900045,37.81988000
14.20000045,37.81988000
14.20100045,39.70842000
14.20200045,39.70842000
14.20300045,39.70842000
14.20400045,39.70842000
14.20500045,39.70842000
14.20600045,37.81988000
14.20700045,37.81988000
14.20800045,37.81988000
14.20900045,37.81988000
14.21000045,37.81988000
14.21100045,39.70842000
14.21200045,39.70842000
14.21300045,39.70842000
14.21400045,39.70842000
14.21500045,39.70842000
14.21600045,37.81988000
14.21700045,37.81988000
14.21800045,37.81988000
14.21900045,37.81988000
14.22000045,37.81988000
14.22100045,37.81988000
14.22200045,39.70842000
14.22300045,39.70842000
14.22400045,37.81988000
14.22500045,37.81988000
14.22600045,37.81988000
14.22700045,37.81988000
14.22800045,35.92520000
14.22900045,37.81988000
14.23000045,37.81988000
14.23100045,39.70842000
14.23200045,39.70842000
14.23300045,37.81988000
14.23400045,37.81988000
14.23500045,35.92520000
14.23600045,35.92520000
14.23700045,35.92520000
14.23800045,35.92520000
14.23900045,35.92520000
14.24000045,37.81988000
14.24100045,37.81988000
14.24200045,37.81988000
14.24300045,37.81988000
14.24400045,35.92520000
14.24500045,35.92520000
14.24600045,35.92520000
14.24700045,35.92520000
14.24800045,35.92520000
14.24900045,35.92520000
14.25000045,35.92520000
14.25100045,37.81988000
14.25200045,37.81988000
14.25300045,37.81988000
14.25400045,35.92520000
14.25500045,34.03666000
14.25600045,34.03666000
14.25700045,34.03666000
14.25800045,34.03666000
14.25900045,35.92520000
14.26000045,35.92520000
14.26100045,35.92520000
14.26200045,37.81988000
14.26300045,37.81988000
14.26400045,35.92520000
14.26500045,35.92520000
14.26600045,35.92520000
14.26700045,35.92520000
14.26800045,35.92520000
14.26900045,35.92520000
14.27000045,35.92520000
14.27100045,35.92520000
14.27200045,35.92520000
14.27300045,35.92520000
14.27400045,35.92520000
14.27500045,35.92520000
14.27600045,35.92520000
14.27700045,35.92520000
14.27800045,35.92520000
14.27900045,37.81988000
14.28000045,35.92520000
14.28100045,35.92520000
14.28200045,35.92520000
14.28300045,34.03666000
14.28400045,34.03666000
14.28500045,35.92520000
14.28600045,35.92520000
14.28700045,35.92520000
14.28800045,37.81988000
14.28900045,37.81988000
14.29000045,37.81988000
14.29100045,35.92520000
14.29200045,35.92520000
14.29300045,34.03666000
14.29400045,34.03666000
14.29500045,34.03666000
14.29600045,34.03666000
14.29700045,34.03666000
14.29800045,34.03666000
14.29900045,35.92520000
14.30000045,34.03666000
14.30100045,34.03666000
14.30200045,34.03666000
14.30300045,34.03666000
14.30400045,34.03666000
14.30500045,34.03666000
14.30600045,34.03666000
14.30700045,34.03666000
14.30800045,32.14198000
14.30900045,32.14198000
14.31000045,32.14198000
14.31100045,32.14198000
14.31200045,32.14198000
14.31300045,32.14198000
14.31400045,34.03666000
14.31500045,34.03666000
14.31600045,34.03666000
14.31700045,34.03666000
14.31800045,32.14198000
14.31900045,30.25344000
14.32000045,28.36491000
14.32100045,28.36491000
14.32200045,28.36491000
14.32300045,30.25344000
14.32400045,30.25344000
14.32500045,32.14198000
14.32600045,32.14198000
14.32700045,32.14198000
14.32800045,30.25344000
14.32900045,30.25344000
14.33000045,28.36491000
14.33100045,28.36491000
14.33200045,28.36491000
14.33300045,28.36491000
14.33400045,28.36491000
14.33500045,30.25344000
14.33600045,32.14198000
14.33700045,32.14198000
14.33800045,30.25344000
14.33900045,28.36491000
14.34000045,28.36491000
14.34100045,28.36491000
14.34200045,28.36491000
14.34300045,30.25344000
14.34400045,30.25344000
14.34500045,30.25344000
14.34600045,30.25344000
14.34700045,30.25344000
14.34800045,30.25344000
14.34900045,30.25344000
14.35000045,28.36491000
14.35100045,30.25344000
14.35200045,30.25344000
14.35300045,30.25344000
14.35400045,30.25344000
14.35500045,32.14198000
14.35600045,32.14198000
14.35700045,32.14198000
14.35800045,30.25344000
14.35900045,30.25344000
14.36000045,30.25344000
14.36100045,30.25344000
14.36200045,30.25344000
14.36300045,32.14198000
14.36400045,30.25344000
14.36500045,30.25344000
14.36600045,30.25344000
14.36700045,30.25344000
14.36800045,30.25344000
14.36900045,30.25344000
14.37000045,30.25344000
14.37100045,30.25344000
14.37200045,30.25344000
14.37300045,28.36491000
14.37400045,28.36491000
14.37500045,28.36491000
14.37600045,28.36491000
14.37700045,28.36491000
14.37800045,28.36491000
14.37900045,28.36491000
14.38000045,28.36491000
14.38100045,28.36491000
14.38200045,28.36491000
14.38300045,28.36491000
14.38400045,28.36491000
14.38500045,26.47023000
14.38600045,26.47023000
14.38700045,24.58169000
14.38800045,26.47023000
14.38900045,26.47023000
14.39000045,26.47023000
14.39100045,28.36491000
14.39200045,28.36491000
14.39300045,28.36491000
14.39400045,26.47023000
14.39500045,26.47023000
14.39600045,26.47023000
14.39700045,26.47023000
14.39800045,28.36491000
14.39900045,28.36491000
14.40000045,30.25344000
14.40100045,30.25344000
14.40200045,30.25344000
14.40300045,30.25344000
14.40400045,28.36491000
14.40500045,28.36491000
14.40600045,28.36491000
14.40700045,30.25344000
14.40800045,30.25344000
14.40900045,30.25344000
14.41000045,32.14198000
14.41100045,32.14198000
14.41200045,32.14198000
14.41300045,32.14198000
14.41400045,30.25344000
14.41500045,30.25344000
14.41600045,30.25344000
14.41700045,30.25344000
14.41800045,30.25344000
14.41900045,32.14198000
14.42000045,32.14198000
14.42100045,32.14198000
14.42200045,30.25344000
14.42300045,30.25344000
14.42400045,30.25344000
14.42500045,30.25344000
14.42600045,28.36491000
14.42700045,30.25344000
14.42800045,30.25344000
14.42900045,30.25344000
14.43000045,30.25344000
14.43100045,28.36491000
14.43200045,28.36491000
14.43300045,26.47023000
14.43400045,26.47023000
14.43500045,26.47023000
14.43600045,26.47023000
14.43700045,26.47023000
14.43800045,28.36491000
14.43900045,28.36491000
14.44000045,26.47023000
14.44100045,26.47023000
14.44200045,24.58169000
14.44300045,24.58169000
14.44400045,24.58169000
14.44500045,24.58169000
14.44600045,24.58169000
14.44700045,26.47023000
14.44800045,26.47023000
14.44900045,26.47023000
14.45000045,26.47023000
14.45100045,24.58169000
14.45200045,24.58169000
14.45300045,24.58169000
14.45400045,24.58169000
14.45500045,24.58169000
14.45600045,24.58169000
14.45700045,26.47023000
14.45800045,26.47023000
14.45900045,26.47023000
14.46000045,26.47023000
14.46100045,26.47023000
14.46200045,24.58169000
14.46300045,24.58169000
14.46400045,24.58169000
14.46500045,24.58169000
14.46600045,26.47023000
14.46700045,26.47023000
14.46800045,26.47023000
14.46900045,26.47023000
14.47000045,26.47023000
14.47100045,26.47023000
14.47200045,26.47023000
14.47300045,26.47023000
14.47400045,26.47023000
14.47500045,26.47023000
14.47600045,26.47023000
14.47700045,28.36491000
14.47800045,28.36491000
14.47900045,28.36491000
14.48000045,28.36491000
14.48100045,26.47023000
14.48200045,26.47023000
14.48300045,26.47023000
14.48400045,26.47023000
14.48500045,26.47023000
14.48600045,26.47023000
14.48700045,28.36491000
14.48800045,28.36491000
14.48900045,30.25344000
14.49000045,30.25344000
14.49100045,30.25344000
14.49200045,28.36491000
14.49300045,28.36491000
14.49400045,28.36491000
14.49500045,26.47023000
14.49600045,26.47023000
14.49700045,28.36491000
14.49800045,28.36491000
14.49900045,30.25344000
14.50000045,30.25344000
14.50100044,30.25344000
14.50200044,30.25344000
14.50300044,30.25344000
14.50400044,30.25344000
14.50500044,30.25344000
14.50600044,28.36491000
14.50700044,30.25344000
14.50800044,30.25344000
14.50900044,30.25344000
14.51000044,32.14198000
14.51100044,32.14198000
14.51200044,32.14198000
14.51300044,32.14198000
14.51400044,32.14198000
14.51500044,32.14198000
14.51600044,30.25344000
14.51700044,30.25344000
14.51800044,28.36491000
14.51900044,30.25344000
14.52000044,30.25344000
14.52100044,30.25344000
14.52200044,32.14198000
14.52300044,32.14198000
14.52400044,32.14198000
14.52500044,32.14198000
14.52600044,32.14198000
14.52700044,32.14198000
14.52800044,30.25344000
14.52900044,30.25344000
14.53000044,30.25344000
14.53100044,30.25344000
14.53200044,30.25344000
14.53300044,28.36491000
14.53400044,30.25344000
14.53500044,30.25344000
14.53600044,30.25344000
14.53700044,30.25344000
14.53800044,28.36491000
14.53900044,28.36491000
14.54000044,28.36491000
14.54100044,26.47023000
14.54200044,26.47023000
14.54300044,28.36491000
14.54400044,28.36491000
14.54500044,28.36491000
14.54600044,30.25344000
14.54700044,30.25344000
14.54800044,28.36491000
14.54900044,28.36491000
14.55000044,26.47023000
14.55100044,26.47023000
14.55200044,26.47023000
14.55300044,26.47023000
14.55400044,26.47023000
14.55500044,26.47023000
14.55600044,26.47023000
14.55700044,28.36491000
14.55800044,28.36491000
14.55900044,28.36491000
14.56000044,26.47023000
14.56100044,24.58169000
14.56200044,24.58169000
14.56300044,24.58169000
14.56400044,24.58169000
14.56500044,24.58169000
14.56600044,26.47023000
14.56700044,28.36491000
14.56800044,28.36491000
14.56900044,28.36491000
14.57000044,28.36491000
14.57100044,26.47023000
14.57200044,26.47023000
14.57300044,26.47023000
14.57400044,26.47023000
14.57500044,26.47023000
14.57600044,26.47023000
14.57700044,26.47023000
14.57800044,26.47023000
14.57900044,26.47023000
14.58000044,26.47023000
14.58100044,26.47023000
14.58200044,28.36491000
14.58300044,28.36491000
14.58400044,28.36491000
14.58500044,28.36491000
14.58600044,26.47023000
14.58700044,26.47023000
14.58800044,26.47023000
14.58900044,26.47023000
14.59000044,26.47023000
14.59100044,26.47023000
14.59200044,26.47023000
14.59300044,28.36491000
14.59400044,28.36491000
14.59500044,28.36491000
14.59600044,26.47023000
14.59700044,26.47023000
14.59800044,26.47023000
14.59900044,26.47023000
14.60000044,26.47023000
14.60100044,26.47023000
14.60200044,26.47023000
14.60300044,26.47023000
14.60400044,28.36491000
14.60500044,28.36491000
14.60600044,26.47023000
14.60700044,24.58169000
14.60800044,24.58169000
14.60900044,24.58169000
14.61000044,24.58169000
14.61100044,24.58169000
14.61200044,26.47023000
14.61300044,26.47023000
14.61400044,26.47023000
14.61500044,26.47023000
14.61600044,24.58169000
14.61700044,24.58169000
14.61800044,24.58169000
14.61900044,24.58169000
14.62000044,24.58169000
14.62100044,26.47023000
14.62200044,26.47023000
14.62300044,28.36491000
14.62400044,28.36491000
14.62500044,26.47023000
14.62600044,26.47023000
14.62700044,26.47023000
14.62800044,24.58169000
14.62900044,24.58169000
14.63000044,24.58169000
14.63100044,26.47023000
14.63200044,26.47023000
14.63300044,26.47023000
14.63400044,26.47023000
14.63500044,26.47023000
14.63600044,26.47023000
14.63700044,26.47023000
14.63800044,24.58169000
14.63900044,26.47023000
14.64000044,26.47023000
14.64100044,26.47023000
14.64200044,28.36491000
14.64300044,28.36491000
14.64400044,28.36491000
14.64500044,26.47023000
14.64600044,26.47023000
14.64700044,26.47023000
14.64800044,26.47023000
14.64900044,26.47023000
14.65000044,24.58169000
14.65100044,26.47023000
14.65200044,24.58169000
14.65300044,24.58169000
14.65400044,24.58169000
14.65500044,24.58169000
14.65600044,24.58169000
14.65700044,24.58169000
14.65800044,24.58169000
14.65900044,24.58169000
14.66000044,24.58169000
14.66100044,26.47023000
14.66200044,26.47023000
14.66300044,24.58169000
14.66400044,24.58169000
14.66500044,24.58169000
14.66600044,24.58169000
14.66700044,24.58169000
14.66800044,24.58169000
14.66900044,24.58169000
14.67000044,24.58169000
14.67100044,26.47023000
14.67200044,24.58169000
14.67300044,24.58169000
14.67400044,24.58169000
14.67500044,24.58169000
14.67600044,24.58169000
14.67700044,24.58169000
14.67800044,26.47023000
14.67900044,26.47023000
14.68000044,24.58169000
14.68100044,24.58169000
14.68200044,24.58169000
14.68300044,22.68701000
14.68400044,22.68701000
14.68500044,22.68701000
14.68600044,24.58169000
14.68700044,24.58169000
14.68800044,26.47023000
14.68900044,26.47023000
14.69000044,26.47023000
14.69100044,24.58169000
14.69200044,24.58169000
14.69300044,24.58169000
14.69400044,22.68701000
14.69500044,24.58169000
14.69600044,24.58169000
14.69700044,24.58169000
14.69800044,26.47023000
14.69900044,26.47023000
14.70000044,26.47023000
14.70100044,24.58169000
14.70200044,24.58169000
14.70300044,24.58169000
14.70400044,24.58169000
14.70500044,24.58169000
14.70600044,24.58169000
14.70700044,24.58169000
14.70800044,24.58169000
14.70900044,24.58169000
14.71000044,24.58169000
14.71100044,24.58169000
14.71200044,24.58169000
14.71300044,24.58169000
14.71400044,26.47023000
14.71500044,26.47023000
14.71600044,24.58169000
14.71700044,24.58169000
14.71800044,24.58169000
14.71900044,24.58169000
14.72000044,24.58169000
14.72100044,24.58169000
14.72200044,24.58169000
14.72300044,24.58169000
14.72400044,24.58169000
14.72500044,26.47023000
14.72600044,26.47023000
14.72700044,26.47023000
14.72800044,26.47023000
14.72900044,24.58169000
14.73000044,24.58169000
14.73100044,26.47023000
14.73200044,26.47023000
14.73300044,26.47023000
14.73400044,26.47023000
14.73500044,26.47023000
14.73600044,26.47023000
14.73700044,26.47023000
14.73800044,26.47023000
14.73900044,24.58169000
14.74000044,24.58169000
14.74100044,24.58169000
14.74200044,24.58169000
14.74300044,26.47023000
14.74400044,26.47023000
14.74500044,26.47023000
14.74600044,26.47023000
14.74700044,26.47023000
14.74800044,24.58169000
14.74900044,24.58169000
14.75000044,26.47023000
14.75100044,26.47023000
14.75200044,26.47023000
14.75300044,28.36491000
14.75400044,28.36491000
14.75500044,28.36491000
14.75600044,28.36491000
14.75700044,28.36491000
14.75800044,26.47023000
14.75900044,26.47023000
14.76000044,26.47023000
14.76100044,28.36491000
14.76200044,28.36491000
14.76300044,30.25344000
14.76400044,30.25344000
14.76500044,30.25344000
14.76600044,30.25344000
14.76700044,30.25344000
14.76800044,28.36491000
14.76900044,28.36491000
14.77000044,28.36491000
14.77100044,28.36491000
14.77200044,30.25344000
14.77300044,30.25344000
14.77400044,30.25344000
14.77500044,30.25344000
14.77600044,30.25344000
14.77700044,28.36491000
14.77800044,28.36491000
14.77900044,28.36491000
14.78000044,28.36491000
14.78100044,28.36491000
14.78200044,28.36491000
14.78300044,28.36491000
14.78400044,28.36491000
14.78500044,28.36491000
14.78600044,28.36491000
14.78700044,28.36491000
14.78800044,28.36491000
14.78900044,28.36491000
14.79000044,28.36491000
14.79100044,28.36491000
14.79200044,26.47023000
14.79300044,26.47023000
14.79400044,26.47023000
14.79500044,26.47023000
14.79600044,26.47023000
14.79700044,26.47023000
14.79800044,26.47023000
14.79900044,28.36491000
14.80000044,28.36491000
14.80100044,28.36491000
14.80200044,26.47023000
14.80300044,26.47023000
14.80400044,26.47023000
14.80500044,24.58169000
14.80600044,24.58169000
14.80700044,26.47023000
14.80800044,26.47023000
14.80900044,26.47023000
14.81000044,28.36491000
14.81100044,28.36491000
14.81200044,26.47023000
14.81300044,26.47023000
14.81400044,24.58169000
14.81500044,26.47023000
14.81600044,26.47023000
14.81700044,26.47023000
14.81800044,26.47023000
14.81900044,26.47023000
14.82000044,26.47023000
14.82100044,26.47023000
14.82200044,26.47023000
14.82300044,26.47023000
14.82400044,26.47023000
14.82500044,26.47023000
14.82600044,26.47023000
14.82700044,26.47023000
14.82800044,26.47023000
14.82900044,28.36491000
14.83000044,28.36491000
14.83100044,28.36491000
14.83200044,28.36491000
14.83300044,28.36491000
14.83400044,26.47023000
14.83500044,26.47023000
14.83600044,26.47023000
14.83700044,26.47023000
14.83800044,26.47023000
14.83900044,26.47023000
14.84000044,26.47023000
14.84100044,26.47023000
14.84200044,26.47023000
14.84300044,28.36491000
14.84400044,28.36491000
14.84500044,28.36491000
14.84600044,26.47023000
14.84700044,26.47023000
14.84800044,26.47023000
14.84900044,24.58169000
14.85000044,24.58169000
14.85100044,24.58169000
14.85200044,24.58169000
14.85300044,24.58169000
14.85400043,26.47023000
14.85500043,26.47023000
14.85600043,26.47023000
14.85700043,24.58169000
14.85800043,22.68701000
14.85900043,22.68701000
14.86000043,22.68701000
14.86100043,22.68701000
14.86200043,24.58169000
14.86300043,24.58169000
14.86400043,24.58169000
14.86500043,24.58169000
14.86600043,24.58169000
14.86700043,22.68701000
14.86800043,22.68701000
14.86900043,22.68701000
14.87000043,20.79847000
14.87100043,22.68701000
14.87200043,22.68701000
14.87300043,22.68701000
14.87400043,24.58169000
14.87500043,24.58169000
14.87600043,24.58169000
14.87700043,24.58169000
14.87800043,24.58169000
14.87900043,24.58169000
14.88000043,24.58169000
14.88100043,26.47023000
14.88200043,26.47023000
14.88300043,28.36491000
14.88400043,28.36491000
14.88500043,28.36491000
14.88600043,26.47023000
14.88700043,26.47023000
14.88800043,26.47023000
14.88900043,26.47023000
14.89000043,24.58169000
14.89100043,24.58169000
14.89200043,26.47023000
14.89300043,26.47023000
14.89400043,28.36491000
14.89500043,28.36491000
14.89600043,28.36491000
14.89700043,28.36491000
14.89800043,28.36491000
14.89900043,28.36491000
14.90000043,28.36491000
14.90100043,28.36491000
14.90200043,28.36491000
14.90300043,28.36491000
14.90400043,28.36491000
14.90500043,28.36491000
14.90600043,30.25344000
14.90700043,30.25344000
14.90800043,28.36491000
14.90900043,28.36491000
14.91000043,26.47023000
14.91100043,26.47023000
14.91200043,26.47023000
14.91300043,26.47023000
14.91400043,26.47023000
14.91500043,28.36491000
14.91600043,28.36491000
14.91700043,30.25344000
14.91800043,30.25344000
14.91900043,30.25344000
14.92000043,28.36491000
14.92100043,28.36491000
14.92200043,26.47023000
14.92300043,26.47023000
14.92400043,24.58169000
14.92500043,24.58169000
14.92600043,24.58169000
14.92700043,26.47023000
14.92800043,28.36491000
14.92900043,30.25344000
14.93000043,30.25344000
14.93100043,30.25344000
14.93200043,28.36491000
14.93300043,26.47023000
14.93400043,24.58169000
14.93500043,24.58169000
14.93600043,24.58169000
14.93700043,24.58169000
14.93800043,26.47023000
14.93900043,28.36491000
14.94000043,30.25344000
14.94100043,30.25344000
14.94200043,30.25344000
14.94300043,30.25344000
14.94400043,26.47023000
14.94500043,24.58169000
14.94600043,24.58169000
14.94700043,24.58169000
14.94800043,24.58169000
14.94900043,26.47023000
14.95000043,28.36491000
14.95100043,30.25344000
14.95200043,30.25344000
14.95300043,30.25344000
14.95400043,30.25344000
14.95500043,30.25344000
14.95600043,28.36491000
14.95700043,28.36491000
14.95800043,28.36491000
14.95900043,26.47023000
14.96000043,26.47023000
14.96100043,26.47023000
14.96200043,26.47023000
14.96300043,28.36491000
14.96400043,28.36491000
14.96500043,30.25344000
14.96600043,30.25344000
14.96700043,30.25344000
14.96800043,28.36491000
14.96900043,28.36491000
14.97000043,28.36491000
14.97100043,28.36491000
14.97200043,28.36491000
14.97300043,28.36491000
14.97400043,28.36491000
14.97500043,28.36491000
14.97600043,28.36491000
14.97700043,30.25344000
14.97800043,30.25344000
14.97900043,30.25344000
14.98000043,28.36491000
14.98100043,28.36491000
14.98200043,26.47023000
14.98300043,26.47023000
14.98400043,26.47023000
14.98500043,26.47023000
14.98600043,26.47023000
14.98700043,26.47023000
14.98800043,28.36491000
14.98900043,28.36491000
14.99000043,28.36491000
14.99100043,28.36491000
14.99200043,28.36491000
14.99300043,28.36491000
14.99400043,28.36491000
14.99500043,26.47023000
14.99600043,24.58169000
14.99700043,24.58169000
14.99800043,24.58169000
14.99900043,24.58169000
15.00000043,24.58169000
15.00100043,24.58169000
15.00200043,24.58169000
15.00300043,26.47023000
15.00400043,26.47023000
15.00500043,28.36491000
15.00600043,28.36491000
15.00700043,26.47023000
15.00800043,24.58169000
15.00900043,24.58169000
15.01000043,24.58169000
15.01100043,24.58169000
15.01200043,26.47023000
15.01300043,28.36491000
15.01400043,28.36491000
15.01500043,30.25344000
15.01600043,30.25344000
15.01700043,30.25344000
15.01800043,28.36491000
15.01900043,26.47023000
15.02000043,26.47023000
15.02100043,26.47023000
15.02200043,26.47023000
15.02300043,26.47023000
15.02400043,26.47023000
15.02500043,28.36491000
15.02600043,28.36491000
15.02700043,28.36491000
15.02800043,28.36491000
15.02900043,28.36491000
15.03000043,28.36491000
15.03100043,30.25344000
15.03200043,30.25344000
15.03300043,30.25344000
15.03400043,30.25344000
15.03500043,28.36491000
15.03600043,28.36491000
15.03700043,28.36491000
15.03800043,28.36491000
15.03900043,28.36491000
15.04000043,28.36491000
15.04100043,28.36491000
15.04200043,30.25344000
15.04300043,30.25344000
15.04400043,30.25344000
15.04500043,28.36491000
15.04600043,28.36491000
15.04700043,28.36491000
15.04800043,28.36491000
15.04900043,28.36491000
15.05000043,28.36491000
15.05100043,28.36491000
15.05200043,28.36491000
15.05300043,30.25344000
15.05400043,28.36491000
15.05500043,28.36491000
15.05600043,28.36491000
15.05700043,26.47023000
15.05800043,26.47023000
15.05900043,26.47023000
15.06000043,26.47023000
15.06100043,26.47023000
15.06200043,26.47023000
15.06300043,28.36491000
15.06400043,28.36491000
15.06500043,28.36491000
15.06600043,28.36491000
15.06700043,28.36491000
15.06800043,26.47023000
15.06900043,26.47023000
15.07000043,26.47023000
15.07100043,28.36491000
15.07200043,28.36491000
15.07300043,26.47023000
15.07400043,26.47023000
15.07500043,26.47023000
15.07600043,26.47023000
15.07700043,26.47023000
15.07800043,26.47023000
15.07900043,26.47023000
15.08000043,26.47023000
15.08100043,26.47023000
15.08200043,28.36491000
15.08300043,28.36491000
15.08400043,28.36491000
15.08500043,28.36491000
15.08600043,28.36491000
15.08700043,28.36491000
15.08800043,28.36491000
15.08900043,28.36491000
15.09000043,28.36491000
15.09100043,26.47023000
15.09200043,26.47023000
15.09300043,26.47023000
15.09400043,28.36491000
15.09500043,28.36491000
15.09600043,28.36491000
15.09700043,28.36491000
15.09800043,30.25344000
15.09900043,30.25344000
15.10000043,28.36491000
15.10100043,28.36491000
15.10200043,28.36491000
15.10300043,28.36491000
15.10400043,28.36491000
15.10500043,28.36491000
15.10600043,28.36491000
15.10700043,30.25344000
15.10800043,30.25344000
15.10900043,30.25344000
15.11000043,30.25344000
15.11100043,30.25344000
15.11200043,28.36491000
15.11300043,28.36491000
15.11400043,28.36491000
15.11500043,28.36491000
15.11600043,28.36491000
15.11700043,28.36491000
15.11800043,28.36491000
15.11900043,28.36491000
15.12000043,28.36491000
15.12100043,28.36491000
15.12200043,28.36491000
15.12300043,28.36491000
15.12400043,28.36491000
15.12500043,28.36491000
15.12600043,30.25344000
15.12700043,28.36491000
15.12800043,28.36491000
15.12900043,26.47023000
15.13000043,26.47023000
15.13100043,26.47023000
15.13200043,26.47023000
15.13300043,28.36491000
15.13400043,28.36491000
15.13500043,30.25344000
15.13600043,30.25344000
15.13700043,30.25344000
15.13800043,28.36491000
15.13900043,28.36491000
15.14000043,26.47023000
15.14100043,26.47023000
15.14200043,26.47023000
15.14300043,28.36491000
15.14400043,28.36491000
15.14500043,28.36491000
15.14600043,26.47023000
15.14700043,28.36491000
15.14800043,28.36491000
15.14900043,28.36491000
15.15000043,26.47023000
15.15100043,26.47023000
15.15200043,26.47023000
15.15300043,26.47023000
15.15400043,28.36491000
15.15500043,28.36491000
15.15600043,28.36491000
15.15700043,28.36491000
15.15800043,28.36491000
15.15900043,28.36491000
15.16000043,26.47023000
15.16100043,26.47023000
15.16200043,26.47023000
15.16300043,26.47023000
15.16400043,26.47023000
15.16500043,28.36491000
15.16600043,28.36491000
15.16700043,28.36491000
15.16800043,28.36491000
15.16900043,28.36491000
15.17000043,26.47023000
15.17100043,26.47023000
15.17200043,26.47023000
15.17300043,26.47023000
15.17400043,26.47023000
15.17500043,28.36491000
15.17600043,28.36491000
15.17700043,28.36491000
15.17800043,30.25344000
15.17900043,30.25344000
15.18000043,28.36491000
15.18100043,28.36491000
15.18200043,28.36491000
15.18300043,28.36491000
15.18400043,26.47023000
15.18500043,26.47023000
15.18600043,26.47023000
15.18700043,28.36491000
15.18800043,28.36491000
15.18900043,28.36491000
15.19000043,28.36491000
15.19100043,28.36491000
15.19200043,28.36491000
15.19300043,26.47023000
15.19400043,26.47023000
15.19500043,26.47023000
15.19600043,26.47023000
15.19700043,26.47023000
15.19800043,26.47023000
15.19900043,28.36491000
15.20000043,28.36491000
15.20100043,28.36491000
15.20200043,28.36491000
15.20300043,26.47023000
15.20400043,26.47023000
15.20500043,26.47023000
15.20600043,26.47023000
15.20700043,26.47023000
15.20800042,26.47023000
15.20900042,26.47023000
15.21000042,26.47023000
15.21100042,26.47023000
15.21200042,26.47023000
15.21300042,26.47023000
15.21400042,26.47023000
15.21500042,28.36491000
15.21600042,28.36491000
15.21700042,28.36491000
15.21800042,28.36491000
15.21900042,26.47023000
15.22000042,26.47023000
15.22100042,26.47023000
15.22200042,26.47023000
15.22300042,26.47023000
15.22400042,26.47023000
15.22500042,26.47023000
15.22600042,28.36491000
15.22700042,28.36491000
15.22800042,28.36491000
15.22900042,28.36491000
15.23000042,28.36491000
15.23100042,28.36491000
15.23200042,28.36491000
15.23300042,28.36491000
15.23400042,28.36491000
15.23500042,28.36491000
15.23600042,28.36491000
15.23700042,28.36491000
15.23800042,28.36491000
15.23900042,26.47023000
15.24000042,26.47023000
15.24100042,26.47023000
15.24200042,26.47023000
15.24300042,26.47023000
15.24400042,28.36491000
15.24500042,28.36491000
15.24600042,28.36491000
15.24700042,28.36491000
15.24800042,28.36491000
15.24900042,28.36491000
15.25000042,26.47023000
15.25100042,26.47023000
15.25200042,26.47023000
15.25300042,26.47023000
15.25400042,26.47023000
15.25500042,28.36491000
15.25600042,28.36491000
15.25700042,28.36491000
15.25800042,26.47023000
15.25900042,26.47023000
15.26000042,26.47023000
15.26100042,26.47023000
15.26200042,24.58169000
15.26300042,24.58169000
15.26400042,24.58169000
15.26500042,26.47023000
15.26600042,26.47023000
15.26700042,26.47023000
15.26800042,26.47023000
15.26900042,26.47023000
15.27000042,24.58169000
15.27100042,26.47023000
15.27200042,26.47023000
15.27300042,26.47023000
15.27400042,26.47023000
15.27500042,26.47023000
15.27600042,26.47023000
15.27700042,26.47023000
15.27800042,24.58169000
15.27900042,24.58169000
15.28000042,24.58169000
15.28100042,24.58169000
15.28200042,26.47023000
15.28300042,26.47023000
15.28400042,26.47023000
15.28500042,26.47023000
15.28600042,24.58169000
15.28700042,24.58169000
15.28800042,24.58169000
15.28900042,26.47023000
15.29000042,26.47023000
15.29100042,26.47023000
15.29200042,26.47023000
15.29300042,26.47023000
15.29400042,26.47023000
15.29500042,26.47023000
15.29600042,24.58169000
15.29700042,24.58169000
15.29800042,26.47023000
15.29900042,26.47023000
15.30000042,28.36491000
15.30100042,28.36491000
15.30200042,28.36491000
15.30300042,28.36491000
15.30400042,28.36491000
15.30500042,26.47023000
15.30600042,26.47023000
15.30700042,26.47023000
15.30800042,26.47023000
15.30900042,28.36491000
15.31000042,28.36491000
15.31100042,28.36491000
15.31200042,28.36491000
15.31300042,28.36491000
15.31400042,26.47023000
15.31500042,26.47023000
15.31600042,24.58169000
15.31700042,24.58169000
15.31800042,24.58169000
15.31900042,26.47023000
15.32000042,26.47023000
15.32100042,28.36491000
15.32200042,28.36491000
15.32300042,28.36491000
15.32400042,26.47023000
15.32500042,26.47023000
15.32600042,24.58169000
15.32700042,24.58169000
15.32800042,24.58169000
15.32900042,26.47023000
15.33000042,26.47023000
15.33100042,26.47023000
15.33200042,26.47023000
15.33300042,24.58169000
15.33400042,24.58169000
15.33500042,24.58169000
15.33600042,24.58169000
15.33700042,24.58169000
15.33800042,24.58169000
15.33900042,24.58169000
15.34000042,24.58169000
15.34100042,26.47023000
15.34200042,24.58169000
15.34300042,24.58169000
15.34400042,24.58169000
15.34500042,22.68701000
15.34600042,24.58169000
15.34700042,24.58169000
15.34800042,24.58169000
15.34900042,26.47023000
15.35000042,24.58169000
15.35100042,26.47023000
15.35200042,24.58169000
15.35300042,24.58169000
15.35400042,24.58169000
15.35500042,24.58169000
15.35600042,24.58169000
15.35700042,24.58169000
15.35800042,26.47023000
15.35900042,26.47023000
15.36000042,26.47023000
15.36100042,26.47023000
15.36200042,26.47023000
15.36300042,24.58169000
15.36400042,24.58169000
15.36500042,24.58169000
15.36600042,26.47023000
15.36700042,26.47023000
15.36800042,26.47023000
15.36900042,26.47023000
15.37000042,24.58169000
15.37100042,24.58169000
15.37200042,24.58169000
15.37300042,24.58169000
15.37400042,24.58169000
15.37500042,26.47023000
15.37600042,26.47023000
15.37700042,26.47023000
15.37800042,28.36491000
15.37900042,26.47023000
15.38000042,26.47023000
15.38100042,26.47023000
15.38200042,24.58169000
15.38300042,26.47023000
15.38400042,26.47023000
15.38500042,26.47023000
15.38600042,26.47023000
15.38700042,26.47023000
15.38800042,26.47023000
15.38900042,26.47023000
15.39000042,24.58169000
15.39100042,24.58169000
15.39200042,24.58169000
15.39300042,24.58169000
15.39400042,24.58169000
15.39500042,24.58169000
15.39600042,24.58169000
15.39700042,26.47023000
15.39800042,24.58169000
15.39900042,24.58169000
15.40000042,24.58169000
15.40100042,24.58169000
15.40200042,24.58169000
15.40300042,24.58169000
15.40400042,24.58169000
15.40500042,24.58169000
15.40600042,24.58169000
15.40700042,24.58169000
15.40800042,24.58169000
15.40900042,24.58169000
15.41000042,24.58169000
15.41100042,22.68701000
15.41200042,22.68701000
15.41300042,22.68701000
15.41400042,24.58169000
15.41500042,24.58169000
15.41600042,24.58169000
15.41700042,24.58169000
15.41800042,24.58169000
15.41900042,24.58169000
15.42000042,24.58169000
15.42100042,24.58169000
15.42200042,24.58169000
15.42300042,26.47023000
15.42400042,26.47023000
15.42500042,26.47023000
15.42600042,24.58169000
15.42700042,24.58169000
15.42800042,24.58169000
15.42900042,24.58169000
15.43000042,24.58169000
15.43100042,24.58169000
15.43200042,24.58169000
15.43300042,24.58169000
15.43400042,24.58169000
15.43500042,24.58169000
15.43600042,24.58169000
15.43700042,24.58169000
15.43800042,24.58169000
15.43900042,24.58169000
15.44000042,24.58169000
15.44100042,24.58169000
15.44200042,24.58169000
15.44300042,24.58169000
15.44400042,24.58169000
15.44500042,24.58169000
15.44600042,26.47023000
15.44700042,26.47023000
15.44800042,24.58169000
15.44900042,24.58169000
15.45000042,24.58169000
15.45100042,24.58169000
15.45200042,26.47023000
15.45300042,24.58169000
15.45400042,24.58169000
15.45500042,24.58169000
15.45600042,24.58169000
15.45700042,24.58169000
15.45800042,24.58169000
15.45900042,24.58169000
15.46000042,24.58169000
15.46100042,24.58169000
15.46200042,24.58169000
15.46300042,24.58169000
15.46400042,22.68701000
15.46500042,22.68701000
15.46600042,24.58169000
15.46700042,24.58169000
15.46800042,24.58169000
15.46900042,24.58169000
15.47000042,24.58169000
15.47100042,24.58169000
15.47200042,24.58169000
15.47300042,26.47023000
15.47400042,24.58169000
15.47500042,24.58169000
15.47600042,24.58169000
15.47700042,22.68701000
15.47800042,22.68701000
15.47900042,24.58169000
15.48000042,24.58169000
15.48100042,24.58169000
15.48200042,24.58169000
15.48300042,24.58169000
15.48400042,24.58169000
15.48500042,24.58169000
15.48600042,24.58169000
15.48700042,24.58169000
15.48800042,24.58169000
15.48900042,22.68701000
15.49000042,22.68701000
15.49100042,22.68701000
15.49200042,24.58169000
15.49300042,24.58169000
15.49400042,24.58169000
15.49500042,26.47023000
15.49600042,26.47023000
15.49700042,24.58169000
15.49800042,24.58169000
15.49900042,24.58169000
15.50000042,22.68701000
15.50100042,22.68701000
15.50200042,22.68701000
15.50300042,24.58169000
15.50400042,24.58169000
15.50500042,24.58169000
15.50600042,26.47023000
15.50700042,26.47023000
15.50800042,24.58169000
15.50900042,24.58169000
15.51000042,22.68701000
15.51100042,22.68701000
15.51200042,20.79847000
15.51300042,20.79847000
15.51400042,22.68701000
15.51500042,22.68701000
15.51600042,24.58169000
15.51700042,24.58169000
15.51800042,24.58169000
15.51900042,24.58169000
15.52000042,24.58169000
15.52100042,22.68701000
15.52200042,22.68701000
15.52300042,22.68701000
15.52400042,22.68701000
15.52500042,22.68701000
15.52600042,22.68701000
15.52700042,22.68701000
15.52800042,24.58169000
15.52900042,24.58169000
15.53000042,26.47023000
15.53100042,26.47023000
15.53200042,26.47023000
15.53300042,24.58169000
15.53400042,22.68701000
15.53500042,22.68701000
15.53600042,22.68701000
15.53700042,22.68701000
15.53800042,22.68701000
15.53900042,24.58169000
15.54000042,24.58169000
15.54100042,24.58169000
15.54200042,26.47023000
15.54300042,26.47023000
15.54400042,24.58169000
15.54500042,24.58169000
15.54600042,22.68701000
15.54700042,22.68701000
15.54800042,20.79847000
15.54900042,22.68701000
15.55000042,24.58169000
15.55100042,24.58169000
15.55200042,26.47023000
15.55300042,26.47023000
15.55400042,24.58169000
15.55500042,24.58169000
15.55600042,22.68701000
15.55700042,20.79847000
15.55800042,18.90994000
15.55900042,18.90994000
15.56000042,20.79847000
15.56100041,20.79847000
15.56200041,22.68701000
15.56300041,24.58169000
15.56400041,24.58169000
15.56500041,24.58169000
15.56600041,22.68701000
15.56700041,20.79847000
15.56800041,18.90994000
15.56900041,18.90994000
15.57000041,18.90994000
15.57100041,18.90994000
15.57200041,20.79847000
15.57300041,22.68701000
15.57400041,22.68701000
15.57500041,22.68701000
15.57600041,22.68701000
15.57700041,22.68701000
15.57800041,20.79847000
15.57900041,20.79847000
15.58000041,18.90994000
15.58100041,18.90994000
15.58200041,18.90994000
15.58300041,20.79847000
15.58400041,20.79847000
15.58500041,20.79847000
15.58600041,22.68701000
15.58700041,22.68701000
15.58800041,22.68701000
15.58900041,22.68701000
15.59000041,20.79847000
15.59100041,18.90994000
15.59200041,18.90994000
15.59300041,17.01525000
15.59400041,18.90994000
15.59500041,20.79847000
15.59600041,22.68701000
15.59700041,24.58169000
15.59800041,24.58169000
15.59900041,24.58169000
15.60000041,22.68701000
15.60100041,20.79847000
15.60200041,20.79847000
15.60300041,18.90994000
15.60400041,17.01525000
15.60500041,17.01525000
15.60600041,18.90994000
15.60700041,20.79847000
15.60800041,22.68701000
15.60900041,24.58169000
15.61000041,22.68701000
15.61100041,22.68701000
15.61200041,20.79847000
15.61300041,18.90994000
15.61400041,18.90994000
15.61500041,18.90994000
15.61600041,18.90994000
15.61700041,18.90994000
15.61800041,20.79847000
15.61900041,20.79847000
15.62000041,20.79847000
15.62100041,18.90994000
15.62200041,18.90994000
15.62300041,18.90994000
15.62400041,18.90994000
15.62500041,18.90994000
15.62600041,18.90994000
15.62700041,18.90994000
15.62800041,18.90994000
15.62900041,18.90994000
15.63000041,17.01525000
15.63100041,17.01525000
15.63200041,15.12672000
15.63300041,15.12672000
15.63400041,15.12672000
15.63500041,17.01525000
15.63600041,17.01525000
15.63700041,18.90994000
15.63800041,18.90994000
15.63900041,17.01525000
15.64000041,17.01525000
15.64100041,17.01525000
15.64200041,15.12672000
15.64300041,15.12672000
15.64400041,17.01525000
15.64500041,17.01525000
15.64600041,18.90994000
15.64700041,18.90994000
15.64800041,18.90994000
15.64900041,17.01525000
15.65000041,17.01525000
15.65100041,17.01525000
15.65200041,17.01525000
15.65300041,17.01525000
15.65400041,17.01525000
15.65500041,17.01525000
15.65600041,17.01525000
15.65700041,17.01525000
15.65800041,17.01525000
15.65900041,17.01525000
15.66000041,17.01525000
15.66100041,17.01525000
15.66200041,18.90994000
15.66300041,18.90994000
15.66400041,18.90994000
15.66500041,18.90994000
15.66600041,18.90994000
15.66700041,18.90994000
15.66800041,17.01525000
15.66900041,17.01525000
15.67000041,17.01525000
15.67100041,17.01525000
15.67200041,18.90994000
15.67300041,18.90994000
15.67400041,18.90994000
15.67500041,20.79847000
15.67600041,18.90994000
15.67700041,17.01525000
15.67800041,17.01525000
15.67900041,17.01525000
15.68000041,17.01525000
15.68100041,17.01525000
15.68200041,17.01525000
15.68300041,17.01525000
15.68400041,18.90994000
15.68500041,18.90994000
15.68600041,17.01525000
15.68700041,17.01525000
15.68800041,17.01525000
15.68900041,15.12672000
15.69000041,17.01525000
15.69100041,17.01525000
15.69200041,17.01525000
15.69300041,17.01525000
15.69400041,17.01525000
15.69500041,17.01525000
15.69600041,17.01525000
15.69700041,17.01525000
15.69800041,15.12672000
15.69900041,15.12672000
15.70000041,13.23204000
15.70100041,15.12672000
15.70200041,15.12672000
15.70300041,15.12672000
15.70400041,15.12672000
15.70500041,15.12672000
15.70600041,15.12672000
15.70700041,15.12672000
15.70800041,15.12672000
15.70900041,15.12672000
15.71000041,13.23204000
15.71100041,13.23204000
15.71200041,13.23204000
15.71300041,13.23204000
15.71400041,15.12672000
15.71500041,13.23204000
15.71600041,13.23204000
15.71700041,13.23204000
15.71800041,13.23204000
15.71900041,15.12672000
15.72000041,15.12672000
15.72100041,13.23204000
15.72200041,13.23204000
15.72300041,11.34350000
15.72400041,11.34350000
15.72500041,11.34350000
15.72600041,11.34350000
15.72700041,13.23204000
15.72800041,15.12672000
15.72900041,15.12672000
15.73000041,17.01525000
15.73100041,15.12672000
15.73200041,15.12672000
15.73300041,13.23204000
15.73400041,13.23204000
15.73500041,13.23204000
15.73600041,13.23204000
15.73700041,15.12672000
15.73800041,17.01525000
15.73900041,17.01525000
15.74000041,17.01525000
15.74100041,17.01525000
15.74200041,17.01525000
15.74300041,15.12672000
15.74400041,15.12672000
15.74500041,13.23204000
15.74600041,15.12672000
15.74700041,15.12672000
15.74800041,17.01525000
15.74900041,17.01525000
15.75000041,17.01525000
15.75100041,17.01525000
15.75200041,17.01525000
15.75300041,15.12672000
15.75400041,15.12672000
15.75500041,15.12672000
15.75600041,15.12672000
15.75700041,15.12672000
15.75800041,15.12672000
15.75900041,17.01525000
15.76000041,15.12672000
15.76100041,15.12672000
15.76200041,15.12672000
15.76300041,15.12672000
15.76400041,15.12672000
15.76500041,15.12672000
15.76600041,13.23204000
15.76700041,15.12672000
15.76800041,15.12672000
15.76900041,15.12672000
15.77000041,15.12672000
15.77100041,13.23204000
15.77200041,13.23204000
15.77300041,13.23204000
15.77400041,13.23204000
15.77500041,15.12672000
15.77600041,15.12672000
15.77700041,13.23204000
15.77800041,13.23204000
15.77900041,13.23204000
15.78000041,11.34350000
15.78100041,11.34350000
15.78200041,11.34350000
15.78300041,11.34350000
15.78400041,13.23204000
15.78500041,13.23204000
15.78600041,13.23204000
15.78700041,13.23204000
15.78800041,13.23204000
15.78900041,13.23204000
15.79000041,13.23204000
15.79100041,11.34350000
15.79200041,11.34350000
15.79300041,11.34350000
15.79400041,11.34350000
15.79500041,13.23204000
15.79600041,13.23204000
15.79700041,13.23204000
15.79800041,13.23204000
15.79900041,13.23204000
15.80000041,13.23204000
15.80100041,13.23204000
15.80200041,13.23204000
15.80300041,13.23204000
15.80400041,13.23204000
15.80500041,13.23204000
15.80600041,13.23204000
15.80700041,13.23204000
15.80800041,15.12672000
15.80900041,15.12672000
15.81000041,15.12672000
15.81100041,15.12672000
15.81200041,15.12672000
15.81300041,13.23204000
15.81400041,13.23204000
15.81500041,13.23204000
15.81600041,13.23204000
15.81700041,13.23204000
15.81800041,13.23204000
15.81900041,13.23204000
15.82000041,15.12672000
15.82100041,15.12672000
15.82200041,15.12672000
15.82300041,17.01525000
15.82400041,15.12672000
15.82500041,15.12672000
15.82600041,13.23204000
15.82700041,13.23204000
15.82800041,13.23204000
15.82900041,13.23204000
15.83000041,15.12672000
15.83100041,15.12672000
15.83200041,15.12672000
15.83300041,15.12672000
15.83400041,15.12672000
15.83500041,13.23204000
15.83600041,13.23204000
15.83700041,13.23204000
15.83800041,13.23204000
15.83900041,13.23204000
15.84000041,13.23204000
15.84100041,13.23204000
15.84200041,13.23204000
15.84300041,13.23204000
15.84400041,13.23204000
15.84500041,11.34350000
15.84600041,11.34350000
15.84700041,11.34350000
15.84800041,11.34350000
15.84900041,11.34350000
15.85000041,11.34350000
15.85100041,11.34350000
15.85200041,11.34350000
15.85300041,11.34350000
15.85400041,11.34350000
15.85500041,11.34350000
15.85600041,11.34350000
15.85700041,11.34350000
15.85800041,11.34350000
15.85900041,11.34350000
15.86000041,11.34350000
15.86100041,11.34350000
15.86200041,11.34350000
15.86300041,11.34350000
15.86400041,11.34350000
15.86500041,11.34350000
15.86600041,11.34350000
15.86700041,11.34350000
15.86800041,11.34350000
15.86900041,11.34350000
15.87000041,11.34350000
15.87100041,13.23204000
15.87200041,11.34350000
15.87300041,11.34350000
15.87400041,11.34350000
15.87500041,11.34350000
15.87600041,11.34350000
15.87700041,11.34350000
15.87800041,11.34350000
15.87900041,13.23204000
15.88000041,13.23204000
15.88100041,13.23204000
15.88200041,13.23204000
15.88300041,13.23204000
15.88400041,11.34350000
15.88500041,11.34350000
15.88600041,11.34350000
15.88700041,13.23204000
15.88800041,13.23204000
15.88900041,13.23204000
15.89000041,13.23204000
15.89100041,13.23204000
15.89200041,13.23204000
15.89300041,11.34350000
15.89400041,11.34350000
15.89500041,11.34350000
15.89600041,11.34350000
15.89700041,11.34350000
15.89800041,11.34350000
15.89900041,11.34350000
15.90000041,11.34350000
15.90100041,11.34350000
15.90200041,11.34350000
15.90300041,13.23204000
15.90400041,13.23204000
15.90500041,11.34350000
15.90600041,11.34350000
15.90700041,11.34350000
15.90800041,11.34350000
15.90900041,11.34350000
15.91000041,9.45496900
15.91100041,11.34350000
15.91200041,11.34350000
15.91300041,11.34350000
15.91400041,11.34350000
15.91500040,11.34350000
15.91600040,11.34350000
15.91700040,11.34350000
15.91800040,11.34350000
15.91900040,9.45496900
15.92000040,9.45496900
15.92100040,9.45496900
15.92200040,9.45496900
15.92300040,11.34350000
15.92400040,11.34350000
15.92500040,11.34350000
15.92600040,11.34350000
15.92700040,11.34350000
15.92800040,9.45496900
15.92900040,9.45496900
15.93000040,9.45496900
15.93100040,9.45496900
15.93200040,9.45496900
15.93300040,9.45496900
15.93400040,9.45496900
15.93500040,11.34350000
15.93600040,9.45496900
15.93700040,9.45496900
15.93800040,7.56028500
15.93900040,7.56028500
15.94000040,7.56028500
15.94100040,7.56028500
15.94200040,7.56028500
15.94300040,9.45496900
15.94400040,7.56028500
15.94500040,7.56028500
15.94600040,7.56028500
15.94700040,7.56028500
15.94800040,7.56028500
15.94900040,7.56028500
15.95000040,5.67175200
15.95100040,5.67175200
15.95200040,5.67175200
15.95300040,7.56028500
15.95400040,7.56028500
15.95500040,7.56028500
15.95600040,5.67175200
15.95700040,5.67175200
15.95800040,5.67175200
15.95900040,5.67175200
15.96000040,5.67175200
15.96100040,5.67175200
15.96200040,5.67175200
15.96300040,5.67175200
15.96400040,5.67175200
15.96500040,7.56028500
15.96600040,5.67175200
15.96700040,5.67175200
15.96800040,5.67175200
15.96900040,5.67175200
15.97000040,5.67175200
15.97100040,7.56028500
15.97200040,7.56028500
15.97300040,7.56028500
15.97400040,7.56028500
15.97500040,7.56028500
15.97600040,7.56028500
15.97700040,7.56028500
15.97800040,7.56028500
15.97900040,7.56028500
15.98000040,7.56028500
15.98100040,7.56028500
15.98200040,7.56028500
15.98300040,7.56028500
15.98400040,7.56028500
15.98500040,7.56028500
15.98600040,9.45496900
15.98700040,9.45496900
15.98800040,9.45496900
15.98900040,9.45496900
15.99000040,11.34350000
15.99100040,11.34350000
15.99200040,9.45496900
15.99300040,7.56028500
15.99400040,7.56028500
15.99500040,9.45496900
15.99600040,9.45496900
15.99700040,9.45496900
15.99800040,9.45496900
15.99900040,11.34350000
16.00000040,11.34350000
16.00100040,9.45496900
16.00200040,7.56028500
16.00300040,5.67175200
16.00400040,5.67175200
16.00500040,5.67175200
16.00600040,7.56028500
16.00700040,7.56028500
16.00800040,7.56028500
16.00900040,7.56028500
16.01000040,9.45496900
16.01100040,7.56028500
16.01200040,7.56028500
16.01300040,7.56028500
16.01400040,7.56028500
16.01500040,7.56028500
16.01600040,9.45496900
16.01700040,9.45496900
16.01800040,9.45496900
16.01900040,9.45496900
16.02000040,9.45496900
16.02100040,9.45496900
16.02200040,9.45496900
16.02300040,9.45496900
16.02400040,9.45496900
16.02500040,7.56028500
16.02600040,7.56028500
16.02700040,7.56028500
16.02800040,9.45496900
16.02900040,9.45496900
16.03000040,9.45496900
16.03100040,9.45496900
16.03200040,7.56028500
16.03300040,5.67175200
16.03400040,7.56028500
16.03500040,7.56028500
16.03600040,9.45496900
16.03700040,9.45496900
16.03800040,9.45496900
16.03900040,7.56028500
16.04000040,5.67175200
16.04100040,5.67175200
16.04200040,7.56028500
16.04300040,9.45496900
16.04400040,9.45496900
16.04500040,9.45496900
16.04600040,9.45496900
16.04700040,9.45496900
16.04800040,9.45496900
16.04900040,9.45496900
16.05000040,9.45496900
16.05100040,9.45496900
16.05200040,9.45496900
16.05300040,9.45496900
16.05400040,9.45496900
16.05500040,11.34350000
16.05600040,11.34350000
16.05700040,13.23204000
16.05800040,11.34350000
16.05900040,9.45496900
16.06000040,7.56028500
16.06100040,7.56028500
16.06200040,7.56028500
16.06300040,9.45496900
16.06400040,9.45496900
16.06500040,9.45496900
16.06600040,11.34350000
16.06700040,11.34350000
16.06800040,11.34350000
16.06900040,11.34350000
16.07000040,9.45496900
16.07100040,7.56028500
16.07200040,9.45496900
16.07300040,9.45496900
16.07400040,11.34350000
16.07500040,13.23204000
16.07600040,13.23204000
16.07700040,13.23204000
16.07800040,13.23204000
16.07900040,11.34350000
16.08000040,11.34350000
16.08100040,9.45496900
16.08200040,9.45496900
16.08300040,9.45496900
16.08400040,9.45496900
16.08500040,9.45496900
16.08600040,9.45496900
16.08700040,11.34350000
16.08800040,11.34350000
16.08900040,11.34350000
16.09000040,11.34350000
16.09100040,11.34350000
16.09200040,11.34350000
16.09300040,11.34350000
16.09400040,13.23204000
16.09500040,13.23204000
16.09600040,13.23204000
16.09700040,13.23204000
16.09800040,13.23204000
16.09900040,13.23204000
16.10000040,15.12672000
16.10100040,15.12672000
16.10200040,13.23204000
16.10300040,11.34350000
16.10400040,11.34350000
16.10500040,9.45496900
16.10600040,9.45496900
16.10700040,9.45496900
16.10800040,9.45496900
16.10900040,9.45496900
16.11000040,9.45496900
16.11100040,11.34350000
16.11200040,11.34350000
16.11300040,11.34350000
16.11400040,9.45496900
16.11500040,9.45496900
16.11600040,9.45496900
16.11700040,9.45496900
16.11800040,9.45496900
16.11900040,11.34350000
16.12000040,11.34350000
16.12100040,11.34350000
16.12200040,11.34350000
16.12300040,11.34350000
16.12400040,11.34350000
16.12500040,9.45496900
16.12600040,7.56028500
16.12700040,7.56028500
16.12800040,7.56028500
16.12900040,7.56028500
16.13000040,7.56028500
16.13100040,7.56028500
16.13200040,7.56028500
16.13300040,7.56028500
16.13400040,7.56028500
16.13500040,7.56028500
16.13600040,7.56028500
16.13700040,7.56028500
16.13800040,7.56028500
16.13900040,9.45496900
16.14000040,9.45496900
16.14100040,9.45496900
16.14200040,9.45496900
16.14300040,11.34350000
16.14400040,11.34350000
16.14500040,11.34350000
16.14600040,11.34350000
16.14700040,11.34350000
16.14800040,9.45496900
16.14900040,9.45496900
16.15000040,9.45496900
16.15100040,9.45496900
16.15200040,9.45496900
16.15300040,9.45496900
16.15400040,9.45496900
16.15500040,9.45496900
16.15600040,9.45496900
16.15700040,9.45496900
16.15800040,7.56028500
16.15900040,7.56028500
16.16000040,7.56028500
16.16100040,9.45496900
16.16200040,9.45496900
16.16300040,9.45496900
16.16400040,9.45496900
16.16500040,11.34350000
16.16600040,11.34350000
16.16700040,11.34350000
16.16800040,11.34350000
16.16900040,11.34350000
16.17000040,11.34350000
16.17100040,11.34350000
16.17200040,11.34350000
16.17300040,9.45496900
16.17400040,9.45496900
16.17500040,9.45496900
16.17600040,9.45496900
16.17700040,9.45496900
16.17800040,9.45496900
16.17900040,9.45496900
16.18000040,7.56028500
16.18100040,7.56028500
16.18200040,7.56028500
16.18300040,7.56028500
16.18400040,9.45496900
16.18500040,9.45496900
16.18600040,9.45496900
16.18700040,9.45496900
16.18800040,9.45496900
16.18900040,9.45496900
16.19000040,9.45496900
16.19100040,11.34350000
16.19200040,9.45496900
16.19300040,9.45496900
16.19400040,9.45496900
16.19500040,9.45496900
16.19600040,9.45496900
16.19700040,9.45496900
16.19800040,7.56028500
16.19900040,7.56028500
16.20000040,7.56028500
16.20100040,7.56028500
16.20200040,7.56028500
16.20300040,7.56028500
16.20400040,7.56028500
16.20500040,7.56028500
16.20600040,7.56028500
16.20700040,9.45496900
16.20800040,9.45496900
16.20900040,9.45496900
16.21000040,9.45496900
16.21100040,9.45496900
16.21200040,9.45496900
16.21300040,9.45496900
16.21400040,9.45496900
16.21500040,9.45496900
16.21600040,9.45496900
16.21700040,9.45496900
16.21800040,9.45496900
16.21900040,9.45496900
16.22000040,9.45496900
16.22100040,9.45496900
16.22200040,9.45496900
16.22300040,9.45496900
16.22400040,7.56028500
16.22500040,7.56028500
16.22600040,7.56028500
16.22700040,7.56028500
16.22800040,7.56028500
16.22900040,7.56028500
16.23000040,9.45496900
16.23100040,9.45496900
16.23200040,9.45496900
16.23300040,9.45496900
16.23400040,7.56028500
16.23500040,7.56028500
16.23600040,7.56028500
16.23700040,7.56028500
16.23800040,7.56028500
16.23900040,9.45496900
16.24000040,9.45496900
16.24100040,9.45496900
16.24200040,9.45496900
16.24300040,7.56028500
16.24400040,7.56028500
16.24500040,7.56028500
16.24600040,7.56028500
16.24700040,7.56028500
16.24800040,7.56028500
16.24900040,7.56028500
16.25000040,7.56028500
16.25100040,7.56028500
16.25200040,7.56028500
16.25300040,7.56028500
16.25400040,7.56028500
16.25500040,7.56028500
16.25600040,5.67175200
16.25700040,7.56028500
16.25800040,7.56028500
16.25900040,9.45496900
16.26000040,9.45496900
16.26100040,9.45496900
16.26200040,9.45496900
16.26300040,9.45496900
16.26400040,7.56028500
16.26500040,7.56028500
16.26600040,7.56028500
16.26700040,7.56028500
16.26800040,7.56028500
16.26900039,9.45496900
16.27000039,7.56028500
16.27100039,7.56028500
16.27200039,7.56028500
16.27300039,7.56028500
16.27400039,7.56028500
16.27500039,7.56028500
16.27600039,7.56028500
16.27700039,7.56028500
16.27800039,9.45496900
16.27900039,9.45496900
16.28000039,9.45496900
16.28100039,9.45496900
16.28200039,9.45496900
16.28300039,9.45496900
16.28400039,9.45496900
16.28500039,9.45496900
16.28600039,11.34350000
16.28700039,11.34350000
16.28800039,11.34350000
16.28900039,11.34350000
16.29000039,9.45496900
16.29100039,9.45496900
16.29200039,7.56028500
16.29300039,7.56028500
16.29400039,7.56028500
16.29500039,9.45496900
16.29600039,9.45496900
16.29700039,9.45496900
16.29800039,9.45496900
16.29900039,9.45496900
16.30000039,9.45496900
16.30100039,7.56028500
16.30200039,7.56028500
16.30300039,7.56028500
16.30400039,7.56028500
16.30500039,7.56028500
16.30600039,9.45496900
16.30700039,9.45496900
16.30800039,9.45496900
16.30900039,9.45496900
16.31000039,9.45496900
16.31100039,7.56028500
16.31200039,7.56028500
16.31300039,7.56028500
16.31400039,7.56028500
16.31500039,9.45496900
16.31600039,11.34350000
16.31700039,11.34350000
16.31800039,11.34350000
16.31900039,11.34350000
16.32000039,9.45496900
16.32100039,9.45496900
16.32200039,11.34350000
16.32300039,11.34350000
16.32400039,11.34350000
16.32500039,13.23204000
16.32600039,13.23204000
16.32700039,13.23204000
16.32800039,13.23204000
16.32900039,13.23204000
16.33000039,13.23204000
16.33100039,15.12672000
16.33200039,15.12672000
16.33300039,15.12672000
16.33400039,15.12672000
16.33500039,17.01525000
16.33600039,15.12672000
16.33700039,15.12672000
16.33800039,15.12672000
16.33900039,15.12672000
16.34000039,15.12672000
16.34100039,15.12672000
16.34200039,15.12672000
16.34300039,15.12672000
16.34400039,15.12672000
16.34500039,15.12672000
16.34600039,15.12672000
16.34700039,13.23204000
16.34800039,13.23204000
16.34900039,11.34350000
16.35000039,11.34350000
16.35100039,13.23204000
16.35200039,13.23204000
16.35300039,15.12672000
16.35400039,13.23204000
16.35500039,13.23204000
16.35600039,13.23204000
16.35700039,11.34350000
16.35800039,9.45496900
16.35900039,9.45496900
16.36000039,9.45496900
16.36100039,11.34350000
16.36200039,11.34350000
16.36300039,11.34350000
16.36400039,9.45496900
16.36500039,9.45496900
16.36600039,7.56028500
16.36700039,7.56028500
16.36800039,7.56028500
16.36900039,7.56028500
16.37000039,7.56028500
16.37100039,9.45496900
16.37200039,9.45496900
16.37300039,9.45496900
16.37400039,9.45496900
16.37500039,9.45496900
16.37600039,9.45496900
16.37700039,9.45496900
16.37800039,9.45496900
16.37900039,9.45496900
16.38000039,9.45496900
16.38100039,11.34350000
16.38200039,11.34350000
16.38300039,11.34350000
16.38400039,11.34350000
16.38500039,9.45496900
16.38600039,9.45496900
16.38700039,9.45496900
16.38800039,9.45496900
16.38900039,9.45496900
16.39000039,11.34350000
16.39100039,11.34350000
16.39200039,13.23204000
16.39300039,13.23204000
16.39400039,13.23204000
16.39500039,11.34350000
16.39600039,11.34350000
16.39700039,11.34350000
16.39800039,11.34350000
16.39900039,11.34350000
16.40000039,13.23204000
16.40100039,13.23204000
16.40200039,13.23204000
16.40300039,13.23204000
16.40400039,13.23204000
16.40500039,11.34350000
16.40600039,11.34350000
16.40700039,11.34350000
16.40800039,11.34350000
16.40900039,11.34350000
16.41000039,11.34350000
16.41100039,11.34350000
16.41200039,11.34350000
16.41300039,11.34350000
16.41400039,11.34350000
16.41500039,9.45496900
16.41600039,9.45496900
16.41700039,9.45496900
16.41800039,9.45496900
16.41900039,9.45496900
16.42000039,9.45496900
16.42100039,9.45496900
16.42200039,7.56028500
16.42300039,7.56028500
16.42400039,7.56028500
16.42500039,5.67175200
16.42600039,5.67175200
16.42700039,7.56028500
16.42800039,7.56028500
16.42900039,7.56028500
16.43000039,5.67175200
16.43100039,5.67175200
16.43200039,3.77706700
16.43300039,3.77706700
16.43400039,3.77706700
16.43500039,5.67175200
16.43600039,5.67175200
16.43700039,5.67175200
16.43800039,7.56028500
16.43900039,7.56028500
16.44000039,5.67175200
16.44100039,5.67175200
16.44200039,5.67175200
16.44300039,5.67175200
16.44400039,5.67175200
16.44500039,5.67175200
16.44600039,7.56028500
16.44700039,7.56028500
16.44800039,9.45496900
16.44900039,9.45496900
16.45000039,9.45496900
16.45100039,9.45496900
16.45200039,9.45496900
16.45300039,7.56028500
16.45400039,7.56028500
16.45500039,7.56028500
16.45600039,9.45496900
16.45700039,9.45496900
16.45800039,9.45496900
16.45900039,9.45496900
16.46000039,9.45496900
16.46100039,9.45496900
16.46200039,9.45496900
16.46300039,9.45496900
16.46400039,9.45496900
16.46500039,9.45496900
16.46600039,11.34350000
16.46700039,11.34350000
16.46800039,9.45496900
16.46900039,9.45496900
16.47000039,9.45496900
16.47100039,9.45496900
16.47200039,11.34350000
16.47300039,11.34350000
16.47400039,11.34350000
16.47500039,11.34350000
16.47600039,11.34350000
16.47700039,9.45496900
16.47800039,9.45496900
16.47900039,9.45496900
16.48000039,7.56028500
16.48100039,7.56028500
16.48200039,7.56028500
16.48300039,9.45496900
16.48400039,9.45496900
16.48500039,9.45496900
16.48600039,9.45496900
16.48700039,9.45496900
16.48800039,9.45496900
16.48900039,7.56028500
16.49000039,7.56028500
16.49100039,7.56028500
16.49200039,7.56028500
16.49300039,7.56028500
16.49400039,9.45496900
16.49500039,9.45496900
16.49600039,11.34350000
16.49700039,11.34350000
16.49800039,9.45496900
16.49900039,9.45496900
16.50000039,7.56028500
16.50100039,7.56028500
16.50200039,7.56028500
16.50300039,7.56028500
16.50400039,9.45496900
16.50500039,9.45496900
16.50600039,9.45496900
16.50700039,9.45496900
16.50800039,9.45496900
16.50900039,9.45496900
16.51000039,9.45496900
16.51100039,7.56028500
16.51200039,7.56028500
16.51300039,7.56028500
16.51400039,7.56028500
16.51500039,7.56028500
16.51600039,7.56028500
16.51700039,7.56028500
16.51800039,9.45496900
16.51900039,9.45496900
16.52000039,7.56028500
16.52100039,7.56028500
16.52200039,7.56028500
16.52300039,7.56028500
16.52400039,7.56028500
16.52500039,7.56028500
16.52600039,7.56028500
16.52700039,9.45496900
16.52800039,9.45496900
16.52900039,9.45496900
16.53000039,9.45496900
16.53100039,7.56028500
16.53200039,7.56028500
16.53300039,5.67175200
16.53400039,7.56028500
16.53500039,7.56028500
16.53600039,9.45496900
16.53700039,9.45496900
16.53800039,9.45496900
16.53900039,9.45496900
16.54000039,7.56028500
16.54100039,7.56028500
16.54200039,7.56028500
16.54300039,7.56028500
16.54400039,7.56028500
16.54500039,7.56028500
16.54600039,7.56028500
16.54700039,9.45496900
16.54800039,9.45496900
16.54900039,9.45496900
16.55000039,9.45496900
16.55100039,9.45496900
16.55200039,9.45496900
16.55300039,9.45496900
16.55400039,9.45496900
16.55500039,9.45496900
16.55600039,9.45496900
16.55700039,9.45496900
16.55800039,9.45496900
16.55900039,11.34350000
16.56000039,9.45496900
16.56100039,9.45496900
16.56200039,9.45496900
16.56300039,9.45496900
16.56400039,9.45496900
16.56500039,9.45496900
16.56600039,9.45496900
16.56700039,9.45496900
16.56800039,9.45496900
16.56900039,9.45496900
16.57000039,9.45496900
16.57100039,9.45496900
16.57200039,9.45496900
16.57300039,9.45496900
16.57400039,9.45496900
16.57500039,9.45496900
16.57600039,9.45496900
16.57700039,9.45496900
16.57800039,9.45496900
16.57900039,9.45496900
16.58000039,9.45496900
16.58100039,9.45496900
16.58200039,9.45496900
16.58300039,9.45496900
16.58400039,7.56028500
16.58500039,7.56028500
16.58600039,7.56028500
16.58700039,7.56028500
16.58800039,7.56028500
16.58900039,7.56028500
16.59000039,7.56028500
16.59100039,7.56028500
16.59200039,7.56028500
16.59300039,7.56028500
16.59400039,7.56028500
16.59500039,7.56028500
16.59600039,7.56028500
16.59700039,7.56028500
16.59800039,7.56028500
16.59900039,5.67175200
16.60000039,5.67175200
16.60100039,7.56028500
16.60200039,7.56028500
16.60300039,7.56028500
16.60400039,7.56028500
16.60500039,7.56028500
16.60600039,7.56028500
16.60700039,7.56028500
16.60800039,7.56028500
16.60900039,7.56028500
16.61000039,7.56028500
16.61100039,7.56028500
16.61200039,7.56028500
16.61300039,7.56028500
16.61400039,9.45496900
16.61500039,7.56028500
16.61600039,7.56028500
16.61700039,7.56028500
16.61800039,7.56028500
16.61900039,9.45496900
16.62000039,9.45496900
16.62100039,9.45496900
16.62200038,9.45496900
16.62300038,9.45496900
16.62400038,9.45496900
16.62500038,9.45496900
16.62600038,9.45496900
16.62700038,9.45496900
16.62800038,9.45496900
16.62900038,9.45496900
16.63000038,9.45496900
16.63100038,11.34350000
16.63200038,11.34350000
16.63300038,11.34350000
16.63400038,11.34350000
16.63500038,9.45496900
16.63600038,9.45496900
16.63700038,9.45496900
16.63800038,9.45496900
16.63900038,11.34350000
16.64000038,11.34350000
16.64100038,11.34350000
16.64200038,11.34350000
16.64300038,11.34350000
16.64400038,11.34350000
16.64500038,9.45496900
16.64600038,9.45496900
16.64700038,9.45496900
16.64800038,9.45496900
16.64900038,9.45496900
16.65000038,9.45496900
16.65100038,9.45496900
16.65200038,9.45496900
16.65300038,9.45496900
16.65400038,9.45496900
16.65500038,7.56028500
16.65600038,7.56028500
16.65700038,7.56028500
16.65800038,9.45496900
16.65900038,9.45496900
16.66000038,9.45496900
16.66100038,9.45496900
16.66200038,7.56028500
16.66300038,7.56028500
16.66400038,7.56028500
16.66500038,7.56028500
16.66600038,7.56028500
16.66700038,7.56028500
16.66800038,7.56028500
16.66900038,9.45496900
16.67000038,9.45496900
16.67100038,9.45496900
16.67200038,7.56028500
16.67300038,5.67175200
16.67400038,5.67175200
16.67500038,5.67175200
16.67600038,7.56028500
16.67700038,7.56028500
16.67800038,7.56028500
16.67900038,9.45496900
16.68000038,9.45496900
16.68100038,7.56028500
16.68200038,7.56028500
16.68300038,7.56028500
16.68400038,7.56028500
16.68500038,7.56028500
16.68600038,7.56028500
16.68700038,9.45496900
16.68800038,9.45496900
16.68900038,11.34350000
16.69000038,9.45496900
16.69100038,9.45496900
16.69200038,9.45496900
16.69300038,9.45496900
16.69400038,7.56028500
16.69500038,9.45496900
16.69600038,9.45496900
16.69700038,9.45496900
16.69800038,11.34350000
16.69900038,11.34350000
16.70000038,11.34350000
16.70100038,9.45496900
16.70200038,9.45496900
16.70300038,9.45496900
16.70400038,9.45496900
16.70500038,9.45496900
16.70600038,9.45496900
16.70700038,11.34350000
16.70800038,11.34350000
16.70900038,9.45496900
16.71000038,9.45496900
16.71100038,9.45496900
16.71200038,11.34350000
16.71300038,11.34350000
16.71400038,9.45496900
16.71500038,9.45496900
16.71600038,11.34350000
16.71700038,9.45496900
16.71800038,9.45496900
16.71900038,9.45496900
16.72000038,9.45496900
16.72100038,9.45496900
16.72200038,9.45496900
16.72300038,9.45496900
16.72400038,9.45496900
16.72500038,9.45496900
16.72600038,9.45496900
16.72700038,9.45496900
16.72800038,9.45496900
16.72900038,9.45496900
16.73000038,9.45496900
16.73100038,9.45496900
16.73200038,9.45496900
16.73300038,9.45496900
16.73400038,9.45496900
16.73500038,11.34350000
16.73600038,9.45496900
16.73700038,9.45496900
16.73800038,9.45496900
16.73900038,7.56028500
16.74000038,7.56028500
16.74100038,9.45496900
16.74200038,9.45496900
16.74300038,9.45496900
16.74400038,9.45496900
16.74500038,9.45496900
16.74600038,9.45496900
16.74700038,9.45496900
16.74800038,9.45496900
16.74900038,9.45496900
16.75000038,7.56028500
16.75100038,9.45496900
16.75200038,9.45496900
16.75300038,9.45496900
16.75400038,11.34350000
16.75500038,9.45496900
16.75600038,9.45496900
16.75700038,9.45496900
16.75800038,9.45496900
16.75900038,9.45496900
16.76000038,9.45496900
16.76100038,9.45496900
16.76200038,9.45496900
16.76300038,11.34350000
16.76400038,11.34350000
16.76500038,9.45496900
16.76600038,9.45496900
16.76700038,9.45496900
16.76800038,9.45496900
16.76900038,9.45496900
16.77000038,9.45496900
16.77100038,9.45496900
16.77200038,9.45496900
16.77300038,9.45496900
16.77400038,9.45496900
16.77500038,9.45496900
16.77600038,9.45496900
16.77700038,9.45496900
16.77800038,9.45496900
16.77900038,9.45496900
16.78000038,9.45496900
16.78100038,9.45496900
16.78200038,11.34350000
16.78300038,11.34350000
16.78400038,11.34350000
16.78500038,9.45496900
16.78600038,9.45496900
16.78700038,9.45496900
16.78800038,9.45496900
16.78900038,11.34350000
16.79000038,11.34350000
16.79100038,11.34350000
16.79200038,11.34350000
16.79300038,9.45496900
16.79400038,9.45496900
16.79500038,9.45496900
16.79600038,9.45496900
16.79700038,9.45496900
16.79800038,9.45496900
16.79900038,11.34350000
16.80000038,11.34350000
16.80100038,11.34350000
16.80200038,11.34350000
16.80300038,9.45496900
16.80400038,9.45496900
16.80500038,7.56028500
16.80600038,7.56028500
16.80700038,9.45496900
16.80800038,9.45496900
16.80900038,9.45496900
16.81000038,11.34350000
16.81100038,9.45496900
16.81200038,9.45496900
16.81300038,9.45496900
16.81400038,7.56028500
16.81500038,7.56028500
16.81600038,7.56028500
16.81700038,7.56028500
16.81800038,9.45496900
16.81900038,9.45496900
16.82000038,9.45496900
16.82100038,9.45496900
16.82200038,9.45496900
16.82300038,7.56028500
16.82400038,7.56028500
16.82500038,7.56028500
16.82600038,7.56028500
16.82700038,9.45496900
16.82800038,9.45496900
16.82900038,9.45496900
16.83000038,9.45496900
16.83100038,9.45496900
16.83200038,9.45496900
16.83300038,9.45496900
16.83400038,9.45496900
16.83500038,9.45496900
16.83600038,9.45496900
16.83700038,9.45496900
16.83800038,9.45496900
16.83900038,9.45496900
16.84000038,9.45496900
16.84100038,9.45496900
16.84200038,9.45496900
16.84300038,9.45496900
16.84400038,9.45496900
16.84500038,9.45496900
16.84600038,9.45496900
16.84700038,11.34350000
16.84800038,11.34350000
16.84900038,9.45496900
16.85000038,9.45496900
16.85100038,9.45496900
16.85200038,9.45496900
16.85300038,11.34350000
16.85400038,11.34350000
16.85500038,11.34350000
16.85600038,11.34350000
16.85700038,11.34350000
16.85800038,11.34350000
16.85900038,11.34350000
16.86000038,11.34350000
16.86100038,11.34350000
16.86200038,9.45496900
16.86300038,11.34350000
16.86400038,11.34350000
16.86500038,11.34350000
16.86600038,11.34350000
16.86700038,11.34350000
16.86800038,11.34350000
16.86900038,11.34350000
16.87000038,9.45496900
16.87100038,9.45496900
16.87200038,9.45496900
16.87300038,11.34350000
16.87400038,11.34350000
16.87500038,11.34350000
16.87600038,11.34350000
16.87700038,11.34350000
16.87800038,11.34350000
16.87900038,11.34350000
16.88000038,11.34350000
16.88100038,11.34350000
16.88200038,11.34350000
16.88300038,9.45496900
16.88400038,9.45496900
16.88500038,9.45496900
16.88600038,9.45496900
16.88700038,9.45496900
16.88800038,11.34350000
16.88900038,11.34350000
16.89000038,11.34350000
16.89100038,11.34350000
16.89200038,11.34350000
16.89300038,9.45496900
16.89400038,9.45496900
16.89500038,9.45496900
16.89600038,9.45496900
16.89700038,9.45496900
16.89800038,9.45496900
16.89900038,11.34350000
16.90000038,11.34350000
16.90100038,11.34350000
16.90200038,11.34350000
16.90300038,11.34350000
16.90400038,11.34350000
16.90500038,9.45496900
16.90600038,9.45496900
16.90700038,9.45496900
16.90800038,9.45496900
16.90900038,11.34350000
16.91000038,11.34350000
16.91100038,11.34350000
16.91200038,11.34350000
16.91300038,11.34350000
16.91400038,11.34350000
16.91500038,11.34350000
16.91600038,11.34350000
16.91700038,11.34350000
16.91800038,11.34350000
16.91900038,11.34350000
16.92000038,11.34350000
16.92100038,11.34350000
16.92200038,13.23204000
16.92300038,11.34350000
16.92400038,11.34350000
16.92500038,11.34350000
16.92600038,9.45496900
16.92700038,11.34350000
16.92800038,11.34350000
16.92900038,11.34350000
16.93000038,11.34350000
16.93100038,11.34350000
16.93200038,11.34350000
16.93300038,9.45496900
16.93400038,9.45496900
16.93500038,9.45496900
16.93600038,9.45496900
16.93700038,9.45496900
16.93800038,11.34350000
16.93900038,11.34350000
16.94000038,11.34350000
16.94100038,11.34350000
16.94200038,11.34350000
16.94300038,9.45496900
16.94400038,9.45496900
16.94500038,9.45496900
16.94600038,9.45496900
16.94700038,9.45496900
16.94800038,9.45496900
16.94900038,9.45496900
16.95000038,9.45496900
16.95100038,9.45496900
16.95200038,9.45496900
16.95300038,9.45496900
16.95400038,9.45496900
16.95500038,9.45496900
16.95600038,9.45496900
16.95700038,9.45496900
16.95800038,11.34350000
16.95900038,9.45496900
16.96000038,9.45496900
16.96100038,7.56028500
16.96200038,7.56028500
16.96300038,9.45496900
16.96400038,9.45496900
16.96500038,9.45496900
16.96600038,9.45496900
16.96700038,9.45496900
16.96800038,9.45496900
16.96900038,9.45496900
16.97000038,9.45496900
16.97100038,9.45496900
16.97200038,9.45496900
16.97300038,9.45496900
16.97400038,9.45496900
16.97500038,9.45496900
16.97600037,9.45496900
16.97700037,9.45496900
16.97800037,9.45496900
16.97900037,7.56028500
16.98000037,7.56028500
16.98100037,7.56028500
16.98200037,9.45496900
16.98300037,9.45496900
16.98400037,11.34350000
16.98500037,11.34350000
16.98600037,11.34350000
16.98700037,9.45496900
16.98800037,9.45496900
16.98900037,9.45496900
16.99000037,9.45496900
16.99100037,9.45496900
16.99200037,9.45496900
16.99300037,9.45496900
16.99400037,11.34350000
16.99500037,11.34350000
16.99600037,11.34350000
16.99700037,11.34350000
16.99800037,9.45496900
16.99900037,9.45496900
17.00000037,9.45496900
17.00100037,9.45496900
17.00200037,9.45496900
17.00300037,11.34350000
17.00400037,11.34350000
17.00500037,11.34350000
17.00600037,9.45496900
17.00700037,9.45496900
17.00800037,9.45496900
17.00900037,9.45496900
17.01000037,9.45496900
17.01100037,11.34350000
17.01200037,11.34350000
17.01300037,11.34350000
17.01400037,11.34350000
17.01500037,11.34350000
17.01600037,11.34350000
17.01700037,9.45496900
17.01800037,9.45496900
17.01900037,9.45496900
17.02000037,9.45496900
17.02100037,11.34350000
17.02200037,11.34350000
17.02300037,11.34350000
17.02400037,11.34350000
17.02500037,11.34350000
17.02600037,11.34350000
17.02700037,9.45496900
17.02800037,9.45496900
17.02900037,9.45496900
17.03000037,9.45496900
17.03100037,9.45496900
17.03200037,9.45496900
17.03300037,9.45496900
17.03400037,9.45496900
17.03500037,9.45496900
17.03600037,9.45496900
17.03700037,9.45496900
17.03800037,9.45496900
17.03900037,11.34350000
17.04000037,11.34350000
17.04100037,11.34350000
17.04200037,11.34350000
17.04300037,9.45496900
17.04400037,9.45496900
17.04500037,9.45496900
17.04600037,9.45496900
17.04700037,9.45496900
17.04800037,9.45496900
17.04900037,9.45496900
17.05000037,11.34350000
17.05100037,11.34350000
17.05200037,11.34350000
17.05300037,9.45496900
17.05400037,9.45496900
17.05500037,7.56028500
17.05600037,7.56028500
17.05700037,9.45496900
17.05800037,9.45496900
17.05900037,11.34350000
17.06000037,11.34350000
17.06100037,11.34350000
17.06200037,11.34350000
17.06300037,11.34350000
17.06400037,9.45496900
17.06500037,9.45496900
17.06600037,9.45496900
17.06700037,9.45496900
17.06800037,9.45496900
17.06900037,11.34350000
17.07000037,11.34350000
17.07100037,13.23204000
17.07200037,13.23204000
17.07300037,11.34350000
17.07400037,9.45496900
17.07500037,9.45496900
17.07600037,9.45496900
17.07700037,9.45496900
17.07800037,11.34350000
17.07900037,11.34350000
17.08000037,11.34350000
17.08100037,11.34350000
17.08200037,11.34350000
17.08300037,11.34350000
17.08400037,9.45496900
17.08500037,9.45496900
17.08600037,9.45496900
17.08700037,9.45496900
17.08800037,9.45496900
17.08900037,11.34350000
17.09000037,11.34350000
17.09100037,11.34350000
17.09200037,11.34350000
17.09300037,11.34350000
17.09400037,11.34350000
17.09500037,9.45496900
17.09600037,9.45496900
17.09700037,9.45496900
17.09800037,9.45496900
17.09900037,9.45496900
17.10000037,9.45496900
17.10100037,9.45496900
17.10200037,9.45496900
17.10300037,9.45496900
17.10400037,9.45496900
17.10500037,9.45496900
17.10600037,9.45496900
17.10700037,9.45496900
17.10800037,9.45496900
17.10900037,7.56028500
17.11000037,7.56028500
17.11100037,7.56028500
17.11200037,7.56028500
17.11300037,7.56028500
17.11400037,9.45496900
17.11500037,9.45496900
17.11600037,9.45496900
17.11700037,9.45496900
17.11800037,9.45496900
17.11900037,7.56028500
17.12000037,7.56028500
17.12100037,7.56028500
17.12200037,7.56028500
17.12300037,7.56028500
17.12400037,7.56028500
17.12500037,7.56028500
17.12600037,7.56028500
17.12700037,9.45496900
17.12800037,9.45496900
17.12900037,9.45496900
17.13000037,9.45496900
17.13100037,7.56028500
17.13200037,7.56028500
17.13300037,7.56028500
17.13400037,7.56028500
17.13500037,9.45496900
17.13600037,9.45496900
17.13700037,9.45496900
17.13800037,9.45496900
17.13900037,9.45496900
17.14000037,9.45496900
17.14100037,9.45496900
17.14200037,7.56028500
17.14300037,9.45496900
17.14400037,9.45496900
17.14500037,9.45496900
17.14600037,9.45496900
17.14700037,9.45496900
17.14800037,9.45496900
17.14900037,9.45496900
17.15000037,9.45496900
17.15100037,9.45496900
17.15200037,9.45496900
17.15300037,9.45496900
17.15400037,9.45496900
17.15500037,9.45496900
17.15600037,9.45496900
17.15700037,9.45496900
17.15800037,7.56028500
17.15900037,9.45496900
17.16000037,9.45496900
17.16100037,9.45496900
17.16200037,9.45496900
17.16300037,9.45496900
17.16400037,7.56028500
17.16500037,7.56028500
17.16600037,7.56028500
17.16700037,7.56028500
17.16800037,7.56028500
17.16900037,7.56028500
17.17000037,7.56028500
17.17100037,7.56028500
17.17200037,9.45496900
17.17300037,7.56028500
17.17400037,7.56028500
17.17500037,7.56028500
17.17600037,5.67175200
17.17700037,5.67175200
17.17800037,5.67175200
17.17900037,7.56028500
17.18000037,7.56028500
17.18100037,7.56028500
17.18200037,9.45496900
17.18300037,9.45496900
17.18400037,7.56028500
17.18500037,5.67175200
17.18600037,5.67175200
17.18700037,5.67175200
17.18800037,5.67175200
17.18900037,5.67175200
17.19000037,5.67175200
17.19100037,7.56028500
17.19200037,7.56028500
17.19300037,7.56028500
17.19400037,9.45496900
17.19500037,7.56028500
17.19600037,5.67175200
17.19700037,5.67175200
17.19800037,5.67175200
17.19900037,5.67175200
17.20000037,5.67175200
17.20100037,7.56028500
17.20200037,7.56028500
17.20300037,7.56028500
17.20400037,7.56028500
17.20500037,7.56028500
17.20600037,7.56028500
17.20700037,7.56028500
17.20800037,7.56028500
17.20900037,5.67175200
17.21000037,5.67175200
17.21100037,5.67175200
17.21200037,5.67175200
17.21300037,5.67175200
17.21400037,7.56028500
17.21500037,7.56028500
17.21600037,7.56028500
17.21700037,7.56028500
17.21800037,7.56028500
17.21900037,7.56028500
17.22000037,5.67175200
17.22100037,5.67175200
17.22200037,5.67175200
17.22300037,5.67175200
17.22400037,7.56028500
17.22500037,7.56028500
17.22600037,7.56028500
17.22700037,7.56028500
17.22800037,7.56028500
17.22900037,7.56028500
17.23000037,5.67175200
17.23100037,5.67175200
17.23200037,5.67175200
17.23300037,5.67175200
17.23400037,5.67175200
17.23500037,7.56028500
17.23600037,7.56028500
17.23700037,7.56028500
17.23800037,7.56028500
17.23900037,7.56028500
17.24000037,5.67175200
17.24100037,5.67175200
17.24200037,5.67175200
17.24300037,5.67175200
17.24400037,5.67175200
17.24500037,7.56028500
17.24600037,7.56028500
17.24700037,7.56028500
17.24800037,5.67175200
17.24900037,5.67175200
17.25000037,5.67175200
17.25100037,5.67175200
17.25200037,5.67175200
17.25300037,5.67175200
17.25400037,5.67175200
17.25500037,5.67175200
17.25600037,5.67175200
17.25700037,5.67175200
17.25800037,5.67175200
17.25900037,5.67175200
17.26000037,5.67175200
17.26100037,5.67175200
17.26200037,5.67175200
17.26300037,7.56028500
17.26400037,5.67175200
17.26500037,5.67175200
17.26600037,5.67175200
17.26700037,5.67175200
17.26800037,3.77706700
17.26900037,3.77706700
17.27000037,3.77706700
17.27100037,5.67175200
17.27200037,7.56028500
17.27300037,7.56028500
17.27400037,5.67175200
17.27500037,5.67175200
17.27600037,5.67175200
17.27700037,3.77706700
17.27800037,3.77706700
17.27900037,3.77706700
17.28000037,3.77706700
17.28100037,5.67175200
17.28200037,7.56028500
17.28300037,7.56028500
17.28400037,7.56028500
17.28500037,5.67175200
17.28600037,3.77706700
17.28700037,3.77706700
17.28800037,3.77706700
17.28900037,3.77706700
17.29000037,3.77706700
17.29100037,5.67175200
17.29200037,7.56028500
17.29300037,7.56028500
17.29400037,7.56028500
17.29500037,5.67175200
17.29600037,5.67175200
17.29700037,3.77706700
17.29800037,3.77706700
17.29900037,5.67175200
17.30000037,5.67175200
17.30100037,5.67175200
17.30200037,7.56028500
17.30300037,7.56028500
17.30400037,5.67175200
17.30500037,5.67175200
17.30600037,5.67175200
17.30700037,5.67175200
17.30800037,5.67175200
17.30900037,5.67175200
17.31000037,5.67175200
17.31100037,5.67175200
17.31200037,5.67175200
17.31300037,5.67175200
17.31400037,5.67175200
17.31500037,5.67175200
17.31600037,5.67175200
17.31700037,5.67175200
17.31800037,5.67175200
17.31900037,5.67175200
17.32000037,5.67175200
17.32100037,5.67175200
17.32200037,5.67175200
17.32300037,5.67175200
17.32400037,5.67175200
17.32500037,3.77706700
17.32600037,3.77706700
17.32700037,3.77706700
17.32800037,5.67175200
17.32900036,5.67175200
17.33000036,5.67175200
17.33100036,5.67175200
17.33200036,3.77706700
17.33300036,3.77706700
17.33400036,3.77706700
17.33500036,3.77706700
17.33600036,3.77706700
17.33700036,3.77706700
17.33800036,5.67175200
17.33900036,5.67175200
17.34000036,5.67175200
17.34100036,3.77706700
17.34200036,3.77706700
17.34300036,1.88853300
17.34400036,3.77706700
17.34500036,3.77706700
17.34600036,3.77706700
17.34700036,3.77706700
17.34800036,5.67175200
17.34900036,5.67175200
17.35000036,5.67175200
17.35100036,5.67175200
17.35200036,3.77706700
17.35300036,3.77706700
17.35400036,3.77706700
17.35500036,3.77706700
17.35600036,3.77706700
17.35700036,3.77706700
17.35800036,5.67175200
17.35900036,5.67175200
17.36000036,5.67175200
17.36100036,3.77706700
17.36200036,3.77706700
17.36300036,3.77706700
17.36400036,3.77706700
17.36500036,3.77706700
17.36600036,5.67175200
17.36700036,5.67175200
17.36800036,5.67175200
17.36900036,5.67175200
17.37000036,5.67175200
17.37100036,5.67175200
17.37200036,3.77706700
17.37300036,3.77706700
17.37400036,3.77706700
17.37500036,5.67175200
17.37600036,5.67175200
17.37700036,5.67175200
17.37800036,5.67175200
17.37900036,3.77706700
17.38000036,3.77706700
17.38100036,3.77706700
17.38200036,3.77706700
17.38300036,3.77706700
17.38400036,3.77706700
17.38500036,3.77706700
17.38600036,3.77706700
17.38700036,3.77706700
17.38800036,3.77706700
17.38900036,3.77706700
17.39000036,3.77706700
17.39100036,3.77706700
17.39200036,1.88853300
17.39300036,1.88853300
17.39400036,3.77706700
17.39500036,3.77706700
17.39600036,3.77706700
17.39700036,3.77706700
17.39800036,3.77706700
17.39900036,1.88853300
17.40000036,1.88853300
17.40100036,1.88853300
17.40200036,1.88853300
17.40300036,3.77706700
17.40400036,3.77706700
17.40500036,3.77706700
17.40600036,3.77706700
17.40700036,3.77706700
17.40800036,1.88853300
17.40900036,1.88853300
17.41000036,1.88853300
17.41100036,1.88853300
17.41200036,3.77706700
17.41300036,3.77706700
17.41400036,3.77706700
17.41500036,3.77706700
17.41600036,3.77706700
17.41700036,3.77706700
17.41800036,3.77706700
17.41900036,3.77706700
17.42000036,1.88853300
17.42100036,1.88853300
17.42200036,3.77706700
17.42300036,3.77706700
17.42400036,3.77706700
17.42500036,3.77706700
17.42600036,3.77706700
17.42700036,3.77706700
17.42800036,3.77706700
17.42900036,3.77706700
17.43000036,3.77706700
17.43100036,3.77706700
17.43200036,3.77706700
17.43300036,3.77706700
17.43400036,3.77706700
17.43500036,3.77706700
17.43600036,3.77706700
17.43700036,3.77706700
17.43800036,3.77706700
17.43900036,3.77706700
17.44000036,3.77706700
17.44100036,3.77706700
17.44200036,3.77706700
17.44300036,3.77706700
17.44400036,3.77706700
17.44500036,3.77706700
17.44600036,3.77706700
17.44700036,3.77706700
17.44800036,3.77706700
17.44900036,3.77706700
17.45000036,3.77706700
17.45100036,3.77706700
17.45200036,3.77706700
17.45300036,3.77706700
17.45400036,3.77706700
17.45500036,3.77706700
17.45600036,3.77706700
17.45700036,3.77706700
17.45800036,3.77706700
17.45900036,3.77706700
17.46000036,3.77706700
17.46100036,3.77706700
17.46200036,3.77706700
17.46300036,3.77706700
17.46400036,3.77706700
17.46500036,3.77706700
17.46600036,1.88853300
17.46700036,1.88853300
17.46800036,1.88853300
17.46900036,3.77706700
17.47000036,3.77706700
17.47100036,3.77706700
17.47200036,3.77706700
17.47300036,3.77706700
17.47400036,3.77706700
17.47500036,1.88853300
17.47600036,1.88853300
17.47700036,1.88853300
17.47800036,1.88853300
17.47900036,3.77706700
17.48000036,3.77706700
17.48100036,3.77706700
17.48200036,3.77706700
17.48300036,3.77706700
17.48400036,1.88853300
17.48500036,1.88853300
17.48600036,1.88853300
17.48700036,3.77706700
17.48800036,3.77706700
17.48900036,3.77706700
17.49000036,3.77706700
17.49100036,3.77706700
17.49200036,3.77706700
17.49300036,1.88853300
17.49400036,1.88853300
17.49500036,1.88853300
17.49600036,1.88853300
17.49700036,1.88853300
17.49800036,1.88853300
17.49900036,1.88853300
17.50000036,1.88853300
17.50100036,1.88853300
17.50200036,1.88853300
17.50300036,1.88853300
17.50400036,0.00000000
17.50500036,0.00000000
17.50600036,0.00000000
17.50700036,0.00000000
17.50800036,0.00000000
17.50900036,0.00000000
17.51000036,0.00000000
17.51100036,0.00000000
17.51200036,0.00000000
17.51300036,-1.88853300
17.51400036,-1.88853300
17.51500036,-1.88853300
17.51600036,-1.88853300
17.51700036,0.00000000
17.51800036,0.00000000
17.51900036,0.00000000
17.52000036,-1.88853300
17.52100036,-1.88853300
17.52200036,-1.88853300
17.52300036,-1.88853300
17.52400036,-1.88853300
17.52500036,-1.88853300
17.52600036,-1.88853300
17.52700036,-1.88853300
17.52800036,-1.88853300
17.52900036,-1.88853300
17.53000036,-1.88853300
17.53100036,0.00000000
17.53200036,0.00000000
17.53300036,0.00000000
17.53400036,0.00000000
17.53500036,0.00000000
17.53600036,0.00000000
17.53700036,0.00000000
17.53800036,0.00000000
17.53900036,0.00000000
17.54000036,0.00000000
17.54100036,1.88853300
17.54200036,1.88853300
17.54300036,1.88853300
17.54400036,1.88853300
17.54500036,0.00000000
17.54600036,0.00000000
17.54700036,0.00000000
17.54800036,1.88853300
17.54900036,1.88853300
17.55000036,0.00000000
17.55100036,1.88853300
17.55200036,1.88853300
17.55300036,1.88853300
17.55400036,1.88853300
17.55500036,1.88853300
17.55600036,1.88853300
17.55700036,0.00000000
17.55800036,0.00000000
17.55900036,1.88853300
17.56000036,1.88853300
17.56100036,1.88853300
17.56200036,1.88853300
17.56300036,1.88853300
17.56400036,1.88853300
17.56500036,1.88853300
17.56600036,1.88853300
17.56700036,1.88853300
17.56800036,0.00000000
17.56900036,0.00000000
17.57000036,1.88853300
17.57100036,1.88853300
17.57200036,0.00000000
17.57300036,0.00000000
17.57400036,0.00000000
17.57500036,1.88853300
17.57600036,1.88853300
17.57700036,0.00000000
17.57800036,0.00000000
17.57900036,0.00000000
17.58000036,0.00000000
17.58100036,1.88853300
17.58200036,1.88853300
17.58300036,0.00000000
17.58400036,0.00000000
17.58500036,0.00000000
17.58600036,1.88853300
17.58700036,1.88853300
17.58800036,1.88853300
17.58900036,1.88853300
17.59000036,1.88853300
17.59100036,1.88853300
17.59200036,1.88853300
17.59300036,1.88853300
17.59400036,1.88853300
17.59500036,1.88853300
17.59600036,1.88853300
17.59700036,3.77706700
17.59800036,3.77706700
17.59900036,3.77706700
17.60000036,1.88853300
17.60100036,1.88853300
17.60200036,1.88853300
17.60300036,1.88853300
17.60400036,1.88853300
17.60500036,1.88853300
17.60600036,1.88853300
17.60700036,1.88853300
17.60800036,3.77706700
17.60900036,3.77706700
17.61000036,3.77706700
17.61100036,3.77706700
17.61200036,3.77706700
17.61300036,1.88853300
17.61400036,1.88853300
17.61500036,1.88853300
17.61600036,1.88853300
17.61700036,1.88853300
17.61800036,1.88853300
17.61900036,1.88853300
17.62000036,1.88853300
17.62100036,1.88853300
17.62200036,1.88853300
17.62300036,1.88853300
17.62400036,1.88853300
17.62500036,1.88853300
17.62600036,1.88853300
17.62700036,1.88853300
17.62800036,1.88853300
17.62900036,1.88853300
17.63000036,1.88853300
17.63100036,1.88853300
17.63200036,3.77706700
17.63300036,3.77706700
17.63400036,3.77706700
17.63500036,1.88853300
17.63600036,3.77706700
17.63700036,3.77706700
17.63800036,3.77706700
17.63900036,3.77706700
17.64000036,1.88853300
17.64100036,1.88853300
17.64200036,3.77706700
17.64300036,5.67175200
17.64400036,5.67175200
17.64500036,5.67175200
17.64600036,5.67175200
17.64700036,5.67175200
17.64800036,5.67175200
17.64900036,5.67175200
17.65000036,5.67175200
17.65100036,3.77706700
17.65200036,5.67175200
17.65300036,7.56028500
17.65400036,9.45496900
17.65500036,9.45496900
17.65600036,9.45496900
17.65700036,7.56028500
17.65800036,7.56028500
17.65900036,7.56028500
17.66000036,5.67175200
17.66100036,5.67175200
17.66200036,5.67175200
17.66300036,7.56028500
17.66400036,9.45496900
17.66500036,9.45496900
17.66600036,9.45496900
17.66700036,7.56028500
17.66800036,5.67175200
17.66900036,5.67175200
17.67000036,5.67175200
17.67100036,5.67175200
17.67200036,5.67175200
17.67300036,5.67175200
17.67400036,5.67175200
17.67500036,5.67175200
17.67600036,5.67175200
17.67700036,3.77706700
17.67800036,3.77706700
17.67900036,3.77706700
17.68000036,3.77706700
17.68100036,3.77706700
17.68200036,3.77706700
17.68300035,3.77706700
17.68400035,3.77706700
17.68500035,3.77706700
17.68600035,3.77706700
17.68700035,1.88853300
17.68800035,1.88853300
17.68900035,0.00000000
17.69000035,1.88853300
17.69100035,1.88853300
17.69200035,1.88853300
17.69300035,1.88853300
17.69400035,1.88853300
17.69500035,1.88853300
17.69600035,1.88853300
17.69700035,1.88853300
17.69800035,1.88853300
17.69900035,1.88853300
17.70000035,1.88853300
17.70100035,1.88853300
17.70200035,3.77706700
17.70300035,3.77706700
17.70400035,3.77706700
17.70500035,3.77706700
17.70600035,3.77706700
17.70700035,1.88853300
17.70800035,1.88853300
17.70900035,3.77706700
17.71000035,5.67175200
17.71100035,5.67175200
17.71200035,5.67175200
17.71300035,3.77706700
17.71400035,1.88853300
17.71500035,1.88853300
17.71600035,1.88853300
17.71700035,1.88853300
17.71800035,3.77706700
17.71900035,5.67175200
17.72000035,5.67175200
17.72100035,7.56028500
17.72200035,7.56028500
17.72300035,5.67175200
17.72400035,3.77706700
17.72500035,1.88853300
17.72600035,1.88853300
17.72700035,3.77706700
17.72800035,3.77706700
17.72900035,3.77706700
17.73000035,5.67175200
17.73100035,5.67175200
17.73200035,5.67175200
17.73300035,3.77706700
17.73400035,3.77706700
17.73500035,3.77706700
17.73600035,1.88853300
17.73700035,1.88853300
17.73800035,1.88853300
17.73900035,1.88853300
17.74000035,1.88853300
17.74100035,1.88853300
17.74200035,3.77706700
17.74300035,3.77706700
17.74400035,3.77706700
17.74500035,3.77706700
17.74600035,3.77706700
17.74700035,3.77706700
17.74800035,3.77706700
17.74900035,3.77706700
17.75000035,1.88853300
17.75100035,0.00000000
17.75200035,0.00000000
17.75300035,0.00000000
17.75400035,1.88853300
17.75500035,1.88853300
17.75600035,3.77706700
17.75700035,3.77706700
17.75800035,5.67175200
17.75900035,5.67175200
17.76000035,3.77706700
17.76100035,1.88853300
17.76200035,1.88853300
17.76300035,0.00000000
17.76400035,0.00000000
17.76500035,1.88853300
17.76600035,1.88853300
17.76700035,3.77706700
17.76800035,3.77706700
17.76900035,5.67175200
17.77000035,3.77706700
17.77100035,3.77706700
17.77200035,1.88853300
17.77300035,1.88853300
17.77400035,3.77706700
17.77500035,3.77706700
17.77600035,3.77706700
17.77700035,3.77706700
17.77800035,3.77706700
17.77900035,3.77706700
17.78000035,1.88853300
17.78100035,1.88853300
17.78200035,1.88853300
17.78300035,3.77706700
17.78400035,3.77706700
17.78500035,3.77706700
17.78600035,3.77706700
17.78700035,3.77706700
17.78800035,3.77706700
17.78900035,3.77706700
17.79000035,3.77706700
17.79100035,1.88853300
17.79200035,1.88853300
17.79300035,3.77706700
17.79400035,3.77706700
17.79500035,3.77706700
17.79600035,3.77706700
17.79700035,3.77706700
17.79800035,3.77706700
17.79900035,3.77706700
17.80000035,3.77706700
17.80100035,1.88853300
17.80200035,3.77706700
17.80300035,3.77706700
17.80400035,5.67175200
17.80500035,5.67175200
17.80600035,5.67175200
17.80700035,3.77706700
17.80800035,1.88853300
17.80900035,1.88853300
17.81000035,1.88853300
17.81100035,1.88853300
17.81200035,1.88853300
17.81300035,3.77706700
17.81400035,5.67175200
17.81500035,5.67175200
17.81600035,5.67175200
17.81700035,5.67175200
17.81800035,3.77706700
17.81900035,1.88853300
17.82000035,1.88853300
17.82100035,1.88853300
17.82200035,1.88853300
17.82300035,3.77706700
17.82400035,3.77706700
17.82500035,5.67175200
17.82600035,5.67175200
17.82700035,5.67175200
17.82800035,3.77706700
17.82900035,1.88853300
17.83000035,1.88853300
17.83100035,1.88853300
17.83200035,1.88853300
17.83300035,3.77706700
17.83400035,3.77706700
17.83500035,3.77706700
17.83600035,3.77706700
17.83700035,3.77706700
17.83800035,3.77706700
17.83900035,3.77706700
17.84000035,3.77706700
17.84100035,3.77706700
17.84200035,3.77706700
17.84300035,3.77706700
17.84400035,3.77706700
17.84500035,3.77706700
17.84600035,3.77706700
17.84700035,3.77706700
17.84800035,3.77706700
17.84900035,3.77706700
17.85000035,3.77706700
17.85100035,3.77706700
17.85200035,3.77706700
17.85300035,3.77706700
17.85400035,3.77706700
17.85500035,3.77706700
17.85600035,1.88853300
17.85700035,1.88853300
17.85800035,3.77706700
17.85900035,3.77706700
17.86000035,3.77706700
17.86100035,1.88853300
17.86200035,3.77706700
17.86300035,3.77706700
17.86400035,3.77706700
17.86500035,3.77706700
17.86600035,3.77706700
17.86700035,3.77706700
17.86800035,3.77706700
17.86900035,3.77706700
17.87000035,5.67175200
17.87100035,5.67175200
17.87200035,5.67175200
17.87300035,3.77706700
17.87400035,3.77706700
17.87500035,1.88853300
17.87600035,1.88853300
17.87700035,1.88853300
17.87800035,1.88853300
17.87900035,3.77706700
17.88000035,5.67175200
17.88100035,5.67175200
17.88200035,5.67175200
17.88300035,7.56028500
17.88400035,5.67175200
17.88500035,5.67175200
17.88600035,3.77706700
17.88700035,3.77706700
17.88800035,5.67175200
17.88900035,5.67175200
17.89000035,7.56028500
17.89100035,9.45496900
17.89200035,9.45496900
17.89300035,9.45496900
17.89400035,9.45496900
17.89500035,9.45496900
17.89600035,7.56028500
17.89700035,7.56028500
17.89800035,7.56028500
17.89900035,7.56028500
17.90000035,7.56028500
17.90100035,5.67175200
17.90200035,7.56028500
17.90300035,7.56028500
17.90400035,7.56028500
17.90500035,9.45496900
17.90600035,9.45496900
17.90700035,9.45496900
17.90800035,7.56028500
17.90900035,7.56028500
17.91000035,5.67175200
17.91100035,5.67175200
17.91200035,5.67175200
17.91300035,3.77706700
17.91400035,3.77706700
17.91500035,5.67175200
17.91600035,5.67175200
17.91700035,5.67175200
17.91800035,5.67175200
17.91900035,5.67175200
17.92000035,5.67175200
17.92100035,3.77706700
17.92200035,3.77706700
17.92300035,1.88853300
17.92400035,1.88853300
17.92500035,1.88853300
17.92600035,1.88853300
17.92700035,3.77706700
17.92800035,3.77706700
17.92900035,1.88853300
17.93000035,1.88853300
17.93100035,1.88853300
17.93200035,1.88853300
17.93300035,1.88853300
17.93400035,1.88853300
17.93500035,1.88853300
17.93600035,1.88853300
17.93700035,1.88853300
17.93800035,3.77706700
17.93900035,3.77706700
17.94000035,3.77706700
17.94100035,1.88853300
17.94200035,3.77706700
17.94300035,3.77706700
17.94400035,3.77706700
17.94500035,3.77706700
17.94600035,3.77706700
17.94700035,3.77706700
17.94800035,3.77706700
17.94900035,3.77706700
17.95000035,3.77706700
17.95100035,3.77706700
17.95200035,3.77706700
17.95300035,3.77706700
17.95400035,3.77706700
17.95500035,3.77706700
17.95600035,3.77706700
17.95700035,3.77706700
17.95800035,5.67175200
17.95900035,5.67175200
17.96000035,7.56028500
17.96100035,5.67175200
17.96200035,5.67175200
17.96300035,5.67175200
17.96400035,3.77706700
17.96500035,3.77706700
17.96600035,3.77706700
17.96700035,3.77706700
17.96800035,3.77706700
17.96900035,3.77706700
17.97000035,5.67175200
17.97100035,5.67175200
17.97200035,5.67175200
17.97300035,3.77706700
17.97400035,3.77706700
17.97500035,1.88853300
17.97600035,0.00000000
17.97700035,0.00000000
17.97800035,1.88853300
17.97900035,1.88853300
17.98000035,3.77706700
17.98100035,3.77706700
17.98200035,1.88853300
17.98300035,0.00000000
17.98400035,0.00000000
17.98500035,-1.88853300
17.98600035,-1.88853300
17.98700035,-3.77706700
17.98800035,-3.77706700
17.98900035,-3.77706700
17.99000035,-1.88853300
17.99100035,-1.88853300
17.99200035,-1.88853300
17.99300035,-1.88853300
17.99400035,-3.77706700
17.99500035,-3.77706700
17.99600035,-5.67175200
17.99700035,-5.67175200
17.99800035,-5.67175200
17.99900035,-3.77706700
18.00000035,-3.77706700
18.00100035,-1.88853300
18.00200035,-1.88853300
18.00300035,-1.88853300
18.00400035,-1.88853300
18.00500035,-3.77706700
18.00600035,-3.77706700
18.00700035,-3.77706700
18.00800035,-3.77706700
18.00900035,-3.77706700
18.01000035,-1.88853300
18.01100035,-1.88853300
18.01200035,0.00000000
18.01300035,0.00000000
18.01400035,0.00000000
18.01500035,1.88853300
18.01600035,1.88853300
18.01700035,1.88853300
18.01800035,1.88853300
18.01900035,1.88853300
18.02000035,1.88853300
18.02100035,1.88853300
18.02200035,1.88853300
18.02300035,1.88853300
18.02400035,1.88853300
18.02500035,3.77706700
18.02600035,3.77706700
18.02700035,5.67175200
18.02800035,3.77706700
18.02900035,3.77706700
18.03000035,3.77706700
18.03100035,1.88853300
18.03200035,1.88853300
18.03300035,1.88853300
18.03400035,1.88853300
18.03500035,3.77706700
18.03600035,3.77706700
18.03700034,5.67175200
18.03800034,5.67175200
18.03900034,5.67175200
18.04000034,3.77706700
18.04100034,1.88853300
18.04200034,1.88853300
18.04300034,0.00000000
18.04400034,0.00000000
18.04500034,1.88853300
18.04600034,1.88853300
18.04700034,3.77706700
18.04800034,1.88853300
18.04900034,1.88853300
18.05000034,1.88853300
18.05100034,1.88853300
18.05200034,0.00000000
18.05300034,0.00000000
18.05400034,0.00000000
18.05500034,1.88853300
18.05600034,1.88853300
18.05700034,0.00000000
18.05800034,0.00000000
18.05900034,0.00000000
18.06000034,0.00000000
18.06100034,0.00000000
18.06200034,0.00000000
18.06300034,1.88853300
18.06400034,0.00000000
18.06500034,0.00000000
18.06600034,-1.88853300
18.06700034,-1.88853300
18.06800034,-1.88853300
18.06900034,0.00000000
18.07000034,0.00000000
18.07100034,0.00000000
18.07200034,1.88853300
18.07300034,1.88853300
18.07400034,1.88853300
18.07500034,1.88853300
18.07600034,0.00000000
18.07700034,0.00000000
18.07800034,0.00000000
18.07900034,0.00000000
18.08000034,0.00000000
18.08100034,0.00000000
18.08200034,1.88853300
18.08300034,1.88853300
18.08400034,1.88853300
18.08500034,1.88853300
18.08600034,1.88853300
18.08700034,1.88853300
18.08800034,0.00000000
18.08900034,0.00000000
18.09000034,0.00000000
18.09100034,1.88853300
18.09200034,1.88853300
18.09300034,3.77706700
18.09400034,5.67175200
18.09500034,5.67175200
18.09600034,3.77706700
18.09700034,1.88853300
18.09800034,1.88853300
18.09900034,1.88853300
18.10000034,1.88853300
18.10100034,3.77706700
18.10200034,3.77706700
18.10300034,3.77706700
18.10400034,5.67175200
18.10500034,3.77706700
18.10600034,3.77706700
18.10700034,3.77706700
18.10800034,3.77706700
18.10900034,3.77706700
18.11000034,3.77706700
18.11100034,3.77706700
18.11200034,3.77706700
18.11300034,5.67175200
18.11400034,5.67175200
18.11500034,3.77706700
18.11600034,3.77706700
18.11700034,3.77706700
18.11800034,1.88853300
18.11900034,3.77706700
18.12000034,3.77706700
18.12100034,3.77706700
18.12200034,3.77706700
18.12300034,3.77706700
18.12400034,3.77706700
18.12500034,3.77706700
18.12600034,1.88853300
18.12700034,1.88853300
18.12800034,1.88853300
18.12900034,1.88853300
18.13000034,1.88853300
18.13100034,1.88853300
18.13200034,1.88853300
18.13300034,1.88853300
18.13400034,1.88853300
18.13500034,1.88853300
18.13600034,1.88853300
18.13700034,0.00000000
18.13800034,1.88853300
18.13900034,1.88853300
18.14000034,1.88853300
18.14100034,1.88853300
18.14200034,1.88853300
18.14300034,1.88853300
18.14400034,1.88853300
18.14500034,1.88853300
18.14600034,1.88853300
18.14700034,1.88853300
18.14800034,1.88853300
18.14900034,1.88853300
18.15000034,1.88853300
18.15100034,1.88853300
18.15200034,1.88853300
18.15300034,1.88853300
18.15400034,1.88853300
18.15500034,1.88853300
18.15600034,1.88853300
18.15700034,1.88853300
18.15800034,1.88853300
18.15900034,3.77706700
18.16000034,1.88853300
18.16100034,1.88853300
18.16200034,3.77706700
18.16300034,3.77706700
18.16400034,3.77706700
18.16500034,3.77706700
18.16600034,5.67175200
18.16700034,5.67175200
18.16800034,5.67175200
18.16900034,5.67175200
18.17000034,3.77706700
18.17100034,3.77706700
18.17200034,3.77706700
18.17300034,3.77706700
18.17400034,3.77706700
18.17500034,3.77706700
18.17600034,3.77706700
18.17700034,3.77706700
18.17800034,5.67175200
18.17900034,5.67175200
18.18000034,3.77706700
18.18100034,3.77706700
18.18200034,3.77706700
18.18300034,5.67175200
18.18400034,5.67175200
18.18500034,5.67175200
18.18600034,5.67175200
18.18700034,5.67175200
18.18800034,3.77706700
18.18900034,3.77706700
18.19000034,3.77706700
18.19100034,3.77706700
18.19200034,3.77706700
18.19300034,3.77706700
18.19400034,3.77706700
18.19500034,3.77706700
18.19600034,3.77706700
18.19700034,3.77706700
18.19800034,3.77706700
18.19900034,3.77706700
18.20000034,3.77706700
18.20100034,3.77706700
18.20200034,3.77706700
18.20300034,3.77706700
18.20400034,3.77706700
18.20500034,3.77706700
18.20600034,3.77706700
18.20700034,3.77706700
18.20800034,3.77706700
18.20900034,3.77706700
18.21000034,3.77706700
18.21100034,3.77706700
18.21200034,3.77706700
18.21300034,1.88853300
18.21400034,1.88853300
18.21500034,1.88853300
18.21600034,1.88853300
18.21700034,3.77706700
18.21800034,3.77706700
18.21900034,3.77706700
18.22000034,3.77706700
18.22100034,3.77706700
18.22200034,5.67175200
18.22300034,5.67175200
18.22400034,5.67175200
18.22500034,3.77706700
18.22600034,3.77706700
18.22700034,3.77706700
18.22800034,3.77706700
18.22900034,3.77706700
18.23000034,3.77706700
18.23100034,3.77706700
18.23200034,3.77706700
18.23300034,3.77706700
18.23400034,3.77706700
18.23500034,3.77706700
18.23600034,3.77706700
18.23700034,3.77706700
18.23800034,5.67175200
18.23900034,5.67175200
18.24000034,5.67175200
18.24100034,5.67175200
18.24200034,5.67175200
18.24300034,5.67175200
18.24400034,3.77706700
18.24500034,3.77706700
18.24600034,3.77706700
18.24700034,5.67175200
18.24800034,5.67175200
18.24900034,5.67175200
18.25000034,5.67175200
18.25100034,5.67175200
18.25200034,5.67175200
18.25300034,5.67175200
18.25400034,3.77706700
18.25500034,3.77706700
18.25600034,5.67175200
18.25700034,5.67175200
18.25800034,5.67175200
18.25900034,5.67175200
18.26000034,5.67175200
18.26100034,3.77706700
18.26200034,3.77706700
18.26300034,3.77706700
18.26400034,3.77706700
18.26500034,3.77706700
18.26600034,3.77706700
18.26700034,5.67175200
18.26800034,5.67175200
18.26900034,5.67175200
18.27000034,5.67175200
18.27100034,3.77706700
18.27200034,3.77706700
18.27300034,3.77706700
18.27400034,3.77706700
18.27500034,3.77706700
18.27600034,5.67175200
18.27700034,5.67175200
18.27800034,5.67175200
18.27900034,5.67175200
18.28000034,3.77706700
18.28100034,3.77706700
18.28200034,1.88853300
18.28300034,3.77706700
18.28400034,3.77706700
18.28500034,3.77706700
18.28600034,3.77706700
18.28700034,3.77706700
18.28800034,3.77706700
18.28900034,5.67175200
18.29000034,5.67175200
18.29100034,3.77706700
18.29200034,3.77706700
18.29300034,3.77706700
18.29400034,3.77706700
18.29500034,3.77706700
18.29600034,3.77706700
18.29700034,3.77706700
18.29800034,5.67175200
18.29900034,5.67175200
18.30000034,3.77706700
18.30100034,3.77706700
18.30200034,3.77706700
18.30300034,3.77706700
18.30400034,3.77706700
18.30500034,3.77706700
18.30600034,3.77706700
18.30700034,3.77706700
18.30800034,3.77706700
18.30900034,3.77706700
18.31000034,3.77706700
18.31100034,5.67175200
18.31200034,5.67175200
18.31300034,5.67175200
18.31400034,7.56028500
18.31500034,7.56028500
18.31600034,5.67175200
18.31700034,3.77706700
18.31800034,3.77706700
18.31900034,1.88853300
18.32000034,1.88853300
18.32100034,3.77706700
18.32200034,5.67175200
18.32300034,5.67175200
18.32400034,7.56028500
18.32500034,7.56028500
18.32600034,7.56028500
18.32700034,7.56028500
18.32800034,5.67175200
18.32900034,3.77706700
18.33000034,3.77706700
18.33100034,1.88853300
18.33200034,1.88853300
18.33300034,3.77706700
18.33400034,5.67175200
18.33500034,7.56028500
18.33600034,7.56028500
18.33700034,7.56028500
18.33800034,7.56028500
18.33900034,5.67175200
18.34000034,5.67175200
18.34100034,5.67175200
18.34200034,3.77706700
18.34300034,3.77706700
18.34400034,3.77706700
18.34500034,3.77706700
18.34600034,3.77706700
18.34700034,3.77706700
18.34800034,3.77706700
18.34900034,5.67175200
18.35000034,7.56028500
18.35100034,7.56028500
18.35200034,7.56028500
18.35300034,7.56028500
18.35400034,5.67175200
18.35500034,3.77706700
18.35600034,1.88853300
18.35700034,0.00000000
18.35800034,-1.88853300
18.35900034,0.00000000
18.36000034,1.88853300
18.36100034,3.77706700
18.36200034,5.67175200
18.36300034,7.56028500
18.36400034,9.45496900
18.36500034,7.56028500
18.36600034,5.67175200
18.36700034,3.77706700
18.36800034,1.88853300
18.36900034,0.00000000
18.37000034,0.00000000
18.37100034,1.88853300
18.37200034,1.88853300
18.37300034,3.77706700
18.37400034,5.67175200
18.37500034,7.56028500
18.37600034,7.56028500
18.37700034,7.56028500
18.37800034,5.67175200
18.37900034,5.67175200
18.38000034,3.77706700
18.38100034,3.77706700
18.38200034,1.88853300
18.38300034,1.88853300
18.38400034,1.88853300
18.38500034,3.77706700
18.38600034,5.67175200
18.38700034,7.56028500
18.38800034,7.56028500
18.38900034,7.56028500
18.39000033,7.56028500
18.39100033,5.67175200
18.39200033,5.67175200
18.39300033,3.77706700
18.39400033,3.77706700
18.39500033,1.88853300
18.39600033,1.88853300
18.39700033,3.77706700
18.39800033,3.77706700
18.39900033,5.67175200
18.40000033,7.56028500
18.40100033,7.56028500
18.40200033,5.67175200
18.40300033,5.67175200
18.40400033,3.77706700
18.40500033,3.77706700
18.40600033,3.77706700
18.40700033,5.67175200
18.40800033,5.67175200
18.40900033,5.67175200
18.41000033,5.67175200
18.41100033,5.67175200
18.41200033,3.77706700
18.41300033,3.77706700
18.41400033,3.77706700
18.41500033,3.77706700
18.41600033,3.77706700
18.41700033,3.77706700
18.41800033,5.67175200
18.41900033,5.67175200
18.42000033,5.67175200
18.42100033,3.77706700
18.42200033,1.88853300
18.42300033,1.88853300
18.42400033,1.88853300
18.42500033,1.88853300
18.42600033,1.88853300
18.42700033,3.77706700
18.42800033,3.77706700
18.42900033,5.67175200
18.43000033,3.77706700
18.43100033,3.77706700
18.43200033,3.77706700
18.43300033,3.77706700
18.43400033,3.77706700
18.43500033,3.77706700
18.43600033,1.88853300
18.43700033,1.88853300
18.43800033,1.88853300
18.43900033,3.77706700
18.44000033,3.77706700
18.44100033,3.77706700
18.44200033,3.77706700
18.44300033,3.77706700
18.44400033,3.77706700
18.44500033,5.67175200
18.44600033,5.67175200
18.44700033,3.77706700
18.44800033,3.77706700
18.44900033,1.88853300
18.45000033,1.88853300
18.45100033,1.88853300
18.45200033,1.88853300
18.45300033,1.88853300
18.45400033,3.77706700
18.45500033,3.77706700
18.45600033,5.67175200
18.45700033,5.67175200
18.45800033,7.56028500
18.45900033,5.67175200
18.46000033,3.77706700
18.46100033,3.77706700
18.46200033,1.88853300
18.46300033,1.88853300
18.46400033,1.88853300
18.46500033,3.77706700
18.46600033,3.77706700
18.46700033,3.77706700
18.46800033,5.67175200
18.46900033,5.67175200
18.47000033,3.77706700
18.47100033,3.77706700
18.47200033,1.88853300
18.47300033,1.88853300
18.47400033,1.88853300
18.47500033,1.88853300
18.47600033,1.88853300
18.47700033,1.88853300
18.47800033,1.88853300
18.47900033,3.77706700
18.48000033,3.77706700
18.48100033,3.77706700
18.48200033,3.77706700
18.48300033,3.77706700
18.48400033,3.77706700
18.48500033,3.77706700
18.48600033,3.77706700
18.48700033,1.88853300
18.48800033,1.88853300
18.48900033,0.00000000
18.49000033,0.00000000
18.49100033,1.88853300
18.49200033,1.88853300
18.49300033,3.77706700
18.49400033,3.77706700
18.49500033,3.77706700
18.49600033,1.88853300
18.49700033,1.88853300
18.49800033,3.77706700
18.49900033,3.77706700
18.50000033,3.77706700
18.50100033,1.88853300
18.50200033,1.88853300
18.50300033,3.77706700
18.50400033,3.77706700
18.50500033,3.77706700
18.50600033,3.77706700
18.50700033,3.77706700
18.50800033,1.88853300
18.50900033,1.88853300
18.51000033,1.88853300
18.51100033,3.77706700
18.51200033,3.77706700
18.51300033,3.77706700
18.51400033,3.77706700
18.51500033,3.77706700
18.51600033,3.77706700
18.51700033,3.77706700
18.51800033,3.77706700
18.51900033,3.77706700
18.52000033,3.77706700
18.52100033,3.77706700
18.52200033,3.77706700
18.52300033,3.77706700
18.52400033,1.88853300
18.52500033,1.88853300
18.52600033,1.88853300
18.52700033,3.77706700
18.52800033,3.77706700
18.52900033,3.77706700
18.53000033,3.77706700
18.53100033,3.77706700
18.53200033,3.77706700
18.53300033,3.77706700
18.53400033,3.77706700
18.53500033,1.88853300
18.53600033,1.88853300
18.53700033,1.88853300
18.53800033,1.88853300
18.53900033,1.88853300
18.54000033,1.88853300
18.54100033,1.88853300
18.54200033,1.88853300
18.54300033,3.77706700
18.54400033,1.88853300
18.54500033,1.88853300
18.54600033,1.88853300
18.54700033,1.88853300
18.54800033,1.88853300
18.54900033,1.88853300
18.55000033,1.88853300
18.55100033,3.77706700
18.55200033,3.77706700
18.55300033,3.77706700
18.55400033,3.77706700
18.55500033,3.77706700
18.55600033,3.77706700
18.55700033,3.77706700
18.55800033,1.88853300
18.55900033,1.88853300
18.56000033,1.88853300
18.56100033,1.88853300
18.56200033,3.77706700
18.56300033,3.77706700
18.56400033,3.77706700
18.56500033,3.77706700
18.56600033,3.77706700
18.56700033,3.77706700
18.56800033,3.77706700
18.56900033,3.77706700
18.57000033,1.88853300
18.57100033,3.77706700
18.57200033,3.77706700
18.57300033,3.77706700
18.57400033,3.77706700
18.57500033,3.77706700
18.57600033,1.88853300
18.57700033,1.88853300
18.57800033,1.88853300
18.57900033,1.88853300
18.58000033,1.88853300
18.58100033,1.88853300
18.58200033,1.88853300
18.58300033,3.77706700
18.58400033,3.77706700
18.58500033,3.77706700
18.58600033,3.77706700
18.58700033,1.88853300
18.58800033,0.00000000
18.58900033,0.00000000
18.59000033,0.00000000
18.59100033,1.88853300
18.59200033,1.88853300
18.59300033,3.77706700
18.59400033,3.77706700
18.59500033,5.67175200
18.59600033,3.77706700
18.59700033,1.88853300
18.59800033,1.88853300
18.59900033,0.00000000
18.60000033,0.00000000
18.60100033,0.00000000
18.60200033,0.00000000
18.60300033,0.00000000
18.60400033,0.00000000
18.60500033,1.88853300
18.60600033,3.77706700
18.60700033,5.67175200
18.60800033,5.67175200
18.60900033,3.77706700
18.61000033,3.77706700
18.61100033,1.88853300
18.61200033,0.00000000
18.61300033,-1.88853300
18.61400033,-1.88853300
18.61500033,-1.88853300
18.61600033,0.00000000
18.61700033,1.88853300
18.61800033,3.77706700
18.61900033,5.67175200
18.62000033,7.56028500
18.62100033,7.56028500
18.62200033,5.67175200
18.62300033,3.77706700
18.62400033,1.88853300
18.62500033,0.00000000
18.62600033,-1.88853300
18.62700033,-1.88853300
18.62800033,0.00000000
18.62900033,1.88853300
18.63000033,3.77706700
18.63100033,7.56028500
18.63200033,7.56028500
18.63300033,7.56028500
18.63400033,5.67175200
18.63500033,3.77706700
18.63600033,0.00000000
18.63700033,-1.88853300
18.63800033,-3.77706700
18.63900033,-1.88853300
18.64000033,-1.88853300
18.64100033,1.88853300
18.64200033,3.77706700
18.64300033,5.67175200
18.64400033,5.67175200
18.64500033,5.67175200
18.64600033,3.77706700
18.64700033,1.88853300
18.64800033,0.00000000
18.64900033,-1.88853300
18.65000033,-3.77706700
18.65100033,-3.77706700
18.65200033,-3.77706700
18.65300033,-1.88853300
18.65400033,0.00000000
18.65500033,1.88853300
18.65600033,3.77706700
18.65700033,3.77706700
18.65800033,3.77706700
18.65900033,1.88853300
18.66000033,0.00000000
18.66100033,-3.77706700
18.66200033,-5.67175200
18.66300033,-5.67175200
18.66400033,-5.67175200
18.66500033,-3.77706700
18.66600033,0.00000000
18.66700033,1.88853300
18.66800033,3.77706700
18.66900033,3.77706700
18.67000033,3.77706700
18.67100033,1.88853300
18.67200033,-1.88853300
18.67300033,-1.88853300
18.67400033,-1.88853300
18.67500033,-1.88853300
18.67600033,-1.88853300
18.67700033,0.00000000
18.67800033,1.88853300
18.67900033,1.88853300
18.68000033,1.88853300
18.68100033,0.00000000
18.68200033,0.00000000
18.68300033,0.00000000
18.68400033,0.00000000
18.68500033,0.00000000
18.68600033,0.00000000
18.68700033,1.88853300
18.68800033,1.88853300
18.68900033,3.77706700
18.69000033,3.77706700
18.69100033,1.88853300
18.69200033,1.88853300
18.69300033,1.88853300
18.69400033,1.88853300
18.69500033,3.77706700
18.69600033,1.88853300
18.69700033,1.88853300
18.69800033,1.88853300
18.69900033,1.88853300
18.70000033,1.88853300
18.70100033,1.88853300
18.70200033,0.00000000
18.70300033,1.88853300
18.70400033,1.88853300
18.70500033,1.88853300
18.70600033,1.88853300
18.70700033,1.88853300
18.70800033,0.00000000
18.70900033,0.00000000
18.71000033,0.00000000
18.71100033,0.00000000
18.71200033,0.00000000
18.71300033,1.88853300
18.71400033,1.88853300
18.71500033,1.88853300
18.71600033,1.88853300
18.71700033,1.88853300
18.71800033,0.00000000
18.71900033,0.00000000
18.72000033,-1.88853300
18.72100033,-1.88853300
18.72200033,-1.88853300
18.72300033,0.00000000
18.72400033,1.88853300
18.72500033,1.88853300
18.72600033,1.88853300
18.72700033,0.00000000
18.72800033,-1.88853300
18.72900033,-1.88853300
18.73000033,-3.77706700
18.73100033,-3.77706700
18.73200033,-3.77706700
18.73300033,-1.88853300
18.73400033,0.00000000
18.73500033,1.88853300
18.73600033,1.88853300
18.73700033,1.88853300
18.73800033,0.00000000
18.73900033,0.00000000
18.74000033,0.00000000
18.74100033,-1.88853300
18.74200033,-1.88853300
18.74300033,0.00000000
18.74400032,0.00000000
18.74500032,0.00000000
18.74600032,0.00000000
18.74700032,0.00000000
18.74800032,0.00000000
18.74900032,0.00000000
18.75000032,0.00000000
18.75100032,0.00000000
18.75200032,1.88853300
18.75300032,0.00000000
18.75400032,0.00000000
18.75500032,0.00000000
18.75600032,0.00000000
18.75700032,0.00000000
18.75800032,0.00000000
18.75900032,0.00000000
18.76000032,0.00000000
18.76100032,0.00000000
18.76200032,1.88853300
18.76300032,1.88853300
18.76400032,0.00000000
18.76500032,0.00000000
18.76600032,0.00000000
18.76700032,0.00000000
18.76800032,0.00000000
18.76900032,0.00000000
18.77000032,0.00000000
18.77100032,0.00000000
18.77200032,0.00000000
18.77300032,0.00000000
18.77400032,0.00000000
18.77500032,-1.88853300
18.77600032,-1.88853300
18.77700032,0.00000000
18.77800032,0.00000000
18.77900032,1.88853300
18.78000032,1.88853300
18.78100032,1.88853300
18.78200032,1.88853300
18.78300032,1.88853300
18.78400032,0.00000000
18.78500032,-1.88853300
18.78600032,-1.88853300
18.78700032,-1.88853300
18.78800032,0.00000000
18.78900032,1.88853300
18.79000032,3.77706700
18.79100032,3.77706700
18.79200032,1.88853300
18.79300032,1.88853300
18.79400032,0.00000000
18.79500032,-1.88853300
18.79600032,-1.88853300
18.79700032,-1.88853300
18.79800032,0.00000000
18.79900032,1.88853300
18.80000032,1.88853300
18.80100032,3.77706700
18.80200032,1.88853300
18.80300032,1.88853300
18.80400032,0.00000000
18.80500032,0.00000000
18.80600032,0.00000000
18.80700032,0.00000000
18.80800032,0.00000000
18.80900032,0.00000000
18.81000032,0.00000000
18.81100032,0.00000000
18.81200032,0.00000000
18.81300032,0.00000000
18.81400032,-1.88853300
18.81500032,-1.88853300
18.81600032,-1.88853300
18.81700032,0.00000000
18.81800032,0.00000000
18.81900032,0.00000000
18.82000032,0.00000000
18.82100032,0.00000000
18.82200032,0.00000000
18.82300032,0.00000000
18.82400032,-1.88853300
18.82500032,-1.88853300
18.82600032,-1.88853300
18.82700032,-1.88853300
18.82800032,0.00000000
18.82900032,0.00000000
18.83000032,0.00000000
18.83100032,0.00000000
18.83200032,-1.88853300
18.83300032,0.00000000
18.83400032,0.00000000
18.83500032,1.88853300
18.83600032,0.00000000
18.83700032,0.00000000
18.83800032,0.00000000
18.83900032,0.00000000
18.84000032,0.00000000
18.84100032,-1.88853300
18.84200032,-1.88853300
18.84300032,-1.88853300
18.84400032,0.00000000
18.84500032,0.00000000
18.84600032,1.88853300
18.84700032,1.88853300
18.84800032,0.00000000
18.84900032,0.00000000
18.85000032,-1.88853300
18.85100032,-1.88853300
18.85200032,-1.88853300
18.85300032,-1.88853300
18.85400032,-1.88853300
18.85500032,0.00000000
18.85600032,1.88853300
18.85700032,1.88853300
18.85800032,1.88853300
18.85900032,0.00000000
18.86000032,0.00000000
18.86100032,-1.88853300
18.86200032,-1.88853300
18.86300032,-1.88853300
18.86400032,-1.88853300
18.86500032,-1.88853300
18.86600032,0.00000000
18.86700032,0.00000000
18.86800032,0.00000000
18.86900032,-1.88853300
18.87000032,-1.88853300
18.87100032,-1.88853300
18.87200032,-1.88853300
18.87300032,-1.88853300
18.87400032,-1.88853300
18.87500032,-1.88853300
18.87600032,-1.88853300
18.87700032,0.00000000
18.87800032,-1.88853300
18.87900032,-1.88853300
18.88000032,-1.88853300
18.88100032,-1.88853300
18.88200032,-1.88853300
18.88300032,-1.88853300
18.88400032,-1.88853300
18.88500032,-1.88853300
18.88600032,-1.88853300
18.88700032,-1.88853300
18.88800032,-1.88853300
18.88900032,-1.88853300
18.89000032,-1.88853300
18.89100032,-1.88853300
18.89200032,-1.88853300
18.89300032,0.00000000
18.89400032,0.00000000
18.89500032,0.00000000
18.89600032,-1.88853300
18.89700032,-1.88853300
18.89800032,-1.88853300
18.89900032,-1.88853300
18.90000032,0.00000000
18.90100032,0.00000000
18.90200032,0.00000000
18.90300032,0.00000000
18.90400032,-1.88853300
18.90500032,-1.88853300
18.90600032,-1.88853300
18.90700032,-1.88853300
18.90800032,-1.88853300
18.90900032,-1.88853300
18.91000032,-1.88853300
18.91100032,0.00000000
18.91200032,0.00000000
18.91300032,0.00000000
18.91400032,0.00000000
18.91500032,0.00000000
18.91600032,-1.88853300
18.91700032,-1.88853300
18.91800032,-1.88853300
18.91900032,0.00000000
18.92000032,0.00000000
18.92100032,0.00000000
18.92200032,1.88853300
18.92300032,1.88853300
18.92400032,0.00000000
18.92500032,0.00000000
18.92600032,-1.88853300
18.92700032,-1.88853300
18.92800032,-1.88853300
18.92900032,-1.88853300
18.93000032,-1.88853300
18.93100032,-1.88853300
18.93200032,-3.77706700
18.93300032,-3.77706700
18.93400032,-3.77706700
18.93500032,-1.88853300
18.93600032,-1.88853300
18.93700032,-3.77706700
18.93800032,-3.77706700
18.93900032,-3.77706700
18.94000032,-1.88853300
18.94100032,-3.77706700
18.94200032,-3.77706700
18.94300032,-3.77706700
18.94400032,-3.77706700
18.94500032,-1.88853300
18.94600032,-1.88853300
18.94700032,-1.88853300
18.94800032,0.00000000
18.94900032,0.00000000
18.95000032,-1.88853300
18.95100032,-1.88853300
18.95200032,-1.88853300
18.95300032,-1.88853300
18.95400032,-3.77706700
18.95500032,-1.88853300
18.95600032,0.00000000
18.95700032,1.88853300
18.95800032,0.00000000
18.95900032,0.00000000
18.96000032,-1.88853300
18.96100032,-1.88853300
18.96200032,-1.88853300
18.96300032,-1.88853300
18.96400032,-1.88853300
18.96500032,-1.88853300
18.96600032,-1.88853300
18.96700032,-1.88853300
18.96800032,-1.88853300
18.96900032,-1.88853300
18.97000032,-1.88853300
18.97100032,-1.88853300
18.97200032,-3.77706700
18.97300032,-3.77706700
18.97400032,-3.77706700
18.97500032,-1.88853300
18.97600032,0.00000000
18.97700032,0.00000000
18.97800032,0.00000000
18.97900032,0.00000000
18.98000032,0.00000000
18.98100032,-1.88853300
18.98200032,-1.88853300
18.98300032,-1.88853300
18.98400032,-1.88853300
18.98500032,-3.77706700
18.98600032,-1.88853300
18.98700032,-1.88853300
18.98800032,-1.88853300
18.98900032,-1.88853300
18.99000032,-1.88853300
18.99100032,-3.77706700
18.99200032,-3.77706700
18.99300032,-3.77706700
18.99400032,-3.77706700
18.99500032,-1.88853300
18.99600032,0.00000000
18.99700032,0.00000000
18.99800032,0.00000000
18.99900032,0.00000000
19.00000032,0.00000000
19.00100032,0.00000000
19.00200032,0.00000000
19.00300032,0.00000000
19.00400032,0.00000000
19.00500032,0.00000000
19.00600032,0.00000000
19.00700032,0.00000000
19.00800032,-1.88853300
19.00900032,-1.88853300
19.01000032,-1.88853300
19.01100032,-3.77706700
19.01200032,-3.77706700
19.01300032,-3.77706700
19.01400032,-3.77706700
19.01500032,-3.77706700
19.01600032,-3.77706700
19.01700032,-3.77706700
19.01800032,-1.88853300
19.01900032,-1.88853300
19.02000032,0.00000000
19.02100032,0.00000000
19.02200032,1.88853300
19.02300032,1.88853300
19.02400032,1.88853300
19.02500032,0.00000000
19.02600032,0.00000000
19.02700032,-1.88853300
19.02800032,-1.88853300
19.02900032,0.00000000
19.03000032,0.00000000
19.03100032,0.00000000
19.03200032,-1.88853300
19.03300032,-1.88853300
19.03400032,-1.88853300
19.03500032,-1.88853300
19.03600032,-3.77706700
19.03700032,-3.77706700
19.03800032,-3.77706700
19.03900032,-1.88853300
19.04000032,-1.88853300
19.04100032,0.00000000
19.04200032,0.00000000
19.04300032,0.00000000
19.04400032,0.00000000
19.04500032,0.00000000
19.04600032,0.00000000
19.04700032,0.00000000
19.04800032,0.00000000
19.04900032,0.00000000
19.05000032,0.00000000
19.05100032,1.88853300
19.05200032,0.00000000
19.05300032,0.00000000
19.05400032,0.00000000
19.05500032,-1.88853300
19.05600032,-1.88853300
19.05700032,-1.88853300
19.05800032,-1.88853300
19.05900032,-1.88853300
19.06000032,-3.77706700
19.06100032,-1.88853300
19.06200032,-1.88853300
19.06300032,-1.88853300
19.06400032,-1.88853300
19.06500032,-1.88853300
19.06600032,-1.88853300
19.06700032,-1.88853300
19.06800032,-1.88853300
19.06900032,0.00000000
19.07000032,0.00000000
19.07100032,0.00000000
19.07200032,-1.88853300
19.07300032,-1.88853300
19.07400032,-1.88853300
19.07500032,-3.77706700
19.07600032,-3.77706700
19.07700032,-3.77706700
19.07800032,-3.77706700
19.07900032,-3.77706700
19.08000032,-5.67175200
19.08100032,-5.67175200
19.08200032,-7.56028500
19.08300032,-7.56028500
19.08400032,-7.56028500
19.08500032,-5.67175200
19.08600032,-5.67175200
19.08700032,-5.67175200
19.08800032,-5.67175200
19.08900032,-5.67175200
19.09000032,-5.67175200
19.09100032,-5.67175200
19.09200032,-5.67175200
19.09300032,-5.67175200
19.09400032,-5.67175200
19.09500032,-3.77706700
19.09600032,-3.77706700
19.09700031,-3.77706700
19.09800031,-3.77706700
19.09900031,-3.77706700
19.10000031,-3.77706700
19.10100031,-5.67175200
19.10200031,-5.67175200
19.10300031,-5.67175200
19.10400031,-5.67175200
19.10500031,-5.67175200
19.10600031,-3.77706700
19.10700031,-3.77706700
19.10800031,-1.88853300
19.10900031,-3.77706700
19.11000031,-3.77706700
19.11100031,-1.88853300
19.11200031,-3.77706700
19.11300031,-3.77706700
19.11400031,-3.77706700
19.11500031,-1.88853300
19.11600031,0.00000000
19.11700031,0.00000000
19.11800031,1.88853300
19.11900031,1.88853300
19.12000031,0.00000000
19.12100031,0.00000000
19.12200031,0.00000000
19.12300031,0.00000000
19.12400031,0.00000000
19.12500031,-1.88853300
19.12600031,-1.88853300
19.12700031,-1.88853300
19.12800031,0.00000000
19.12900031,0.00000000
19.13000031,0.00000000
19.13100031,-1.88853300
19.13200031,-1.88853300
19.13300031,-1.88853300
19.13400031,0.00000000
19.13500031,0.00000000
19.13600031,0.00000000
19.13700031,0.00000000
19.13800031,0.00000000
19.13900031,0.00000000
19.14000031,0.00000000
19.14100031,0.00000000
19.14200031,0.00000000
19.14300031,0.00000000
19.14400031,0.00000000
19.14500031,0.00000000
19.14600031,0.00000000
19.14700031,0.00000000
19.14800031,-1.88853300
19.14900031,-1.88853300
19.15000031,-1.88853300
19.15100031,-1.88853300
19.15200031,-1.88853300
19.15300031,-1.88853300
19.15400031,-1.88853300
19.15500031,-1.88853300
19.15600031,-1.88853300
19.15700031,-1.88853300
19.15800031,-1.88853300
19.15900031,-1.88853300
19.16000031,-1.88853300
19.16100031,0.00000000
19.16200031,0.00000000
19.16300031,0.00000000
19.16400031,0.00000000
19.16500031,0.00000000
19.16600031,0.00000000
19.16700031,0.00000000
19.16800031,0.00000000
19.16900031,-1.88853300
19.17000031,-1.88853300
19.17100031,-1.88853300
19.17200031,-1.88853300
19.17300031,-1.88853300
19.17400031,-1.88853300
19.17500031,-1.88853300
19.17600031,-1.88853300
19.17700031,-1.88853300
19.17800031,-1.88853300
19.17900031,-1.88853300
19.18000031,-1.88853300
19.18100031,-1.88853300
19.18200031,-1.88853300
19.18300031,-1.88853300
19.18400031,-1.88853300
19.18500031,-1.88853300
19.18600031,0.00000000
19.18700031,0.00000000
19.18800031,0.00000000
19.18900031,0.00000000
19.19000031,0.00000000
19.19100031,0.00000000
19.19200031,0.00000000
19.19300031,-1.88853300
19.19400031,-1.88853300
19.19500031,0.00000000
19.19600031,0.00000000
19.19700031,0.00000000
19.19800031,0.00000000
19.19900031,1.88853300
19.20000031,1.88853300
19.20100031,1.88853300
19.20200031,1.88853300
19.20300031,0.00000000
19.20400031,0.00000000
19.20500031,0.00000000
19.20600031,1.88853300
19.20700031,3.77706700
19.20800031,3.77706700
19.20900031,3.77706700
19.21000031,3.77706700
19.21100031,5.67175200
19.21200031,3.77706700
19.21300031,3.77706700
19.21400031,3.77706700
19.21500031,3.77706700
19.21600031,3.77706700
19.21700031,3.77706700
19.21800031,3.77706700
19.21900031,5.67175200
19.22000031,5.67175200
19.22100031,3.77706700
19.22200031,3.77706700
19.22300031,3.77706700
19.22400031,3.77706700
19.22500031,3.77706700
19.22600031,3.77706700
19.22700031,3.77706700
19.22800031,3.77706700
19.22900031,3.77706700
19.23000031,3.77706700
19.23100031,3.77706700
19.23200031,3.77706700
19.23300031,3.77706700
19.23400031,3.77706700
19.23500031,3.77706700
19.23600031,3.77706700
19.23700031,3.77706700
19.23800031,3.77706700
19.23900031,1.88853300
19.24000031,1.88853300
19.24100031,1.88853300
19.24200031,1.88853300
19.24300031,1.88853300
19.24400031,1.88853300
19.24500031,1.88853300
19.24600031,1.88853300
19.24700031,1.88853300
19.24800031,1.88853300
19.24900031,0.00000000
19.25000031,0.00000000
19.25100031,0.00000000
19.25200031,0.00000000
19.25300031,0.00000000
19.25400031,0.00000000
19.25500031,0.00000000
19.25600031,1.88853300
19.25700031,1.88853300
19.25800031,0.00000000
19.25900031,0.00000000
19.26000031,0.00000000
19.26100031,0.00000000
19.26200031,1.88853300
19.26300031,1.88853300
19.26400031,1.88853300
19.26500031,0.00000000
19.26600031,1.88853300
19.26700031,1.88853300
19.26800031,1.88853300
19.26900031,1.88853300
19.27000031,1.88853300
19.27100031,1.88853300
19.27200031,1.88853300
19.27300031,1.88853300
19.27400031,1.88853300
19.27500031,1.88853300
19.27600031,1.88853300
19.27700031,1.88853300
19.27800031,1.88853300
19.27900031,3.77706700
19.28000031,1.88853300
19.28100031,3.77706700
19.28200031,3.77706700
19.28300031,3.77706700
19.28400031,3.77706700
19.28500031,3.77706700
19.28600031,3.77706700
19.28700031,3.77706700
19.28800031,3.77706700
19.28900031,3.77706700
19.29000031,3.77706700
19.29100031,3.77706700
19.29200031,3.77706700
19.29300031,3.77706700
19.29400031,3.77706700
19.29500031,3.77706700
19.29600031,1.88853300
19.29700031,1.88853300
19.29800031,3.77706700
19.29900031,3.77706700
19.30000031,3.77706700
19.30100031,3.77706700
19.30200031,3.77706700
19.30300031,3.77706700
19.30400031,3.77706700
19.30500031,3.77706700
19.30600031,3.77706700
19.30700031,3.77706700
19.30800031,3.77706700
19.30900031,3.77706700
19.31000031,3.77706700
19.31100031,3.77706700
19.31200031,5.67175200
19.31300031,5.67175200
19.31400031,3.77706700
19.31500031,3.77706700
19.31600031,3.77706700
19.31700031,1.88853300
19.31800031,3.77706700
19.31900031,3.77706700
19.32000031,3.77706700
19.32100031,3.77706700
19.32200031,3.77706700
19.32300031,3.77706700
19.32400031,3.77706700
19.32500031,1.88853300
19.32600031,1.88853300
19.32700031,3.77706700
19.32800031,3.77706700
19.32900031,3.77706700
19.33000031,3.77706700
19.33100031,3.77706700
19.33200031,3.77706700
19.33300031,3.77706700
19.33400031,3.77706700
19.33500031,5.67175200
19.33600031,5.67175200
19.33700031,3.77706700
19.33800031,5.67175200
19.33900031,5.67175200
19.34000031,5.67175200
19.34100031,5.67175200
19.34200031,3.77706700
19.34300031,3.77706700
19.34400031,3.77706700
19.34500031,3.77706700
19.34600031,3.77706700
19.34700031,3.77706700
19.34800031,5.67175200
19.34900031,5.67175200
19.35000031,5.67175200
19.35100031,5.67175200
19.35200031,3.77706700
19.35300031,3.77706700
19.35400031,3.77706700
19.35500031,5.67175200
19.35600031,5.67175200
19.35700031,5.67175200
19.35800031,7.56028500
19.35900031,7.56028500
19.36000031,5.67175200
19.36100031,5.67175200
19.36200031,5.67175200
19.36300031,5.67175200
19.36400031,5.67175200
19.36500031,5.67175200
19.36600031,5.67175200
19.36700031,5.67175200
19.36800031,5.67175200
19.36900031,5.67175200
19.37000031,5.67175200
19.37100031,5.67175200
19.37200031,5.67175200
19.37300031,5.67175200
19.37400031,5.67175200
19.37500031,5.67175200
19.37600031,5.67175200
19.37700031,5.67175200
19.37800031,5.67175200
19.37900031,5.67175200
19.38000031,5.67175200
19.38100031,5.67175200
19.38200031,5.67175200
19.38300031,5.67175200
19.38400031,5.67175200
19.38500031,5.67175200
19.38600031,5.67175200
19.38700031,3.77706700
19.38800031,3.77706700
19.38900031,3.77706700
19.39000031,3.77706700
19.39100031,3.77706700
19.39200031,3.77706700
19.39300031,3.77706700
19.39400031,5.67175200
19.39500031,5.67175200
19.39600031,5.67175200
19.39700031,3.77706700
19.39800031,3.77706700
19.39900031,3.77706700
19.40000031,3.77706700
19.40100031,5.67175200
19.40200031,5.67175200
19.40300031,5.67175200
19.40400031,5.67175200
19.40500031,5.67175200
19.40600031,5.67175200
19.40700031,5.67175200
19.40800031,3.77706700
19.40900031,3.77706700
19.41000031,3.77706700
19.41100031,3.77706700
19.41200031,5.67175200
19.41300031,5.67175200
19.41400031,7.56028500
19.41500031,5.67175200
19.41600031,5.67175200
19.41700031,3.77706700
19.41800031,3.77706700
19.41900031,3.77706700
19.42000031,3.77706700
19.42100031,5.67175200
19.42200031,5.67175200
19.42300031,7.56028500
19.42400031,7.56028500
19.42500031,7.56028500
19.42600031,5.67175200
19.42700031,5.67175200
19.42800031,5.67175200
19.42900031,3.77706700
19.43000031,3.77706700
19.43100031,5.67175200
19.43200031,5.67175200
19.43300031,7.56028500
19.43400031,7.56028500
19.43500031,7.56028500
19.43600031,7.56028500
19.43700031,5.67175200
19.43800031,5.67175200
19.43900031,5.67175200
19.44000031,5.67175200
19.44100031,5.67175200
19.44200031,7.56028500
19.44300031,5.67175200
19.44400031,5.67175200
19.44500031,5.67175200
19.44600031,7.56028500
19.44700031,7.56028500
19.44800031,7.56028500
19.44900031,7.56028500
19.45000031,7.56028500
19.45100030,7.56028500
19.45200030,7.56028500
19.45300030,7.56028500
19.45400030,9.45496900
19.45500030,9.45496900
19.45600030,9.45496900
19.45700030,9.45496900
19.45800030,9.45496900
19.45900030,9.45496900
19.46000030,9.45496900
19.46100030,9.45496900
19.46200030,9.45496900
19.46300030,9.45496900
19.46400030,9.45496900
19.46500030,9.45496900
19.46600030,9.45496900
19.46700030,9.45496900
19.46800030,11.34350000
19.46900030,11.34350000
19.47000030,11.34350000
19.47100030,11.34350000
19.47200030,11.34350000
19.47300030,9.45496900
19.47400030,9.45496900
19.47500030,7.56028500
19.47600030,7.56028500
19.47700030,7.56028500
19.47800030,7.56028500
19.47900030,9.45496900
19.48000030,9.45496900
19.48100030,7.56028500
19.48200030,7.56028500
19.48300030,5.67175200
19.48400030,5.67175200
19.48500030,5.67175200
19.48600030,5.67175200
19.48700030,7.56028500
19.48800030,7.56028500
19.48900030,7.56028500
19.49000030,7.56028500
19.49100030,7.56028500
19.49200030,7.56028500
19.49300030,7.56028500
19.49400030,7.56028500
19.49500030,7.56028500
19.49600030,5.67175200
19.49700030,5.67175200
19.49800030,5.67175200
19.49900030,7.56028500
19.50000030,7.56028500
19.50100030,7.56028500
19.50200030,7.56028500
19.50300030,7.56028500
19.50400030,5.67175200
19.50500030,5.67175200
19.50600030,5.67175200
19.50700030,5.67175200
19.50800030,7.56028500
19.50900030,7.56028500
19.51000030,7.56028500
19.51100030,7.56028500
19.51200030,9.45496900
19.51300030,9.45496900
19.51400030,9.45496900
19.51500030,11.34350000
19.51600030,9.45496900
19.51700030,9.45496900
19.51800030,9.45496900
19.51900030,9.45496900
19.52000030,9.45496900
19.52100030,9.45496900
19.52200030,9.45496900
19.52300030,9.45496900
19.52400030,11.34350000
19.52500030,11.34350000
19.52600030,11.34350000
19.52700030,11.34350000
19.52800030,9.45496900
19.52900030,9.45496900
19.53000030,9.45496900
19.53100030,9.45496900
19.53200030,9.45496900
19.53300030,9.45496900
19.53400030,11.34350000
19.53500030,11.34350000
19.53600030,11.34350000
19.53700030,9.45496900
19.53800030,9.45496900
19.53900030,9.45496900
19.54000030,7.56028500
19.54100030,7.56028500
19.54200030,7.56028500
19.54300030,7.56028500
19.54400030,9.45496900
19.54500030,11.34350000
19.54600030,9.45496900
19.54700030,9.45496900
19.54800030,7.56028500
19.54900030,7.56028500
19.55000030,5.67175200
19.55100030,5.67175200
19.55200030,3.77706700
19.55300030,3.77706700
19.55400030,3.77706700
19.55500030,5.67175200
19.55600030,5.67175200
19.55700030,3.77706700
19.55800030,3.77706700
19.55900030,3.77706700
19.56000030,3.77706700
19.56100030,1.88853300
19.56200030,1.88853300
19.56300030,1.88853300
19.56400030,0.00000000
19.56500030,1.88853300
19.56600030,1.88853300
19.56700030,3.77706700
19.56800030,3.77706700
19.56900030,3.77706700
19.57000030,3.77706700
19.57100030,3.77706700
19.57200030,3.77706700
19.57300030,1.88853300
19.57400030,1.88853300
19.57500030,1.88853300
19.57600030,3.77706700
19.57700030,3.77706700
19.57800030,5.67175200
19.57900030,5.67175200
19.58000030,7.56028500
19.58100030,7.56028500
19.58200030,7.56028500
19.58300030,7.56028500
19.58400030,7.56028500
19.58500030,7.56028500
19.58600030,7.56028500
19.58700030,7.56028500
19.58800030,9.45496900
19.58900030,11.34350000
19.59000030,11.34350000
19.59100030,11.34350000
19.59200030,11.34350000
19.59300030,11.34350000
19.59400030,9.45496900
19.59500030,9.45496900
19.59600030,9.45496900
19.59700030,9.45496900
19.59800030,11.34350000
19.59900030,11.34350000
19.60000030,13.23204000
19.60100030,13.23204000
19.60200030,13.23204000
19.60300030,11.34350000
19.60400030,11.34350000
19.60500030,11.34350000
19.60600030,11.34350000
19.60700030,11.34350000
19.60800030,11.34350000
19.60900030,11.34350000
19.61000030,9.45496900
19.61100030,9.45496900
19.61200030,9.45496900
19.61300030,9.45496900
19.61400030,9.45496900
19.61500030,9.45496900
19.61600030,9.45496900
19.61700030,9.45496900
19.61800030,9.45496900
19.61900030,7.56028500
19.62000030,7.56028500
19.62100030,7.56028500
19.62200030,7.56028500
19.62300030,7.56028500
19.62400030,7.56028500
19.62500030,7.56028500
19.62600030,7.56028500
19.62700030,7.56028500
19.62800030,7.56028500
19.62900030,7.56028500
19.63000030,5.67175200
19.63100030,5.67175200
19.63200030,5.67175200
19.63300030,7.56028500
19.63400030,7.56028500
19.63500030,7.56028500
19.63600030,7.56028500
19.63700030,7.56028500
19.63800030,7.56028500
19.63900030,9.45496900
19.64000030,7.56028500
19.64100030,7.56028500
19.64200030,7.56028500
19.64300030,7.56028500
19.64400030,9.45496900
19.64500030,9.45496900
19.64600030,9.45496900
19.64700030,9.45496900
19.64800030,9.45496900
19.64900030,9.45496900
19.65000030,9.45496900
19.65100030,9.45496900
19.65200030,9.45496900
19.65300030,9.45496900
19.65400030,11.34350000
19.65500030,11.34350000
19.65600030,11.34350000
19.65700030,11.34350000
19.65800030,11.34350000
19.65900030,11.34350000
19.66000030,11.34350000
19.66100030,11.34350000
19.66200030,11.34350000
19.66300030,11.34350000
19.66400030,11.34350000
19.66500030,11.34350000
19.66600030,11.34350000
19.66700030,11.34350000
19.66800030,11.34350000
19.66900030,11.34350000
19.67000030,9.45496900
19.67100030,11.34350000
19.67200030,11.34350000
19.67300030,11.34350000
19.67400030,11.34350000
19.67500030,11.34350000
19.67600030,9.45496900
19.67700030,9.45496900
19.67800030,9.45496900
19.67900030,9.45496900
19.68000030,9.45496900
19.68100030,9.45496900
19.68200030,11.34350000
19.68300030,9.45496900
19.68400030,9.45496900
19.68500030,7.56028500
19.68600030,7.56028500
19.68700030,7.56028500
19.68800030,7.56028500
19.68900030,7.56028500
19.69000030,9.45496900
19.69100030,9.45496900
19.69200030,9.45496900
19.69300030,9.45496900
19.69400030,9.45496900
19.69500030,7.56028500
19.69600030,7.56028500
19.69700030,5.67175200
19.69800030,7.56028500
19.69900030,7.56028500
19.70000030,9.45496900
19.70100030,9.45496900
19.70200030,9.45496900
19.70300030,9.45496900
19.70400030,7.56028500
19.70500030,7.56028500
19.70600030,7.56028500
19.70700030,7.56028500
19.70800030,7.56028500
19.70900030,9.45496900
19.71000030,11.34350000
19.71100030,11.34350000
19.71200030,11.34350000
19.71300030,11.34350000
19.71400030,9.45496900
19.71500030,9.45496900
19.71600030,9.45496900
19.71700030,9.45496900
19.71800030,9.45496900
19.71900030,11.34350000
19.72000030,11.34350000
19.72100030,13.23204000
19.72200030,13.23204000
19.72300030,11.34350000
19.72400030,11.34350000
19.72500030,9.45496900
19.72600030,9.45496900
19.72700030,9.45496900
19.72800030,11.34350000
19.72900030,11.34350000
19.73000030,13.23204000
19.73100030,13.23204000
19.73200030,11.34350000
19.73300030,11.34350000
19.73400030,11.34350000
19.73500030,11.34350000
19.73600030,9.45496900
19.73700030,9.45496900
19.73800030,11.34350000
19.73900030,11.34350000
19.74000030,11.34350000
19.74100030,11.34350000
19.74200030,9.45496900
19.74300030,9.45496900
19.74400030,9.45496900
19.74500030,9.45496900
19.74600030,9.45496900
19.74700030,9.45496900
19.74800030,9.45496900
19.74900030,9.45496900
19.75000030,11.34350000
19.75100030,11.34350000
19.75200030,11.34350000
19.75300030,9.45496900
19.75400030,9.45496900
19.75500030,11.34350000
19.75600030,11.34350000
19.75700030,11.34350000
19.75800030,9.45496900
19.75900030,9.45496900
19.76000030,9.45496900
19.76100030,9.45496900
19.76200030,9.45496900
19.76300030,9.45496900
19.76400030,9.45496900
19.76500030,9.45496900
19.76600030,11.34350000
19.76700030,11.34350000
19.76800030,11.34350000
19.76900030,9.45496900
19.77000030,9.45496900
19.77100030,9.45496900
19.77200030,9.45496900
19.77300030,9.45496900
19.77400030,11.34350000
19.77500030,11.34350000
19.77600030,11.34350000
19.77700030,11.34350000
19.77800030,11.34350000
19.77900030,11.34350000
19.78000030,9.45496900
19.78100030,9.45496900
19.78200030,9.45496900
19.78300030,9.45496900
19.78400030,9.45496900
19.78500030,11.34350000
19.78600030,11.34350000
19.78700030,13.23204000
19.78800030,11.34350000
19.78900030,9.45496900
19.79000030,9.45496900
19.79100030,9.45496900
19.79200030,9.45496900
19.79300030,9.45496900
19.79400030,11.34350000
19.79500030,11.34350000
19.79600030,11.34350000
19.79700030,11.34350000
19.79800030,11.34350000
19.79900030,9.45496900
19.80000030,9.45496900
19.80100030,9.45496900
19.80200030,9.45496900
19.80300030,9.45496900
19.80400029,9.45496900
19.80500029,11.34350000
19.80600029,11.34350000
19.80700029,11.34350000
19.80800029,11.34350000
19.80900029,9.45496900
19.81000029,9.45496900
19.81100029,9.45496900
19.81200029,9.45496900
19.81300029,9.45496900
19.81400029,11.34350000
19.81500029,11.34350000
19.81600029,11.34350000
19.81700029,11.34350000
19.81800029,11.34350000
19.81900029,9.45496900
19.82000029,9.45496900
19.82100029,9.45496900
19.82200029,11.34350000
19.82300029,11.34350000
19.82400029,11.34350000
19.82500029,11.34350000
19.82600029,11.34350000
19.82700029,11.34350000
19.82800029,11.34350000
19.82900029,11.34350000
19.83000029,11.34350000
19.83100029,11.34350000
19.83200029,11.34350000
19.83300029,11.34350000
19.83400029,11.34350000
19.83500029,11.34350000
19.83600029,9.45496900
19.83700029,9.45496900
19.83800029,9.45496900
19.83900029,11.34350000
19.84000029,11.34350000
19.84100029,11.34350000
19.84200029,11.34350000
19.84300029,11.34350000
19.84400029,11.34350000
19.84500029,11.34350000
19.84600029,9.45496900
19.84700029,9.45496900
19.84800029,9.45496900
19.84900029,9.45496900
19.85000029,11.34350000
19.85100029,11.34350000
19.85200029,11.34350000
19.85300029,11.34350000
19.85400029,11.34350000
19.85500029,11.34350000
19.85600029,9.45496900
19.85700029,7.56028500
19.85800029,9.45496900
19.85900029,9.45496900
19.86000029,9.45496900
19.86100029,11.34350000
19.86200029,11.34350000
19.86300029,11.34350000
19.86400029,11.34350000
19.86500029,9.45496900
19.86600029,9.45496900
19.86700029,9.45496900
19.86800029,9.45496900
19.86900029,9.45496900
19.87000029,11.34350000
19.87100029,11.34350000
19.87200029,11.34350000
19.87300029,11.34350000
19.87400029,11.34350000
19.87500029,11.34350000
19.87600029,11.34350000
19.87700029,9.45496900
19.87800029,11.34350000
19.87900029,11.34350000
19.88000029,11.34350000
19.88100029,11.34350000
19.88200029,11.34350000
19.88300029,13.23204000
19.88400029,13.23204000
19.88500029,13.23204000
19.88600029,13.23204000
19.88700029,11.34350000
19.88800029,11.34350000
19.88900029,11.34350000
19.89000029,13.23204000
19.89100029,11.34350000
19.89200029,11.34350000
19.89300029,11.34350000
19.89400029,11.34350000
19.89500029,13.23204000
19.89600029,13.23204000
19.89700029,11.34350000
19.89800029,11.34350000
19.89900029,11.34350000
19.90000029,11.34350000
19.90100029,11.34350000
19.90200029,11.34350000
19.90300029,9.45496900
19.90400029,9.45496900
19.90500029,9.45496900
19.90600029,11.34350000
19.90700029,11.34350000
19.90800029,11.34350000
19.90900029,11.34350000
19.91000029,9.45496900
19.91100029,9.45496900
19.91200029,9.45496900
19.91300029,9.45496900
19.91400029,9.45496900
19.91500029,9.45496900
19.91600029,11.34350000
19.91700029,11.34350000
19.91800029,11.34350000
19.91900029,11.34350000
19.92000029,11.34350000
19.92100029,9.45496900
19.92200029,11.34350000
19.92300029,9.45496900
19.92400029,9.45496900
19.92500029,9.45496900
19.92600029,9.45496900
19.92700029,9.45496900
19.92800029,11.34350000
19.92900029,11.34350000
19.93000029,11.34350000
19.93100029,11.34350000
19.93200029,11.34350000
19.93300029,11.34350000
19.93400029,11.34350000
19.93500029,9.45496900
19.93600029,9.45496900
19.93700029,11.34350000
19.93800029,11.34350000
19.93900029,11.34350000
19.94000029,11.34350000
19.94100029,11.34350000
19.94200029,11.34350000
19.94300029,11.34350000
19.94400029,11.34350000
19.94500029,11.34350000
19.94600029,11.34350000
19.94700029,11.34350000
19.94800029,11.34350000
19.94900029,11.34350000
19.95000029,11.34350000
19.95100029,11.34350000
19.95200029,13.23204000
19.95300029,11.34350000
19.95400029,13.23204000
19.95500029,11.34350000
19.95600029,11.34350000
19.95700029,9.45496900
19.95800029,9.45496900
19.95900029,9.45496900
19.96000029,11.34350000
19.96100029,11.34350000
19.96200029,11.34350000
19.96300029,11.34350000
19.96400029,11.34350000
19.96500029,11.34350000
19.96600029,11.34350000
19.96700029,11.34350000
19.96800029,9.45496900
19.96900029,9.45496900
19.97000029,9.45496900
19.97100029,9.45496900
19.97200029,9.45496900
19.97300029,11.34350000
19.97400029,11.34350000
19.97500029,11.34350000
19.97600029,9.45496900
19.97700029,9.45496900
19.97800029,9.45496900
19.97900029,9.45496900
19.98000029,9.45496900
19.98100029,9.45496900
19.98200029,9.45496900
19.98300029,9.45496900
19.98400029,9.45496900
19.98500029,9.45496900
19.98600029,9.45496900
19.98700029,9.45496900
19.98800029,9.45496900
19.98900029,9.45496900
19.99000029,9.45496900
19.99100029,9.45496900
19.99200029,9.45496900
19.99300029,9.45496900
19.99400029,9.45496900
19.99500029,9.45496900
19.99600029,11.34350000
19.99700029,11.34350000
19.99800029,11.34350000
19.99900029,11.34350000
20.00000029,9.45496900
20.00100029,9.45496900
20.00200029,9.45496900
20.00300029,9.45496900
20.00400029,9.45496900
20.00500029,9.45496900
20.00600029,11.34350000
20.00700029,11.34350000
20.00800029,11.34350000
20.00900029,11.34350000
20.01000029,11.34350000
20.01100029,9.45496900
20.01200029,9.45496900
20.01300029,9.45496900
20.01400029,9.45496900
20.01500029,9.45496900
20.01600029,11.34350000
20.01700029,11.34350000
20.01800029,11.34350000
20.01900029,11.34350000
20.02000029,9.45496900
20.02100029,9.45496900
20.02200029,9.45496900
20.02300029,9.45496900
20.02400029,9.45496900
20.02500029,9.45496900
20.02600029,9.45496900
20.02700029,11.34350000
20.02800029,11.34350000
20.02900029,11.34350000
20.03000029,11.34350000
20.03100029,9.45496900
20.03200029,9.45496900
20.03300029,9.45496900
20.03400029,9.45496900
20.03500029,9.45496900
20.03600029,9.45496900
20.03700029,11.34350000
20.03800029,11.34350000
20.03900029,11.34350000
20.04000029,9.45496900
20.04100029,9.45496900
20.04200029,9.45496900
20.04300029,9.45496900
20.04400029,9.45496900
20.04500029,9.45496900
20.04600029,9.45496900
20.04700029,11.34350000
20.04800029,11.34350000
20.04900029,11.34350000
20.05000029,9.45496900
20.05100029,9.45496900
20.05200029,9.45496900
20.05300029,9.45496900
20.05400029,9.45496900
20.05500029,9.45496900
20.05600029,9.45496900
20.05700029,9.45496900
20.05800029,9.45496900
20.05900029,9.45496900
20.06000029,9.45496900
20.06100029,9.45496900
20.06200029,9.45496900
20.06300029,9.45496900
20.06400029,9.45496900
20.06500029,9.45496900
20.06600029,9.45496900
20.06700029,9.45496900
20.06800029,9.45496900
20.06900029,9.45496900
20.07000029,9.45496900
20.07100029,9.45496900
20.07200029,9.45496900
20.07300029,9.45496900
20.07400029,9.45496900
20.07500029,9.45496900
20.07600029,9.45496900
20.07700029,9.45496900
20.07800029,9.45496900
20.07900029,9.45496900
20.08000029,9.45496900
20.08100029,9.45496900
20.08200029,9.45496900
20.08300029,9.45496900
20.08400029,9.45496900
20.08500029,9.45496900
20.08600029,7.56028500
20.08700029,7.56028500
20.08800029,7.56028500
20.08900029,9.45496900
20.09000029,9.45496900
20.09100029,9.45496900
20.09200029,9.45496900
20.09300029,9.45496900
20.09400029,9.45496900
20.09500029,9.45496900
20.09600029,9.45496900
20.09700029,9.45496900
20.09800029,9.45496900
20.09900029,9.45496900
20.10000029,11.34350000
20.10100029,11.34350000
20.10200029,11.34350000
20.10300029,9.45496900
20.10400029,9.45496900
20.10500029,9.45496900
20.10600029,9.45496900
20.10700029,9.45496900
20.10800029,9.45496900
20.10900029,9.45496900
20.11000029,11.34350000
20.11100029,11.34350000
20.11200029,11.34350000
20.11300029,9.45496900
20.11400029,9.45496900
20.11500029,9.45496900
20.11600029,9.45496900
20.11700029,9.45496900
20.11800029,9.45496900
20.11900029,9.45496900
20.12000029,9.45496900
20.12100029,11.34350000
20.12200029,11.34350000
20.12300029,9.45496900
20.12400029,9.45496900
20.12500029,7.56028500
20.12600029,7.56028500
20.12700029,9.45496900
20.12800029,9.45496900
20.12900029,9.45496900
20.13000029,9.45496900
20.13100029,9.45496900
20.13200029,7.56028500
20.13300029,7.56028500
20.13400029,7.56028500
20.13500029,7.56028500
20.13600029,7.56028500
20.13700029,7.56028500
20.13800029,9.45496900
20.13900029,9.45496900
20.14000029,9.45496900
20.14100029,7.56028500
20.14200029,7.56028500
20.14300029,7.56028500
20.14400029,7.56028500
20.14500029,7.56028500
20.14600029,7.56028500
20.14700029,9.45496900
20.14800029,9.45496900
20.14900029,9.45496900
20.15000029,9.45496900
20.15100029,9.45496900
20.15200029,9.45496900
20.15300029,7.56028500
20.15400029,7.56028500
20.15500029,7.56028500
20.15600029,7.56028500
20.15700029,9.45496900
20.15800028,9.45496900
20.15900028,11.34350000
20.16000028,11.34350000
20.16100028,9.45496900
20.16200028,9.45496900
20.16300028,9.45496900
20.16400028,9.45496900
20.16500028,9.45496900
20.16600028,9.45496900
20.16700028,9.45496900
20.16800028,11.34350000
20.16900028,11.34350000
20.17000028,11.34350000
20.17100028,11.34350000
20.17200028,11.34350000
20.17300028,9.45496900
20.17400028,9.45496900
20.17500028,9.45496900
20.17600028,9.45496900
20.17700028,9.45496900
20.17800028,11.34350000
20.17900028,11.34350000
20.18000028,9.45496900
20.18100028,9.45496900
20.18200028,9.45496900
20.18300028,9.45496900
20.18400028,9.45496900
20.18500028,9.45496900
20.18600028,9.45496900
20.18700028,7.56028500
20.18800028,7.56028500
20.18900028,7.56028500
20.19000028,9.45496900
20.19100028,9.45496900
20.19200028,7.56028500
20.19300028,7.56028500
20.19400028,7.56028500
20.19500028,7.56028500
20.19600028,7.56028500
20.19700028,5.67175200
20.19800028,5.67175200
20.19900028,7.56028500
20.20000028,7.56028500
20.20100028,7.56028500
20.20200028,7.56028500
20.20300028,9.45496900
20.20400028,9.45496900
20.20500028,7.56028500
20.20600028,7.56028500
20.20700028,7.56028500
20.20800028,5.67175200
20.20900028,5.67175200
20.21000028,7.56028500
20.21100028,7.56028500
20.21200028,7.56028500
20.21300028,9.45496900
20.21400028,9.45496900
20.21500028,7.56028500
20.21600028,7.56028500
20.21700028,5.67175200
20.21800028,5.67175200
20.21900028,5.67175200
20.22000028,7.56028500
20.22100028,9.45496900
20.22200028,11.34350000
20.22300028,11.34350000
20.22400028,11.34350000
20.22500028,9.45496900
20.22600028,7.56028500
20.22700028,7.56028500
20.22800028,7.56028500
20.22900028,7.56028500
20.23000028,7.56028500
20.23100028,9.45496900
20.23200028,9.45496900
20.23300028,9.45496900
20.23400028,9.45496900
20.23500028,9.45496900
20.23600028,7.56028500
20.23700028,7.56028500
20.23800028,7.56028500
20.23900028,7.56028500
20.24000028,7.56028500
20.24100028,9.45496900
20.24200028,9.45496900
20.24300028,9.45496900
20.24400028,9.45496900
20.24500028,7.56028500
20.24600028,7.56028500
20.24700028,7.56028500
20.24800028,5.67175200
20.24900028,7.56028500
20.25000028,7.56028500
20.25100028,7.56028500
20.25200028,7.56028500
20.25300028,9.45496900
20.25400028,7.56028500
20.25500028,7.56028500
20.25600028,7.56028500
20.25700028,7.56028500
20.25800028,7.56028500
20.25900028,7.56028500
20.26000028,7.56028500
20.26100028,7.56028500
20.26200028,7.56028500
20.26300028,7.56028500
20.26400028,7.56028500
20.26500028,7.56028500
20.26600028,7.56028500
20.26700028,7.56028500
20.26800028,7.56028500
20.26900028,7.56028500
20.27000028,7.56028500
20.27100028,7.56028500
20.27200028,7.56028500
20.27300028,7.56028500
20.27400028,7.56028500
20.27500028,7.56028500
20.27600028,7.56028500
20.27700028,7.56028500
20.27800028,7.56028500
20.27900028,7.56028500
20.28000028,7.56028500
20.28100028,7.56028500
20.28200028,5.67175200
20.28300028,7.56028500
20.28400028,7.56028500
20.28500028,7.56028500
20.28600028,7.56028500
20.28700028,7.56028500
20.28800028,7.56028500
20.28900028,7.56028500
20.29000028,9.45496900
20.29100028,7.56028500
20.29200028,7.56028500
20.29300028,7.56028500
20.29400028,7.56028500
20.29500028,7.56028500
20.29600028,7.56028500
20.29700028,7.56028500
20.29800028,7.56028500
20.29900028,7.56028500
20.30000028,7.56028500
20.30100028,7.56028500
20.30200028,7.56028500
20.30300028,7.56028500
20.30400028,7.56028500
20.30500028,7.56028500
20.30600028,7.56028500
20.30700028,7.56028500
20.30800028,5.67175200
20.30900028,5.67175200
20.31000028,7.56028500
20.31100028,7.56028500
20.31200028,7.56028500
20.31300028,7.56028500
20.31400028,7.56028500
20.31500028,7.56028500
20.31600028,7.56028500
20.31700028,7.56028500
20.31800028,7.56028500
20.31900028,7.56028500
20.32000028,7.56028500
20.32100028,7.56028500
20.32200028,7.56028500
20.32300028,7.56028500
20.32400028,7.56028500
20.32500028,7.56028500
20.32600028,9.45496900
20.32700028,9.45496900
20.32800028,7.56028500
20.32900028,7.56028500
20.33000028,7.56028500
20.33100028,7.56028500
20.33200028,7.56028500
20.33300028,9.45496900
20.33400028,9.45496900
20.33500028,9.45496900
20.33600028,9.45496900
20.33700028,7.56028500
20.33800028,7.56028500
20.33900028,7.56028500
20.34000028,7.56028500
20.34100028,7.56028500
20.34200028,7.56028500
20.34300028,9.45496900
20.34400028,9.45496900
20.34500028,9.45496900
20.34600028,7.56028500
20.34700028,7.56028500
20.34800028,7.56028500
20.34900028,5.67175200
20.35000028,7.56028500
20.35100028,7.56028500
20.35200028,7.56028500
20.35300028,7.56028500
20.35400028,7.56028500
20.35500028,7.56028500
20.35600028,7.56028500
20.35700028,7.56028500
20.35800028,5.67175200
20.35900028,5.67175200
20.36000028,7.56028500
20.36100028,7.56028500
20.36200028,7.56028500
20.36300028,7.56028500
20.36400028,7.56028500
20.36500028,7.56028500
20.36600028,7.56028500
20.36700028,7.56028500
20.36800028,7.56028500
20.36900028,7.56028500
20.37000028,7.56028500
20.37100028,7.56028500
20.37200028,7.56028500
20.37300028,7.56028500
20.37400028,7.56028500
20.37500028,7.56028500
20.37600028,7.56028500
20.37700028,7.56028500
20.37800028,7.56028500
20.37900028,7.56028500
20.38000028,9.45496900
20.38100028,7.56028500
20.38200028,7.56028500
20.38300028,7.56028500
20.38400028,7.56028500
20.38500028,7.56028500
20.38600028,7.56028500
20.38700028,7.56028500
20.38800028,9.45496900
20.38900028,9.45496900
20.39000028,9.45496900
20.39100028,9.45496900
20.39200028,9.45496900
20.39300028,9.45496900
20.39400028,7.56028500
20.39500028,7.56028500
20.39600028,7.56028500
20.39700028,7.56028500
20.39800028,9.45496900
20.39900028,9.45496900
20.40000028,9.45496900
20.40100028,9.45496900
20.40200028,9.45496900
20.40300028,9.45496900
20.40400028,7.56028500
20.40500028,7.56028500
20.40600028,7.56028500
20.40700028,7.56028500
20.40800028,9.45496900
20.40900028,9.45496900
20.41000028,9.45496900
20.41100028,9.45496900
20.41200028,7.56028500
20.41300028,7.56028500
20.41400028,7.56028500
20.41500028,7.56028500
20.41600028,7.56028500
20.41700028,7.56028500
20.41800028,9.45496900
20.41900028,9.45496900
20.42000028,7.56028500
20.42100028,7.56028500
20.42200028,7.56028500
20.42300028,7.56028500
20.42400028,7.56028500
20.42500028,7.56028500
20.42600028,7.56028500
20.42700028,7.56028500
20.42800028,7.56028500
20.42900028,7.56028500
20.43000028,7.56028500
20.43100028,7.56028500
20.43200028,7.56028500
20.43300028,7.56028500
20.43400028,7.56028500
20.43500028,7.56028500
20.43600028,7.56028500
20.43700028,7.56028500
20.43800028,7.56028500
20.43900028,9.45496900
20.44000028,7.56028500
20.44100028,7.56028500
20.44200028,7.56028500
20.44300028,7.56028500
20.44400028,7.56028500
20.44500028,9.45496900
20.44600028,9.45496900
20.44700028,9.45496900
20.44800028,7.56028500
20.44900028,7.56028500
20.45000028,7.56028500
20.45100028,7.56028500
20.45200028,7.56028500
20.45300028,9.45496900
20.45400028,9.45496900
20.45500028,9.45496900
20.45600028,9.45496900
20.45700028,9.45496900
20.45800028,9.45496900
20.45900028,9.45496900
20.46000028,9.45496900
20.46100028,9.45496900
20.46200028,9.45496900
20.46300028,9.45496900
20.46400028,11.34350000
20.46500028,11.34350000
20.46600028,11.34350000
20.46700028,9.45496900
20.46800028,9.45496900
20.46900028,7.56028500
20.47000028,7.56028500
20.47100028,7.56028500
20.47200028,9.45496900
20.47300028,9.45496900
20.47400028,11.34350000
20.47500028,9.45496900
20.47600028,9.45496900
20.47700028,7.56028500
20.47800028,7.56028500
20.47900028,7.56028500
20.48000028,7.56028500
20.48100028,7.56028500
20.48200028,9.45496900
20.48300028,9.45496900
20.48400028,9.45496900
20.48500028,9.45496900
20.48600028,9.45496900
20.48700028,7.56028500
20.48800028,7.56028500
20.48900028,7.56028500
20.49000028,7.56028500
20.49100028,7.56028500
20.49200028,7.56028500
20.49300028,9.45496900
20.49400028,9.45496900
20.49500028,9.45496900
20.49600028,9.45496900
20.49700028,7.56028500
20.49800028,7.56028500
20.49900028,7.56028500
20.50000028,7.56028500
20.50100028,9.45496900
20.50200028,9.45496900
20.50300028,9.45496900
20.50400028,9.45496900
20.50500028,9.45496900
20.50600028,9.45496900
20.50700028,9.45496900
20.50800028,9.45496900
20.50900028,9.45496900
20.51000028,9.45496900
20.51100028,9.45496900
20.51200027,9.45496900
20.51300027,9.45496900
20.51400027,9.45496900
20.51500027,9.45496900
20.51600027,9.45496900
20.51700027,9.45496900
20.51800027,9.45496900
20.51900027,9.45496900
20.52000027,9.45496900
20.52100027,9.45496900
20.52200027,9.45496900
20.52300027,9.45496900
20.52400027,9.45496900
20.52500027,9.45496900
20.52600027,7.56028500
20.52700027,9.45496900
20.52800027,9.45496900
20.52900027,9.45496900
20.53000027,11.34350000
20.53100027,11.34350000
20.53200027,9.45496900
20.53300027,9.45496900
20.53400027,9.45496900
20.53500027,9.45496900
20.53600027,9.45496900
20.53700027,7.56028500
20.53800027,7.56028500
20.53900027,9.45496900
20.54000027,11.34350000
20.54100027,11.34350000
20.54200027,11.34350000
20.54300027,11.34350000
20.54400027,9.45496900
20.54500027,9.45496900
20.54600027,9.45496900
20.54700027,9.45496900
20.54800027,9.45496900
20.54900027,9.45496900
20.55000027,9.45496900
20.55100027,11.34350000
20.55200027,11.34350000
20.55300027,11.34350000
20.55400027,9.45496900
20.55500027,9.45496900
20.55600027,9.45496900
20.55700027,11.34350000
20.55800027,11.34350000
20.55900027,9.45496900
20.56000027,9.45496900
20.56100027,11.34350000
20.56200027,11.34350000
20.56300027,11.34350000
20.56400027,11.34350000
20.56500027,9.45496900
20.56600027,9.45496900
20.56700027,11.34350000
20.56800027,11.34350000
20.56900027,11.34350000
20.57000027,9.45496900
20.57100027,9.45496900
20.57200027,9.45496900
20.57300027,9.45496900
20.57400027,9.45496900
20.57500027,9.45496900
20.57600027,9.45496900
20.57700027,11.34350000
20.57800027,11.34350000
20.57900027,11.34350000
20.58000027,9.45496900
20.58100027,9.45496900
20.58200027,9.45496900
20.58300027,9.45496900
20.58400027,9.45496900
20.58500027,9.45496900
20.58600027,11.34350000
20.58700027,11.34350000
20.58800027,9.45496900
20.58900027,9.45496900
20.59000027,9.45496900
20.59100027,9.45496900
20.59200027,9.45496900
20.59300027,9.45496900
20.59400027,9.45496900
20.59500027,9.45496900
20.59600027,11.34350000
20.59700027,11.34350000
20.59800027,11.34350000
20.59900027,9.45496900
20.60000027,9.45496900
20.60100027,9.45496900
20.60200027,9.45496900
20.60300027,9.45496900
20.60400027,11.34350000
20.60500027,11.34350000
20.60600027,11.34350000
20.60700027,11.34350000
20.60800027,11.34350000
20.60900027,11.34350000
20.61000027,11.34350000
20.61100027,11.34350000
20.61200027,11.34350000
20.61300027,11.34350000
20.61400027,11.34350000
20.61500027,11.34350000
20.61600027,11.34350000
20.61700027,11.34350000
20.61800027,13.23204000
20.61900027,13.23204000
20.62000027,13.23204000
20.62100027,13.23204000
20.62200027,11.34350000
20.62300027,11.34350000
20.62400027,11.34350000
20.62500027,11.34350000
20.62600027,11.34350000
20.62700027,11.34350000
20.62800027,13.23204000
20.62900027,13.23204000
20.63000027,13.23204000
20.63100027,13.23204000
20.63200027,11.34350000
20.63300027,9.45496900
20.63400027,9.45496900
20.63500027,9.45496900
20.63600027,9.45496900
20.63700027,9.45496900
20.63800027,9.45496900
20.63900027,9.45496900
20.64000027,9.45496900
20.64100027,9.45496900
20.64200027,9.45496900
20.64300027,7.56028500
20.64400027,5.67175200
20.64500027,5.67175200
20.64600027,5.67175200
20.64700027,5.67175200
20.64800027,5.67175200
20.64900027,7.56028500
20.65000027,9.45496900
20.65100027,9.45496900
20.65200027,9.45496900
20.65300027,7.56028500
20.65400027,5.67175200
20.65500027,5.67175200
20.65600027,5.67175200
20.65700027,3.77706700
20.65800027,5.67175200
20.65900027,5.67175200
20.66000027,5.67175200
20.66100027,5.67175200
20.66200027,7.56028500
20.66300027,7.56028500
20.66400027,7.56028500
20.66500027,7.56028500
20.66600027,7.56028500
20.66700027,7.56028500
20.66800027,7.56028500
20.66900027,7.56028500
20.67000027,9.45496900
20.67100027,9.45496900
20.67200027,9.45496900
20.67300027,11.34350000
20.67400027,11.34350000
20.67500027,11.34350000
20.67600027,11.34350000
20.67700027,11.34350000
20.67800027,11.34350000
20.67900027,11.34350000
20.68000027,11.34350000
20.68100027,11.34350000
20.68200027,11.34350000
20.68300027,11.34350000
20.68400027,13.23204000
20.68500027,13.23204000
20.68600027,15.12672000
20.68700027,15.12672000
20.68800027,13.23204000
20.68900027,13.23204000
20.69000027,13.23204000
20.69100027,11.34350000
20.69200027,11.34350000
20.69300027,11.34350000
20.69400027,13.23204000
20.69500027,13.23204000
20.69600027,15.12672000
20.69700027,15.12672000
20.69800027,15.12672000
20.69900027,13.23204000
20.70000027,11.34350000
20.70100027,11.34350000
20.70200027,11.34350000
20.70300027,11.34350000
20.70400027,11.34350000
20.70500027,13.23204000
20.70600027,13.23204000
20.70700027,13.23204000
20.70800027,11.34350000
20.70900027,11.34350000
20.71000027,9.45496900
20.71100027,9.45496900
20.71200027,9.45496900
20.71300027,9.45496900
20.71400027,9.45496900
20.71500027,11.34350000
20.71600027,11.34350000
20.71700027,11.34350000
20.71800027,11.34350000
20.71900027,11.34350000
20.72000027,9.45496900
20.72100027,9.45496900
20.72200027,11.34350000
20.72300027,11.34350000
20.72400027,11.34350000
20.72500027,11.34350000
20.72600027,11.34350000
20.72700027,11.34350000
20.72800027,11.34350000
20.72900027,11.34350000
20.73000027,11.34350000
20.73100027,11.34350000
20.73200027,13.23204000
20.73300027,13.23204000
20.73400027,13.23204000
20.73500027,13.23204000
20.73600027,13.23204000
20.73700027,11.34350000
20.73800027,11.34350000
20.73900027,11.34350000
20.74000027,11.34350000
20.74100027,13.23204000
20.74200027,15.12672000
20.74300027,15.12672000
20.74400027,15.12672000
20.74500027,15.12672000
20.74600027,13.23204000
20.74700027,13.23204000
20.74800027,13.23204000
20.74900027,13.23204000
20.75000027,13.23204000
20.75100027,13.23204000
20.75200027,15.12672000
20.75300027,15.12672000
20.75400027,15.12672000
20.75500027,15.12672000
20.75600027,13.23204000
20.75700027,13.23204000
20.75800027,13.23204000
20.75900027,13.23204000
20.76000027,13.23204000
20.76100027,13.23204000
20.76200027,13.23204000
20.76300027,15.12672000
20.76400027,15.12672000
20.76500027,15.12672000
20.76600027,15.12672000
20.76700027,13.23204000
20.76800027,13.23204000
20.76900027,13.23204000
20.77000027,15.12672000
20.77100027,17.01525000
20.77200027,17.01525000
20.77300027,17.01525000
20.77400027,17.01525000
20.77500027,17.01525000
20.77600027,15.12672000
20.77700027,15.12672000
20.77800027,15.12672000
20.77900027,15.12672000
20.78000027,17.01525000
20.78100027,17.01525000
20.78200027,18.90994000
20.78300027,18.90994000
20.78400027,17.01525000
20.78500027,17.01525000
20.78600027,17.01525000
20.78700027,17.01525000
20.78800027,18.90994000
20.78900027,18.90994000
20.79000027,18.90994000
20.79100027,20.79847000
20.79200027,20.79847000
20.79300027,20.79847000
20.79400027,20.79847000
20.79500027,18.90994000
20.79600027,18.90994000
20.79700027,18.90994000
20.79800027,18.90994000
20.79900027,18.90994000
20.80000027,18.90994000
20.80100027,18.90994000
20.80200027,18.90994000
20.80300027,18.90994000
20.80400027,18.90994000
20.80500027,17.01525000
20.80600027,17.01525000
20.80700027,17.01525000
20.80800027,17.01525000
20.80900027,17.01525000
20.81000027,17.01525000
20.81100027,17.01525000
20.81200027,17.01525000
20.81300027,17.01525000
20.81400027,17.01525000
20.81500027,17.01525000
20.81600027,17.01525000
20.81700027,17.01525000
20.81800027,17.01525000
20.81900027,17.01525000
20.82000027,17.01525000
20.82100027,17.01525000
20.82200027,15.12672000
20.82300027,15.12672000
20.82400027,15.12672000
20.82500027,17.01525000
20.82600027,17.01525000
20.82700027,17.01525000
20.82800027,17.01525000
20.82900027,17.01525000
20.83000027,17.01525000
20.83100027,15.12672000
20.83200027,15.12672000
20.83300027,13.23204000
20.83400027,15.12672000
20.83500027,17.01525000
20.83600027,17.01525000
20.83700027,18.90994000
20.83800027,18.90994000
20.83900027,18.90994000
20.84000027,17.01525000
20.84100027,17.01525000
20.84200027,17.01525000
20.84300027,17.01525000
20.84400027,17.01525000
20.84500027,18.90994000
20.84600027,18.90994000
20.84700027,18.90994000
20.84800027,18.90994000
20.84900027,18.90994000
20.85000027,18.90994000
20.85100027,17.01525000
20.85200027,17.01525000
20.85300027,17.01525000
20.85400027,17.01525000
20.85500027,18.90994000
20.85600027,18.90994000
20.85700027,18.90994000
20.85800027,18.90994000
20.85900027,18.90994000
20.86000027,18.90994000
20.86100027,17.01525000
20.86200027,17.01525000
20.86300027,17.01525000
20.86400027,17.01525000
20.86500026,18.90994000
20.86600026,18.90994000
20.86700026,18.90994000
20.86800026,18.90994000
20.86900026,17.01525000
20.87000026,17.01525000
20.87100026,17.01525000
20.87200026,17.01525000
20.87300026,17.01525000
20.87400026,17.01525000
20.87500026,17.01525000
20.87600026,17.01525000
20.87700026,17.01525000
20.87800026,17.01525000
20.87900026,15.12672000
20.88000026,15.12672000
20.88100026,17.01525000
20.88200026,17.01525000
20.88300026,17.01525000
20.88400026,17.01525000
20.88500026,17.01525000
20.88600026,17.01525000
20.88700026,17.01525000
20.88800026,17.01525000
20.88900026,17.01525000
20.89000026,15.12672000
20.89100026,17.01525000
20.89200026,17.01525000
20.89300026,17.01525000
20.89400026,17.01525000
20.89500026,17.01525000
20.89600026,17.01525000
20.89700026,17.01525000
20.89800026,17.01525000
20.89900026,17.01525000
20.90000026,17.01525000
20.90100026,17.01525000
20.90200026,18.90994000
20.90300026,18.90994000
20.90400026,18.90994000
20.90500026,18.90994000
20.90600026,18.90994000
20.90700026,18.90994000
20.90800026,18.90994000
20.90900026,18.90994000
20.91000026,18.90994000
20.91100026,18.90994000
20.91200026,18.90994000
20.91300026,18.90994000
20.91400026,18.90994000
20.91500026,18.90994000
20.91600026,18.90994000
20.91700026,18.90994000
20.91800026,18.90994000
20.91900026,18.90994000
20.92000026,18.90994000
20.92100026,20.79847000
20.92200026,20.79847000
20.92300026,18.90994000
20.92400026,18.90994000
20.92500026,17.01525000
20.92600026,17.01525000
20.92700026,17.01525000
20.92800026,17.01525000
20.92900026,17.01525000
20.93000026,17.01525000
20.93100026,18.90994000
20.93200026,18.90994000
20.93300026,18.90994000
20.93400026,17.01525000
20.93500026,15.12672000
20.93600026,15.12672000
20.93700026,15.12672000
20.93800026,15.12672000
20.93900026,15.12672000
20.94000026,15.12672000
20.94100026,15.12672000
20.94200026,17.01525000
20.94300026,17.01525000
20.94400026,15.12672000
20.94500026,15.12672000
20.94600026,15.12672000
20.94700026,15.12672000
20.94800026,15.12672000
20.94900026,15.12672000
20.95000026,15.12672000
20.95100026,15.12672000
20.95200026,15.12672000
20.95300026,15.12672000
20.95400026,17.01525000
20.95500026,17.01525000
20.95600026,18.90994000
20.95700026,18.90994000
20.95800026,17.01525000
20.95900026,17.01525000
20.96000026,17.01525000
20.96100026,17.01525000
20.96200026,17.01525000
20.96300026,17.01525000
20.96400026,17.01525000
20.96500026,17.01525000
20.96600026,17.01525000
20.96700026,18.90994000
20.96800026,18.90994000
20.96900026,18.90994000
20.97000026,18.90994000
20.97100026,18.90994000
20.97200026,18.90994000
20.97300026,18.90994000
20.97400026,18.90994000
20.97500026,18.90994000
20.97600026,20.79847000
20.97700026,20.79847000
20.97800026,20.79847000
20.97900026,20.79847000
20.98000026,18.90994000
20.98100026,18.90994000
20.98200026,18.90994000
20.98300026,18.90994000
20.98400026,18.90994000
20.98500026,18.90994000
20.98600026,20.79847000
20.98700026,20.79847000
20.98800026,20.79847000
20.98900026,18.90994000
20.99000026,18.90994000
20.99100026,18.90994000
20.99200026,18.90994000
20.99300026,18.90994000
20.99400026,18.90994000
20.99500026,18.90994000
20.99600026,18.90994000
20.99700026,18.90994000
20.99800026,18.90994000
20.99900026,18.90994000
21.00000026,18.90994000
21.00100026,18.90994000
21.00200026,18.90994000
21.00300026,18.90994000
21.00400026,18.90994000
21.00500026,18.90994000
21.00600026,18.90994000
21.00700026,18.90994000
21.00800026,18.90994000
21.00900026,18.90994000
21.01000026,18.90994000
21.01100026,18.90994000
21.01200026,18.90994000
21.01300026,18.90994000
21.01400026,18.90994000
21.01500026,20.79847000
21.01600026,18.90994000
21.01700026,18.90994000
21.01800026,18.90994000
21.01900026,18.90994000
21.02000026,20.79847000
21.02100026,20.79847000
21.02200026,22.68701000
21.02300026,24.58169000
21.02400026,22.68701000
21.02500026,22.68701000
21.02600026,22.68701000
21.02700026,22.68701000
21.02800026,22.68701000
21.02900026,22.68701000
21.03000026,24.58169000
21.03100026,24.58169000
21.03200026,26.47023000
21.03300026,24.58169000
21.03400026,24.58169000
21.03500026,24.58169000
21.03600026,24.58169000
21.03700026,22.68701000
21.03800026,22.68701000
21.03900026,24.58169000
21.04000026,24.58169000
21.04100026,24.58169000
21.04200026,24.58169000
21.04300026,24.58169000
21.04400026,24.58169000
21.04500026,24.58169000
21.04600026,22.68701000
21.04700026,22.68701000
21.04800026,22.68701000
21.04900026,22.68701000
21.05000026,22.68701000
21.05100026,24.58169000
21.05200026,22.68701000
21.05300026,24.58169000
21.05400026,24.58169000
21.05500026,24.58169000
21.05600026,22.68701000
21.05700026,22.68701000
21.05800026,22.68701000
21.05900026,22.68701000
21.06000026,22.68701000
21.06100026,20.79847000
21.06200026,20.79847000
21.06300026,20.79847000
21.06400026,22.68701000
21.06500026,22.68701000
21.06600026,22.68701000
21.06700026,22.68701000
21.06800026,22.68701000
21.06900026,22.68701000
21.07000026,22.68701000
21.07100026,22.68701000
21.07200026,20.79847000
21.07300026,20.79847000
21.07400026,20.79847000
21.07500026,22.68701000
21.07600026,22.68701000
21.07700026,24.58169000
21.07800026,24.58169000
21.07900026,24.58169000
21.08000026,22.68701000
21.08100026,22.68701000
21.08200026,22.68701000
21.08300026,22.68701000
21.08400026,20.79847000
21.08500026,22.68701000
21.08600026,22.68701000
21.08700026,24.58169000
21.08800026,24.58169000
21.08900026,24.58169000
21.09000026,24.58169000
21.09100026,22.68701000
21.09200026,22.68701000
21.09300026,22.68701000
21.09400026,22.68701000
21.09500026,22.68701000
21.09600026,22.68701000
21.09700026,24.58169000
21.09800026,24.58169000
21.09900026,24.58169000
21.10000026,24.58169000
21.10100026,22.68701000
21.10200026,22.68701000
21.10300026,22.68701000
21.10400026,22.68701000
21.10500026,22.68701000
21.10600026,22.68701000
21.10700026,22.68701000
21.10800026,22.68701000
21.10900026,22.68701000
21.11000026,22.68701000
21.11100026,22.68701000
21.11200026,22.68701000
21.11300026,22.68701000
21.11400026,22.68701000
21.11500026,22.68701000
21.11600026,22.68701000
21.11700026,20.79847000
21.11800026,20.79847000
21.11900026,20.79847000
21.12000026,20.79847000
21.12100026,20.79847000
21.12200026,20.79847000
21.12300026,20.79847000
21.12400026,20.79847000
21.12500026,20.79847000
21.12600026,20.79847000
21.12700026,20.79847000
21.12800026,18.90994000
21.12900026,18.90994000
21.13000026,18.90994000
21.13100026,18.90994000
21.13200026,18.90994000
21.13300026,20.79847000
21.13400026,20.79847000
21.13500026,20.79847000
21.13600026,20.79847000
21.13700026,20.79847000
21.13800026,20.79847000
21.13900026,18.90994000
21.14000026,18.90994000
21.14100026,18.90994000
21.14200026,20.79847000
21.14300026,22.68701000
21.14400026,22.68701000
21.14500026,22.68701000
21.14600026,20.79847000
21.14700026,20.79847000
21.14800026,20.79847000
21.14900026,20.79847000
21.15000026,20.79847000
21.15100026,22.68701000
21.15200026,22.68701000
21.15300026,24.58169000
21.15400026,24.58169000
21.15500026,24.58169000
21.15600026,22.68701000
21.15700026,22.68701000
21.15800026,22.68701000
21.15900026,22.68701000
21.16000026,22.68701000
21.16100026,22.68701000
21.16200026,22.68701000
21.16300026,24.58169000
21.16400026,24.58169000
21.16500026,24.58169000
21.16600026,24.58169000
21.16700026,22.68701000
21.16800026,22.68701000
21.16900026,22.68701000
21.17000026,22.68701000
21.17100026,24.58169000
21.17200026,24.58169000
21.17300026,24.58169000
21.17400026,24.58169000
21.17500026,24.58169000
21.17600026,22.68701000
21.17700026,22.68701000
21.17800026,22.68701000
21.17900026,22.68701000
21.18000026,22.68701000
21.18100026,24.58169000
21.18200026,24.58169000
21.18300026,24.58169000
21.18400026,24.58169000
21.18500026,24.58169000
21.18600026,24.58169000
21.18700026,22.68701000
21.18800026,22.68701000
21.18900026,24.58169000
21.19000026,24.58169000
21.19100026,24.58169000
21.19200026,24.58169000
21.19300026,22.68701000
21.19400026,22.68701000
21.19500026,22.68701000
21.19600026,24.58169000
21.19700026,24.58169000
21.19800026,24.58169000
21.19900026,24.58169000
21.20000026,24.58169000
21.20100026,24.58169000
21.20200026,24.58169000
21.20300026,24.58169000
21.20400026,22.68701000
21.20500026,24.58169000
21.20600026,24.58169000
21.20700026,24.58169000
21.20800026,24.58169000
21.20900026,26.47023000
21.21000026,26.47023000
21.21100026,24.58169000
21.21200026,24.58169000
21.21300026,22.68701000
21.21400026,22.68701000
21.21500026,24.58169000
21.21600026,24.58169000
21.21700026,24.58169000
21.21800026,26.47023000
21.21900025,26.47023000
21.22000025,26.47023000
21.22100025,26.47023000
21.22200025,24.58169000
21.22300025,24.58169000
21.22400025,24.58169000
21.22500025,24.58169000
21.22600025,24.58169000
21.22700025,26.47023000
21.22800025,26.47023000
21.22900025,26.47023000
21.23000025,26.47023000
21.23100025,26.47023000
21.23200025,24.58169000
21.23300025,24.58169000
21.23400025,24.58169000
21.23500025,24.58169000
21.23600025,26.47023000
21.23700025,26.47023000
21.23800025,26.47023000
21.23900025,26.47023000
21.24000025,26.47023000
21.24100025,26.47023000
21.24200025,26.47023000
21.24300025,26.47023000
21.24400025,26.47023000
21.24500025,26.47023000
21.24600025,26.47023000
21.24700025,26.47023000
21.24800025,26.47023000
21.24900025,26.47023000
21.25000025,26.47023000
21.25100025,26.47023000
21.25200025,26.47023000
21.25300025,26.47023000
21.25400025,26.47023000
21.25500025,28.36491000
21.25600025,26.47023000
21.25700025,26.47023000
21.25800025,26.47023000
21.25900025,26.47023000
21.26000025,26.47023000
21.26100025,26.47023000
21.26200025,26.47023000
21.26300025,26.47023000
21.26400025,26.47023000
21.26500025,26.47023000
21.26600025,26.47023000
21.26700025,26.47023000
21.26800025,26.47023000
21.26900025,26.47023000
21.27000025,26.47023000
21.27100025,26.47023000
21.27200025,26.47023000
21.27300025,26.47023000
21.27400025,26.47023000
21.27500025,26.47023000
21.27600025,26.47023000
21.27700025,26.47023000
21.27800025,26.47023000
21.27900025,26.47023000
21.28000025,26.47023000
21.28100025,26.47023000
21.28200025,26.47023000
21.28300025,26.47023000
21.28400025,26.47023000
21.28500025,26.47023000
21.28600025,26.47023000
21.28700025,26.47023000
21.28800025,26.47023000
21.28900025,26.47023000
21.29000025,26.47023000
21.29100025,26.47023000
21.29200025,26.47023000
21.29300025,26.47023000
21.29400025,26.47023000
21.29500025,28.36491000
21.29600025,26.47023000
21.29700025,26.47023000
21.29800025,26.47023000
21.29900025,26.47023000
21.30000025,26.47023000
21.30100025,26.47023000
21.30200025,26.47023000
21.30300025,28.36491000
21.30400025,28.36491000
21.30500025,28.36491000
21.30600025,28.36491000
21.30700025,28.36491000
21.30800025,28.36491000
21.30900025,28.36491000
21.31000025,28.36491000
21.31100025,28.36491000
21.31200025,28.36491000
21.31300025,26.47023000
21.31400025,28.36491000
21.31500025,26.47023000
21.31600025,26.47023000
21.31700025,26.47023000
21.31800025,26.47023000
21.31900025,26.47023000
21.32000025,26.47023000
21.32100025,28.36491000
21.32200025,28.36491000
21.32300025,28.36491000
21.32400025,28.36491000
21.32500025,28.36491000
21.32600025,28.36491000
21.32700025,28.36491000
21.32800025,28.36491000
21.32900025,28.36491000
21.33000025,28.36491000
21.33100025,28.36491000
21.33200025,28.36491000
21.33300025,26.47023000
21.33400025,26.47023000
21.33500025,26.47023000
21.33600025,28.36491000
21.33700025,28.36491000
21.33800025,28.36491000
21.33900025,28.36491000
21.34000025,28.36491000
21.34100025,28.36491000
21.34200025,26.47023000
21.34300025,28.36491000
21.34400025,26.47023000
21.34500025,26.47023000
21.34600025,28.36491000
21.34700025,28.36491000
21.34800025,28.36491000
21.34900025,30.25344000
21.35000025,28.36491000
21.35100025,28.36491000
21.35200025,28.36491000
21.35300025,28.36491000
21.35400025,28.36491000
21.35500025,28.36491000
21.35600025,28.36491000
21.35700025,28.36491000
21.35800025,28.36491000
21.35900025,30.25344000
21.36000025,30.25344000
21.36100025,28.36491000
21.36200025,28.36491000
21.36300025,28.36491000
21.36400025,30.25344000
21.36500025,30.25344000
21.36600025,28.36491000
21.36700025,28.36491000
21.36800025,28.36491000
21.36900025,28.36491000
21.37000025,28.36491000
21.37100025,28.36491000
21.37200025,28.36491000
21.37300025,28.36491000
21.37400025,30.25344000
21.37500025,30.25344000
21.37600025,30.25344000
21.37700025,28.36491000
21.37800025,28.36491000
21.37900025,26.47023000
21.38000025,26.47023000
21.38100025,26.47023000
21.38200025,26.47023000
21.38300025,28.36491000
21.38400025,28.36491000
21.38500025,30.25344000
21.38600025,28.36491000
21.38700025,28.36491000
21.38800025,26.47023000
21.38900025,26.47023000
21.39000025,26.47023000
21.39100025,26.47023000
21.39200025,26.47023000
21.39300025,28.36491000
21.39400025,28.36491000
21.39500025,28.36491000
21.39600025,28.36491000
21.39700025,28.36491000
21.39800025,28.36491000
21.39900025,28.36491000
21.40000025,28.36491000
21.40100025,28.36491000
21.40200025,28.36491000
21.40300025,28.36491000
21.40400025,28.36491000
21.40500025,30.25344000
21.40600025,28.36491000
21.40700025,28.36491000
21.40800025,28.36491000
21.40900025,28.36491000
21.41000025,28.36491000
21.41100025,28.36491000
21.41200025,28.36491000
21.41300025,28.36491000
21.41400025,28.36491000
21.41500025,30.25344000
21.41600025,30.25344000
21.41700025,28.36491000
21.41800025,28.36491000
21.41900025,30.25344000
21.42000025,30.25344000
21.42100025,30.25344000
21.42200025,30.25344000
21.42300025,30.25344000
21.42400025,30.25344000
21.42500025,30.25344000
21.42600025,30.25344000
21.42700025,30.25344000
21.42800025,30.25344000
21.42900025,30.25344000
21.43000025,30.25344000
21.43100025,30.25344000
21.43200025,30.25344000
21.43300025,30.25344000
21.43400025,30.25344000
21.43500025,28.36491000
21.43600025,28.36491000
21.43700025,30.25344000
21.43800025,30.25344000
21.43900025,30.25344000
21.44000025,30.25344000
21.44100025,30.25344000
21.44200025,30.25344000
21.44300025,30.25344000
21.44400025,28.36491000
21.44500025,28.36491000
21.44600025,28.36491000
21.44700025,28.36491000
21.44800025,28.36491000
21.44900025,28.36491000
21.45000025,30.25344000
21.45100025,32.14198000
21.45200025,30.25344000
21.45300025,30.25344000
21.45400025,28.36491000
21.45500025,28.36491000
21.45600025,28.36491000
21.45700025,28.36491000
21.45800025,28.36491000
21.45900025,28.36491000
21.46000025,30.25344000
21.46100025,30.25344000
21.46200025,30.25344000
21.46300025,28.36491000
21.46400025,28.36491000
21.46500025,28.36491000
21.46600025,28.36491000
21.46700025,28.36491000
21.46800025,30.25344000
21.46900025,30.25344000
21.47000025,30.25344000
21.47100025,30.25344000
21.47200025,30.25344000
21.47300025,30.25344000
21.47400025,30.25344000
21.47500025,30.25344000
21.47600025,28.36491000
21.47700025,30.25344000
21.47800025,30.25344000
21.47900025,30.25344000
21.48000025,30.25344000
21.48100025,30.25344000
21.48200025,30.25344000
21.48300025,30.25344000
21.48400025,30.25344000
21.48500025,28.36491000
21.48600025,28.36491000
21.48700025,30.25344000
21.48800025,30.25344000
21.48900025,30.25344000
21.49000025,30.25344000
21.49100025,30.25344000
21.49200025,30.25344000
21.49300025,30.25344000
21.49400025,30.25344000
21.49500025,30.25344000
21.49600025,30.25344000
21.49700025,30.25344000
21.49800025,30.25344000
21.49900025,30.25344000
21.50000025,30.25344000
21.50100025,28.36491000
21.50200025,28.36491000
21.50300025,28.36491000
21.50400025,30.25344000
21.50500025,30.25344000
21.50600025,30.25344000
21.50700025,30.25344000
21.50800025,30.25344000
21.50900025,30.25344000
21.51000025,30.25344000
21.51100025,30.25344000
21.51200025,28.36491000
21.51300025,28.36491000
21.51400025,28.36491000
21.51500025,30.25344000
21.51600025,32.14198000
21.51700025,32.14198000
21.51800025,30.25344000
21.51900025,30.25344000
21.52000025,30.25344000
21.52100025,28.36491000
21.52200025,28.36491000
21.52300025,28.36491000
21.52400025,30.25344000
21.52500025,30.25344000
21.52600025,30.25344000
21.52700025,30.25344000
21.52800025,30.25344000
21.52900025,30.25344000
21.53000025,30.25344000
21.53100025,30.25344000
21.53200025,30.25344000
21.53300025,30.25344000
21.53400025,32.14198000
21.53500025,32.14198000
21.53600025,32.14198000
21.53700025,30.25344000
21.53800025,30.25344000
21.53900025,28.36491000
21.54000025,30.25344000
21.54100025,30.25344000
21.54200025,30.25344000
21.54300025,30.25344000
21.54400025,30.25344000
21.54500025,30.25344000
21.54600025,30.25344000
21.54700025,30.25344000
21.54800025,30.25344000
21.54900025,30.25344000
21.55000025,28.36491000
21.55100025,30.25344000
21.55200025,30.25344000
21.55300025,30.25344000
21.55400025,30.25344000
21.55500025,30.25344000
21.55600025,30.25344000
21.55700025,28.36491000
21.55800025,28.36491000
21.55900025,28.36491000
21.56000025,28.36491000
21.56100025,28.36491000
21.56200025,30.25344000
21.56300025,30.25344000
21.56400025,30.25344000
21.56500025,30.25344000
21.56600025,28.36491000
21.56700025,30.25344000
21.56800025,30.25344000
21.56900025,30.25344000
21.57000025,30.25344000
21.57100025,30.25344000
21.57200024,30.25344000
21.57300024,30.25344000
21.57400024,30.25344000
21.57500024,30.25344000
21.57600024,28.36491000
21.57700024,28.36491000
21.57800024,28.36491000
21.57900024,28.36491000
21.58000024,28.36491000
21.58100024,30.25344000
21.58200024,30.25344000
21.58300024,32.14198000
21.58400024,32.14198000
21.58500024,32.14198000
21.58600024,30.25344000
21.58700024,30.25344000
21.58800024,30.25344000
21.58900024,30.25344000
21.59000024,30.25344000
21.59100024,30.25344000
21.59200024,30.25344000
21.59300024,30.25344000
21.59400024,30.25344000
21.59500024,30.25344000
21.59600024,30.25344000
21.59700024,30.25344000
21.59800024,30.25344000
21.59900024,30.25344000
21.60000024,30.25344000
21.60100024,30.25344000
21.60200024,30.25344000
21.60300024,30.25344000
21.60400024,30.25344000
21.60500024,30.25344000
21.60600024,30.25344000
21.60700024,30.25344000
21.60800024,30.25344000
21.60900024,28.36491000
21.61000024,28.36491000
21.61100024,28.36491000
21.61200024,28.36491000
21.61300024,28.36491000
21.61400024,28.36491000
21.61500024,30.25344000
21.61600024,30.25344000
21.61700024,30.25344000
21.61800024,30.25344000
21.61900024,28.36491000
21.62000024,28.36491000
21.62100024,28.36491000
21.62200024,28.36491000
21.62300024,30.25344000
21.62400024,30.25344000
21.62500024,30.25344000
21.62600024,30.25344000
21.62700024,30.25344000
21.62800024,28.36491000
21.62900024,28.36491000
21.63000024,28.36491000
21.63100024,28.36491000
21.63200024,28.36491000
21.63300024,28.36491000
21.63400024,28.36491000
21.63500024,30.25344000
21.63600024,30.25344000
21.63700024,30.25344000
21.63800024,28.36491000
21.63900024,30.25344000
21.64000024,30.25344000
21.64100024,30.25344000
21.64200024,32.14198000
21.64300024,32.14198000
21.64400024,32.14198000
21.64500024,32.14198000
21.64600024,32.14198000
21.64700024,32.14198000
21.64800024,30.25344000
21.64900024,28.36491000
21.65000024,28.36491000
21.65100024,30.25344000
21.65200024,30.25344000
21.65300024,30.25344000
21.65400024,30.25344000
21.65500024,32.14198000
21.65600024,30.25344000
21.65700024,30.25344000
21.65800024,30.25344000
21.65900024,30.25344000
21.66000024,30.25344000
21.66100024,30.25344000
21.66200024,30.25344000
21.66300024,32.14198000
21.66400024,30.25344000
21.66500024,30.25344000
21.66600024,30.25344000
21.66700024,30.25344000
21.66800024,30.25344000
21.66900024,28.36491000
21.67000024,28.36491000
21.67100024,28.36491000
21.67200024,28.36491000
21.67300024,30.25344000
21.67400024,30.25344000
21.67500024,30.25344000
21.67600024,30.25344000
21.67700024,30.25344000
21.67800024,30.25344000
21.67900024,30.25344000
21.68000024,30.25344000
21.68100024,28.36491000
21.68200024,28.36491000
21.68300024,28.36491000
21.68400024,28.36491000
21.68500024,28.36491000
21.68600024,28.36491000
21.68700024,28.36491000
21.68800024,28.36491000
21.68900024,30.25344000
21.69000024,30.25344000
21.69100024,30.25344000
21.69200024,30.25344000
21.69300024,30.25344000
21.69400024,30.25344000
21.69500024,30.25344000
21.69600024,30.25344000
21.69700024,30.25344000
21.69800024,30.25344000
21.69900024,30.25344000
21.70000024,30.25344000
21.70100024,30.25344000
21.70200024,30.25344000
21.70300024,30.25344000
21.70400024,30.25344000
21.70500024,30.25344000
21.70600024,30.25344000
21.70700024,30.25344000
21.70800024,30.25344000
21.70900024,30.25344000
21.71000024,30.25344000
21.71100024,32.14198000
21.71200024,30.25344000
21.71300024,30.25344000
21.71400024,30.25344000
21.71500024,30.25344000
21.71600024,30.25344000
21.71700024,30.25344000
21.71800024,30.25344000
21.71900024,32.14198000
21.72000024,30.25344000
21.72100024,30.25344000
21.72200024,30.25344000
21.72300024,30.25344000
21.72400024,30.25344000
21.72500024,30.25344000
21.72600024,30.25344000
21.72700024,30.25344000
21.72800024,30.25344000
21.72900024,30.25344000
21.73000024,32.14198000
21.73100024,30.25344000
21.73200024,30.25344000
21.73300024,28.36491000
21.73400024,28.36491000
21.73500024,30.25344000
21.73600024,30.25344000
21.73700024,30.25344000
21.73800024,30.25344000
21.73900024,30.25344000
21.74000024,30.25344000
21.74100024,30.25344000
21.74200024,28.36491000
21.74300024,28.36491000
21.74400024,28.36491000
21.74500024,30.25344000
21.74600024,30.25344000
21.74700024,30.25344000
21.74800024,30.25344000
21.74900024,30.25344000
21.75000024,30.25344000
21.75100024,30.25344000
21.75200024,28.36491000
21.75300024,28.36491000
21.75400024,28.36491000
21.75500024,28.36491000
21.75600024,30.25344000
21.75700024,32.14198000
21.75800024,32.14198000
21.75900024,32.14198000
21.76000024,30.25344000
21.76100024,28.36491000
21.76200024,28.36491000
21.76300024,28.36491000
21.76400024,28.36491000
21.76500024,30.25344000
21.76600024,30.25344000
21.76700024,32.14198000
21.76800024,32.14198000
21.76900024,30.25344000
21.77000024,30.25344000
21.77100024,30.25344000
21.77200024,28.36491000
21.77300024,30.25344000
21.77400024,30.25344000
21.77500024,30.25344000
21.77600024,32.14198000
21.77700024,32.14198000
21.77800024,32.14198000
21.77900024,30.25344000
21.78000024,28.36491000
21.78100024,28.36491000
21.78200024,28.36491000
21.78300024,28.36491000
21.78400024,30.25344000
21.78500024,30.25344000
21.78600024,30.25344000
21.78700024,32.14198000
21.78800024,32.14198000
21.78900024,32.14198000
21.79000024,30.25344000
21.79100024,30.25344000
21.79200024,30.25344000
21.79300024,30.25344000
21.79400024,30.25344000
21.79500024,30.25344000
21.79600024,28.36491000
21.79700024,28.36491000
21.79800024,30.25344000
21.79900024,30.25344000
21.80000024,30.25344000
21.80100024,30.25344000
21.80200024,30.25344000
21.80300024,30.25344000
21.80400024,30.25344000
21.80500024,30.25344000
21.80600024,30.25344000
21.80700024,30.25344000
21.80800024,30.25344000
21.80900024,30.25344000
21.81000024,30.25344000
21.81100024,32.14198000
21.81200024,32.14198000
21.81300024,34.03666000
21.81400024,32.14198000
21.81500024,32.14198000
21.81600024,30.25344000
21.81700024,28.36491000
21.81800024,28.36491000
21.81900024,30.25344000
21.82000024,30.25344000
21.82100024,30.25344000
21.82200024,32.14198000
21.82300024,34.03666000
21.82400024,32.14198000
21.82500024,32.14198000
21.82600024,30.25344000
21.82700024,28.36491000
21.82800024,28.36491000
21.82900024,28.36491000
21.83000024,30.25344000
21.83100024,32.14198000
21.83200024,32.14198000
21.83300024,32.14198000
21.83400024,32.14198000
21.83500024,30.25344000
21.83600024,30.25344000
21.83700024,28.36491000
21.83800024,28.36491000
21.83900024,30.25344000
21.84000024,30.25344000
21.84100024,30.25344000
21.84200024,30.25344000
21.84300024,32.14198000
21.84400024,32.14198000
21.84500024,30.25344000
21.84600024,30.25344000
21.84700024,30.25344000
21.84800024,28.36491000
21.84900024,30.25344000
21.85000024,30.25344000
21.85100024,32.14198000
21.85200024,32.14198000
21.85300024,30.25344000
21.85400024,30.25344000
21.85500024,30.25344000
21.85600024,30.25344000
21.85700024,30.25344000
21.85800024,30.25344000
21.85900024,30.25344000
21.86000024,32.14198000
21.86100024,32.14198000
21.86200024,32.14198000
21.86300024,32.14198000
21.86400024,30.25344000
21.86500024,30.25344000
21.86600024,32.14198000
21.86700024,32.14198000
21.86800024,32.14198000
21.86900024,32.14198000
21.87000024,32.14198000
21.87100024,32.14198000
21.87200024,32.14198000
21.87300024,32.14198000
21.87400024,32.14198000
21.87500024,30.25344000
21.87600024,32.14198000
21.87700024,32.14198000
21.87800024,32.14198000
21.87900024,34.03666000
21.88000024,34.03666000
21.88100024,32.14198000
21.88200024,32.14198000
21.88300024,32.14198000
21.88400024,32.14198000
21.88500024,32.14198000
21.88600024,32.14198000
21.88700024,32.14198000
21.88800024,32.14198000
21.88900024,32.14198000
21.89000024,32.14198000
21.89100024,32.14198000
21.89200024,30.25344000
21.89300024,30.25344000
21.89400024,30.25344000
21.89500024,30.25344000
21.89600024,32.14198000
21.89700024,32.14198000
21.89800024,32.14198000
21.89900024,32.14198000
21.90000024,32.14198000
21.90100024,32.14198000
21.90200024,30.25344000
21.90300024,30.25344000
21.90400024,30.25344000
21.90500024,30.25344000
21.90600024,30.25344000
21.90700024,30.25344000
21.90800024,32.14198000
21.90900024,30.25344000
21.91000024,30.25344000
21.91100024,30.25344000
21.91200024,30.25344000
21.91300024,30.25344000
21.91400024,30.25344000
21.91500024,30.25344000
21.91600024,30.25344000
21.91700024,32.14198000
21.91800024,32.14198000
21.91900024,32.14198000
21.92000024,32.14198000
21.92100024,32.14198000
21.92200024,30.25344000
21.92300024,32.14198000
21.92400024,32.14198000
21.92500024,32.14198000
21.92600023,32.14198000
21.92700023,32.14198000
21.92800023,32.14198000
21.92900023,30.25344000
21.93000023,30.25344000
21.93100023,30.25344000
21.93200023,30.25344000
21.93300023,32.14198000
21.93400023,32.14198000
21.93500023,34.03666000
21.93600023,32.14198000
21.93700023,32.14198000
21.93800023,32.14198000
21.93900023,32.14198000
21.94000023,32.14198000
21.94100023,34.03666000
21.94200023,34.03666000
21.94300023,35.92520000
21.94400023,35.92520000
21.94500023,35.92520000
21.94600023,35.92520000
21.94700023,34.03666000
21.94800023,34.03666000
21.94900023,34.03666000
21.95000023,34.03666000
21.95100023,34.03666000
21.95200023,32.14198000
21.95300023,32.14198000
21.95400023,34.03666000
21.95500023,34.03666000
21.95600023,35.92520000
21.95700023,34.03666000
21.95800023,32.14198000
21.95900023,32.14198000
21.96000023,30.25344000
21.96100023,32.14198000
21.96200023,32.14198000
21.96300023,34.03666000
21.96400023,34.03666000
21.96500023,32.14198000
21.96600023,32.14198000
21.96700023,32.14198000
21.96800023,30.25344000
21.96900023,32.14198000
21.97000023,32.14198000
21.97100023,32.14198000
21.97200023,32.14198000
21.97300023,32.14198000
21.97400023,32.14198000
21.97500023,32.14198000
21.97600023,32.14198000
21.97700023,32.14198000
21.97800023,34.03666000
21.97900023,34.03666000
21.98000023,32.14198000
21.98100023,34.03666000
21.98200023,34.03666000
21.98300023,34.03666000
21.98400023,35.92520000
21.98500023,34.03666000
21.98600023,34.03666000
21.98700023,32.14198000
21.98800023,32.14198000
21.98900023,32.14198000
21.99000023,32.14198000
21.99100023,34.03666000
21.99200023,34.03666000
21.99300023,32.14198000
21.99400023,34.03666000
21.99500023,34.03666000
21.99600023,34.03666000
21.99700023,34.03666000
21.99800023,34.03666000
21.99900023,34.03666000
22.00000023,34.03666000
22.00100023,34.03666000
22.00200023,34.03666000
22.00300023,34.03666000
22.00400023,34.03666000
22.00500023,34.03666000
22.00600023,34.03666000
22.00700023,34.03666000
22.00800023,34.03666000
22.00900023,34.03666000
22.01000023,32.14198000
22.01100023,32.14198000
22.01200023,32.14198000
22.01300023,32.14198000
22.01400023,32.14198000
22.01500023,32.14198000
22.01600023,32.14198000
22.01700023,32.14198000
22.01800023,34.03666000
22.01900023,34.03666000
22.02000023,34.03666000
22.02100023,34.03666000
22.02200023,34.03666000
22.02300023,35.92520000
22.02400023,35.92520000
22.02500023,35.92520000
22.02600023,35.92520000
22.02700023,37.81988000
22.02800023,37.81988000
22.02900023,35.92520000
22.03000023,35.92520000
22.03100023,35.92520000
22.03200023,34.03666000
22.03300023,34.03666000
22.03400023,34.03666000
22.03500023,34.03666000
22.03600023,34.03666000
22.03700023,34.03666000
22.03800023,34.03666000
22.03900023,34.03666000
22.04000023,34.03666000
22.04100023,34.03666000
22.04200023,34.03666000
22.04300023,34.03666000
22.04400023,34.03666000
22.04500023,35.92520000
22.04600023,35.92520000
22.04700023,37.81988000
22.04800023,35.92520000
22.04900023,37.81988000
22.05000023,37.81988000
22.05100023,37.81988000
22.05200023,35.92520000
22.05300023,35.92520000
22.05400023,34.03666000
22.05500023,34.03666000
22.05600023,34.03666000
22.05700023,34.03666000
22.05800023,34.03666000
22.05900023,34.03666000
22.06000023,34.03666000
22.06100023,34.03666000
22.06200023,34.03666000
22.06300023,35.92520000
22.06400023,34.03666000
22.06500023,34.03666000
22.06600023,34.03666000
22.06700023,34.03666000
22.06800023,34.03666000
22.06900023,34.03666000
22.07000023,35.92520000
22.07100023,35.92520000
22.07200023,35.92520000
22.07300023,35.92520000
22.07400023,35.92520000
22.07500023,35.92520000
22.07600023,34.03666000
22.07700023,34.03666000
22.07800023,34.03666000
22.07900023,34.03666000
22.08000023,34.03666000
22.08100023,34.03666000
22.08200023,35.92520000
22.08300023,34.03666000
22.08400023,34.03666000
22.08500023,34.03666000
22.08600023,32.14198000
22.08700023,32.14198000
22.08800023,32.14198000
22.08900023,34.03666000
22.09000023,35.92520000
22.09100023,37.81988000
22.09200023,37.81988000
22.09300023,37.81988000
22.09400023,37.81988000
22.09500023,37.81988000
22.09600023,35.92520000
22.09700023,35.92520000
22.09800023,34.03666000
22.09900023,34.03666000
22.10000023,35.92520000
22.10100023,37.81988000
22.10200023,37.81988000
22.10300023,37.81988000
22.10400023,37.81988000
22.10500023,35.92520000
22.10600023,35.92520000
22.10700023,35.92520000
22.10800023,34.03666000
22.10900023,34.03666000
22.11000023,34.03666000
22.11100023,34.03666000
22.11200023,35.92520000
22.11300023,35.92520000
22.11400023,35.92520000
22.11500023,35.92520000
22.11600023,37.81988000
22.11700023,37.81988000
22.11800023,37.81988000
22.11900023,37.81988000
22.12000023,35.92520000
22.12100023,34.03666000
22.12200023,34.03666000
22.12300023,34.03666000
22.12400023,34.03666000
22.12500023,34.03666000
22.12600023,34.03666000
22.12700023,35.92520000
22.12800023,35.92520000
22.12900023,34.03666000
22.13000023,34.03666000
22.13100023,34.03666000
22.13200023,32.14198000
22.13300023,32.14198000
22.13400023,32.14198000
22.13500023,32.14198000
22.13600023,34.03666000
22.13700023,35.92520000
22.13800023,35.92520000
22.13900023,35.92520000
22.14000023,35.92520000
22.14100023,35.92520000
22.14200023,34.03666000
22.14300023,34.03666000
22.14400023,34.03666000
22.14500023,34.03666000
22.14600023,34.03666000
22.14700023,35.92520000
22.14800023,35.92520000
22.14900023,35.92520000
22.15000023,35.92520000
22.15100023,34.03666000
22.15200023,34.03666000
22.15300023,34.03666000
22.15400023,32.14198000
22.15500023,34.03666000
22.15600023,34.03666000
22.15700023,35.92520000
22.15800023,35.92520000
22.15900023,35.92520000
22.16000023,35.92520000
22.16100023,35.92520000
22.16200023,34.03666000
22.16300023,34.03666000
22.16400023,34.03666000
22.16500023,35.92520000
22.16600023,35.92520000
22.16700023,35.92520000
22.16800023,35.92520000
22.16900023,35.92520000
22.17000023,35.92520000
22.17100023,35.92520000
22.17200023,34.03666000
22.17300023,34.03666000
22.17400023,34.03666000
22.17500023,35.92520000
22.17600023,34.03666000
22.17700023,34.03666000
22.17800023,34.03666000
22.17900023,34.03666000
22.18000023,34.03666000
22.18100023,34.03666000
22.18200023,34.03666000
22.18300023,35.92520000
22.18400023,35.92520000
22.18500023,35.92520000
22.18600023,35.92520000
22.18700023,35.92520000
22.18800023,34.03666000
22.18900023,34.03666000
22.19000023,32.14198000
22.19100023,34.03666000
22.19200023,34.03666000
22.19300023,34.03666000
22.19400023,35.92520000
22.19500023,37.81988000
22.19600023,37.81988000
22.19700023,35.92520000
22.19800023,34.03666000
22.19900023,32.14198000
22.20000023,32.14198000
22.20100023,32.14198000
22.20200023,32.14198000
22.20300023,32.14198000
22.20400023,34.03666000
22.20500023,35.92520000
22.20600023,35.92520000
22.20700023,35.92520000
22.20800023,35.92520000
22.20900023,32.14198000
22.21000023,32.14198000
22.21100023,32.14198000
22.21200023,32.14198000
22.21300023,32.14198000
22.21400023,32.14198000
22.21500023,34.03666000
22.21600023,34.03666000
22.21700023,34.03666000
22.21800023,34.03666000
22.21900023,32.14198000
22.22000023,30.25344000
22.22100023,30.25344000
22.22200023,30.25344000
22.22300023,32.14198000
22.22400023,32.14198000
22.22500023,32.14198000
22.22600023,32.14198000
22.22700023,32.14198000
22.22800023,32.14198000
22.22900023,32.14198000
22.23000023,34.03666000
22.23100023,34.03666000
22.23200023,34.03666000
22.23300023,34.03666000
22.23400023,32.14198000
22.23500023,34.03666000
22.23600023,34.03666000
22.23700023,35.92520000
22.23800023,35.92520000
22.23900023,35.92520000
22.24000023,35.92520000
22.24100023,35.92520000
22.24200023,35.92520000
22.24300023,34.03666000
22.24400023,34.03666000
22.24500023,34.03666000
22.24600023,34.03666000
22.24700023,34.03666000
22.24800023,35.92520000
22.24900023,35.92520000
22.25000023,37.81988000
22.25100023,37.81988000
22.25200023,37.81988000
22.25300023,37.81988000
22.25400023,37.81988000
22.25500023,37.81988000
22.25600023,35.92520000
22.25700023,37.81988000
22.25800023,37.81988000
22.25900023,39.70842000
22.26000023,39.70842000
22.26100023,39.70842000
22.26200023,39.70842000
22.26300023,39.70842000
22.26400023,39.70842000
22.26500023,37.81988000
22.26600023,37.81988000
22.26700023,37.81988000
22.26800023,39.70842000
22.26900023,39.70842000
22.27000023,39.70842000
22.27100023,39.70842000
22.27200023,39.70842000
22.27300023,37.81988000
22.27400023,37.81988000
22.27500023,37.81988000
22.27600023,37.81988000
22.27700023,37.81988000
22.27800023,37.81988000
22.27900023,39.70842000
22.28000022,39.70842000
22.28100022,39.70842000
22.28200022,39.70842000
22.28300022,39.70842000
22.28400022,37.81988000
22.28500022,39.70842000
22.28600022,37.81988000
22.28700022,37.81988000
22.28800022,37.81988000
22.28900022,37.81988000
22.29000022,39.70842000
22.29100022,39.70842000
22.29200022,37.81988000
22.29300022,37.81988000
22.29400022,37.81988000
22.29500022,37.81988000
22.29600022,37.81988000
22.29700022,37.81988000
22.29800022,37.81988000
22.29900022,37.81988000
22.30000022,37.81988000
22.30100022,37.81988000
22.30200022,37.81988000
22.30300022,37.81988000
22.30400022,37.81988000
22.30500022,37.81988000
22.30600022,37.81988000
22.30700022,37.81988000
22.30800022,37.81988000
22.30900022,37.81988000
22.31000022,37.81988000
22.31100022,39.70842000
22.31200022,39.70842000
22.31300022,39.70842000
22.31400022,39.70842000
22.31500022,41.59695000
22.31600022,41.59695000
22.31700022,39.70842000
22.31800022,39.70842000
22.31900022,37.81988000
22.32000022,37.81988000
22.32100022,37.81988000
22.32200022,39.70842000
22.32300022,39.70842000
22.32400022,39.70842000
22.32500022,41.59695000
22.32600022,41.59695000
22.32700022,43.49163000
22.32800022,43.49163000
22.32900022,41.59695000
22.33000022,41.59695000
22.33100022,41.59695000
22.33200022,39.70842000
22.33300022,39.70842000
22.33400022,39.70842000
22.33500022,41.59695000
22.33600022,41.59695000
22.33700022,43.49163000
22.33800022,45.38017000
22.33900022,45.38017000
22.34000022,45.38017000
22.34100022,45.38017000
22.34200022,43.49163000
22.34300022,43.49163000
22.34400022,41.59695000
22.34500022,39.70842000
22.34600022,41.59695000
22.34700022,43.49163000
22.34800022,43.49163000
22.34900022,45.38017000
22.35000022,45.38017000
22.35100022,47.27485000
22.35200022,45.38017000
22.35300022,45.38017000
22.35400022,43.49163000
22.35500022,41.59695000
22.35600022,41.59695000
22.35700022,41.59695000
22.35800022,43.49163000
22.35900022,43.49163000
22.36000022,45.38017000
22.36100022,45.38017000
22.36200022,47.27485000
22.36300022,47.27485000
22.36400022,45.38017000
22.36500022,43.49163000
22.36600022,41.59695000
22.36700022,41.59695000
22.36800022,41.59695000
22.36900022,41.59695000
22.37000022,43.49163000
22.37100022,43.49163000
22.37200022,43.49163000
22.37300022,45.38017000
22.37400022,43.49163000
22.37500022,43.49163000
22.37600022,43.49163000
22.37700022,41.59695000
22.37800022,43.49163000
22.37900022,43.49163000
22.38000022,43.49163000
22.38100022,43.49163000
22.38200022,43.49163000
22.38300022,43.49163000
22.38400022,43.49163000
22.38500022,43.49163000
22.38600022,43.49163000
22.38700022,43.49163000
22.38800022,43.49163000
22.38900022,43.49163000
22.39000022,43.49163000
22.39100022,43.49163000
22.39200022,41.59695000
22.39300022,41.59695000
22.39400022,41.59695000
22.39500022,41.59695000
22.39600022,41.59695000
22.39700022,41.59695000
22.39800022,41.59695000
22.39900022,43.49163000
22.40000022,43.49163000
22.40100022,43.49163000
22.40200022,41.59695000
22.40300022,41.59695000
22.40400022,39.70842000
22.40500022,41.59695000
22.40600022,39.70842000
22.40700022,41.59695000
22.40800022,43.49163000
22.40900022,43.49163000
22.41000022,45.38017000
22.41100022,45.38017000
22.41200022,43.49163000
22.41300022,43.49163000
22.41400022,41.59695000
22.41500022,41.59695000
22.41600022,41.59695000
22.41700022,41.59695000
22.41800022,43.49163000
22.41900022,43.49163000
22.42000022,43.49163000
22.42100022,45.38017000
22.42200022,45.38017000
22.42300022,45.38017000
22.42400022,43.49163000
22.42500022,43.49163000
22.42600022,43.49163000
22.42700022,41.59695000
22.42800022,41.59695000
22.42900022,41.59695000
22.43000022,43.49163000
22.43100022,43.49163000
22.43200022,45.38017000
22.43300022,45.38017000
22.43400022,47.27485000
22.43500022,47.27485000
22.43600022,49.16338000
22.43700022,47.27485000
22.43800022,45.38017000
22.43900022,45.38017000
22.44000022,43.49163000
22.44100022,43.49163000
22.44200022,43.49163000
22.44300022,45.38017000
22.44400022,45.38017000
22.44500022,47.27485000
22.44600022,47.27485000
22.44700022,49.16338000
22.44800022,47.27485000
22.44900022,45.38017000
22.45000022,45.38017000
22.45100022,43.49163000
22.45200022,43.49163000
22.45300022,43.49163000
22.45400022,45.38017000
22.45500022,45.38017000
22.45600022,45.38017000
22.45700022,47.27485000
22.45800022,47.27485000
22.45900022,47.27485000
22.46000022,45.38017000
22.46100022,45.38017000
22.46200022,45.38017000
22.46300022,45.38017000
22.46400022,45.38017000
22.46500022,45.38017000
22.46600022,45.38017000
22.46700022,45.38017000
22.46800022,45.38017000
22.46900022,43.49163000
22.47000022,43.49163000
22.47100022,45.38017000
22.47200022,45.38017000
22.47300022,45.38017000
22.47400022,45.38017000
22.47500022,45.38017000
22.47600022,45.38017000
22.47700022,45.38017000
22.47800022,45.38017000
22.47900022,43.49163000
22.48000022,43.49163000
22.48100022,43.49163000
22.48200022,43.49163000
22.48300022,45.38017000
22.48400022,45.38017000
22.48500022,45.38017000
22.48600022,45.38017000
22.48700022,47.27485000
22.48800022,45.38017000
22.48900022,45.38017000
22.49000022,45.38017000
22.49100022,45.38017000
22.49200022,45.38017000
22.49300022,45.38017000
22.49400022,45.38017000
22.49500022,45.38017000
22.49600022,45.38017000
22.49700022,45.38017000
22.49800022,45.38017000
22.49900022,45.38017000
22.50000022,47.27485000
22.50100022,47.27485000
22.50200022,47.27485000
22.50300022,47.27485000
22.50400022,47.27485000
22.50500022,45.38017000
22.50600022,45.38017000
22.50700022,45.38017000
22.50800022,45.38017000
22.50900022,47.27485000
22.51000022,47.27485000
22.51100022,49.16338000
22.51200022,49.16338000
22.51300022,49.16338000
22.51400022,49.16338000
22.51500022,49.16338000
22.51600022,47.27485000
22.51700022,47.27485000
22.51800022,45.38017000
22.51900022,47.27485000
22.52000022,47.27485000
22.52100022,49.16338000
22.52200022,49.16338000
22.52300022,49.16338000
22.52400022,47.27485000
22.52500022,47.27485000
22.52600022,47.27485000
22.52700022,47.27485000
22.52800022,47.27485000
22.52900022,49.16338000
22.53000022,49.16338000
22.53100022,51.05191000
22.53200022,49.16338000
22.53300022,49.16338000
22.53400022,47.27485000
22.53500022,47.27485000
22.53600022,47.27485000
22.53700022,49.16338000
22.53800022,49.16338000
22.53900022,49.16338000
22.54000022,49.16338000
22.54100022,51.05191000
22.54200022,51.05191000
22.54300022,51.05191000
22.54400022,49.16338000
22.54500022,49.16338000
22.54600022,49.16338000
22.54700022,49.16338000
22.54800022,49.16338000
22.54900022,49.16338000
22.55000022,49.16338000
22.55100022,49.16338000
22.55200022,49.16338000
22.55300022,49.16338000
22.55400022,49.16338000
22.55500022,49.16338000
22.55600022,49.16338000
22.55700022,49.16338000
22.55800022,49.16338000
22.55900022,51.05191000
22.56000022,49.16338000
22.56100022,49.16338000
22.56200022,49.16338000
22.56300022,49.16338000
22.56400022,47.27485000
22.56500022,49.16338000
22.56600022,49.16338000
22.56700022,49.16338000
22.56800022,51.05191000
22.56900022,51.05191000
22.57000022,49.16338000
22.57100022,49.16338000
22.57200022,49.16338000
22.57300022,47.27485000
22.57400022,47.27485000
22.57500022,47.27485000
22.57600022,47.27485000
22.57700022,47.27485000
22.57800022,49.16338000
22.57900022,49.16338000
22.58000022,49.16338000
22.58100022,49.16338000
22.58200022,49.16338000
22.58300022,51.05191000
22.58400022,51.05191000
22.58500022,51.05191000
22.58600022,51.05191000
22.58700022,51.05191000
22.58800022,52.94660000
22.58900022,52.94660000
22.59000022,52.94660000
22.59100022,52.94660000
22.59200022,52.94660000
22.59300022,52.94660000
22.59400022,52.94660000
22.59500022,54.83513000
22.59600022,54.83513000
22.59700022,54.83513000
22.59800022,54.83513000
22.59900022,54.83513000
22.60000022,54.83513000
22.60100022,52.94660000
22.60200022,52.94660000
22.60300022,54.83513000
22.60400022,54.83513000
22.60500022,56.72982000
22.60600022,56.72982000
22.60700022,56.72982000
22.60800022,56.72982000
22.60900022,54.83513000
22.61000022,54.83513000
22.61100022,54.83513000
22.61200022,52.94660000
22.61300022,52.94660000
22.61400022,52.94660000
22.61500022,52.94660000
22.61600022,52.94660000
22.61700022,52.94660000
22.61800022,52.94660000
22.61900022,52.94660000
22.62000022,52.94660000
22.62100022,52.94660000
22.62200022,52.94660000
22.62300022,52.94660000
22.62400022,51.05191000
22.62500022,51.05191000
22.62600022,51.05191000
22.62700022,51.05191000
22.62800022,51.05191000
22.62900022,51.05191000
22.63000022,51.05191000
22.63100022,51.05191000
22.63200022,51.05191000
22.63300021,51.05191000
22.63400021,51.05191000
22.63500021,51.05191000
22.63600021,51.05191000
22.63700021,49.16338000
22.63800021,49.16338000
22.63900021,49.16338000
22.64000021,49.16338000
22.64100021,51.05191000
22.64200021,51.05191000
22.64300021,51.05191000
22.64400021,51.05191000
22.64500021,51.05191000
22.64600021,51.05191000
22.64700021,51.05191000
22.64800021,51.05191000
22.64900021,51.05191000
22.65000021,51.05191000
22.65100021,52.94660000
22.65200021,52.94660000
22.65300021,52.94660000
22.65400021,51.05191000
22.65500021,52.94660000
22.65600021,51.05191000
22.65700021,52.94660000
22.65800021,52.94660000
22.65900021,52.94660000
22.66000021,54.83513000
22.66100021,54.83513000
22.66200021,54.83513000
22.66300021,52.94660000
22.66400021,52.94660000
22.66500021,52.94660000
22.66600021,52.94660000
22.66700021,52.94660000
22.66800021,52.94660000
22.66900021,54.83513000
22.67000021,54.83513000
22.67100021,56.72982000
22.67200021,56.72982000
22.67300021,56.72982000
22.67400021,54.83513000
22.67500021,52.94660000
22.67600021,52.94660000
22.67700021,52.94660000
22.67800021,52.94660000
22.67900021,52.94660000
22.68000021,52.94660000
22.68100021,52.94660000
22.68200021,52.94660000
22.68300021,54.83513000
22.68400021,54.83513000
22.68500021,54.83513000
22.68600021,52.94660000
22.68700021,52.94660000
22.68800021,51.05191000
22.68900021,49.16338000
22.69000021,47.27485000
22.69100021,47.27485000
22.69200021,47.27485000
22.69300021,49.16338000
22.69400021,51.05191000
22.69500021,51.05191000
22.69600021,51.05191000
22.69700021,51.05191000
22.69800021,49.16338000
22.69900021,49.16338000
22.70000021,47.27485000
22.70100021,45.38017000
22.70200021,45.38017000
22.70300021,45.38017000
22.70400021,45.38017000
22.70500021,47.27485000
22.70600021,47.27485000
22.70700021,49.16338000
22.70800021,51.05191000
22.70900021,51.05191000
22.71000021,49.16338000
22.71100021,49.16338000
22.71200021,47.27485000
22.71300021,47.27485000
22.71400021,49.16338000
22.71500021,49.16338000
22.71600021,49.16338000
22.71700021,51.05191000
22.71800021,51.05191000
22.71900021,52.94660000
22.72000021,52.94660000
22.72100021,52.94660000
22.72200021,52.94660000
22.72300021,52.94660000
22.72400021,51.05191000
22.72500021,51.05191000
22.72600021,51.05191000
22.72700021,51.05191000
22.72800021,51.05191000
22.72900021,52.94660000
22.73000021,52.94660000
22.73100021,54.83513000
22.73200021,54.83513000
22.73300021,54.83513000
22.73400021,54.83513000
22.73500021,54.83513000
22.73600021,54.83513000
22.73700021,52.94660000
22.73800021,52.94660000
22.73900021,52.94660000
22.74000021,52.94660000
22.74100021,52.94660000
22.74200021,52.94660000
22.74300021,52.94660000
22.74400021,52.94660000
22.74500021,52.94660000
22.74600021,52.94660000
22.74700021,51.05191000
22.74800021,51.05191000
22.74900021,52.94660000
22.75000021,52.94660000
22.75100021,52.94660000
22.75200021,52.94660000
22.75300021,51.05191000
22.75400021,51.05191000
22.75500021,51.05191000
22.75600021,51.05191000
22.75700021,51.05191000
22.75800021,49.16338000
22.75900021,51.05191000
22.76000021,51.05191000
22.76100021,51.05191000
22.76200021,52.94660000
22.76300021,51.05191000
22.76400021,51.05191000
22.76500021,51.05191000
22.76600021,49.16338000
22.76700021,49.16338000
22.76800021,51.05191000
22.76900021,51.05191000
22.77000021,51.05191000
22.77100021,52.94660000
22.77200021,51.05191000
22.77300021,51.05191000
22.77400021,51.05191000
22.77500021,51.05191000
22.77600021,51.05191000
22.77700021,51.05191000
22.77800021,51.05191000
22.77900021,52.94660000
22.78000021,52.94660000
22.78100021,52.94660000
22.78200021,52.94660000
22.78300021,52.94660000
22.78400021,51.05191000
22.78500021,51.05191000
22.78600021,51.05191000
22.78700021,52.94660000
22.78800021,52.94660000
22.78900021,54.83513000
22.79000021,52.94660000
22.79100021,54.83513000
22.79200021,52.94660000
22.79300021,52.94660000
22.79400021,51.05191000
22.79500021,51.05191000
22.79600021,51.05191000
22.79700021,52.94660000
22.79800021,52.94660000
22.79900021,52.94660000
22.80000021,52.94660000
22.80100021,52.94660000
22.80200021,52.94660000
22.80300021,52.94660000
22.80400021,52.94660000
22.80500021,52.94660000
22.80600021,51.05191000
22.80700021,52.94660000
22.80800021,52.94660000
22.80900021,52.94660000
22.81000021,52.94660000
22.81100021,52.94660000
22.81200021,51.05191000
22.81300021,51.05191000
22.81400021,51.05191000
22.81500021,51.05191000
22.81600021,52.94660000
22.81700021,52.94660000
22.81800021,52.94660000
22.81900021,52.94660000
22.82000021,51.05191000
22.82100021,51.05191000
22.82200021,49.16338000
22.82300021,51.05191000
22.82400021,51.05191000
22.82500021,51.05191000
22.82600021,52.94660000
22.82700021,54.83513000
22.82800021,54.83513000
22.82900021,54.83513000
22.83000021,52.94660000
22.83100021,52.94660000
22.83200021,51.05191000
22.83300021,51.05191000
22.83400021,51.05191000
22.83500021,51.05191000
22.83600021,52.94660000
22.83700021,52.94660000
22.83800021,52.94660000
22.83900021,52.94660000
22.84000021,52.94660000
22.84100021,51.05191000
22.84200021,51.05191000
22.84300021,51.05191000
22.84400021,51.05191000
22.84500021,52.94660000
22.84600021,52.94660000
22.84700021,52.94660000
22.84800021,52.94660000
22.84900021,52.94660000
22.85000021,52.94660000
22.85100021,52.94660000
22.85200021,52.94660000
22.85300021,52.94660000
22.85400021,52.94660000
22.85500021,52.94660000
22.85600021,52.94660000
22.85700021,52.94660000
22.85800021,52.94660000
22.85900021,52.94660000
22.86000021,52.94660000
22.86100021,52.94660000
22.86200021,52.94660000
22.86300021,52.94660000
22.86400021,52.94660000
22.86500021,52.94660000
22.86600021,52.94660000
22.86700021,52.94660000
22.86800021,51.05191000
22.86900021,51.05191000
22.87000021,51.05191000
22.87100021,52.94660000
22.87200021,52.94660000
22.87300021,52.94660000
22.87400021,52.94660000
22.87500021,52.94660000
22.87600021,51.05191000
22.87700021,49.16338000
22.87800021,49.16338000
22.87900021,49.16338000
22.88000021,51.05191000
22.88100021,51.05191000
22.88200021,52.94660000
22.88300021,52.94660000
22.88400021,54.83513000
22.88500021,52.94660000
22.88600021,51.05191000
22.88700021,51.05191000
22.88800021,49.16338000
22.88900021,49.16338000
22.89000021,51.05191000
22.89100021,51.05191000
22.89200021,52.94660000
22.89300021,52.94660000
22.89400021,52.94660000
22.89500021,52.94660000
22.89600021,52.94660000
22.89700021,51.05191000
22.89800021,51.05191000
22.89900021,51.05191000
22.90000021,51.05191000
22.90100021,51.05191000
22.90200021,52.94660000
22.90300021,54.83513000
22.90400021,54.83513000
22.90500021,52.94660000
22.90600021,52.94660000
22.90700021,52.94660000
22.90800021,51.05191000
22.90900021,51.05191000
22.91000021,51.05191000
22.91100021,52.94660000
22.91200021,52.94660000
22.91300021,52.94660000
22.91400021,52.94660000
22.91500021,52.94660000
22.91600021,52.94660000
22.91700021,51.05191000
22.91800021,51.05191000
22.91900021,52.94660000
22.92000021,52.94660000
22.92100021,52.94660000
22.92200021,52.94660000
22.92300021,52.94660000
22.92400021,51.05191000
22.92500021,52.94660000
22.92600021,52.94660000
22.92700021,52.94660000
22.92800021,52.94660000
22.92900021,51.05191000
22.93000021,51.05191000
22.93100021,52.94660000
22.93200021,52.94660000
22.93300021,51.05191000
22.93400021,51.05191000
22.93500021,51.05191000
22.93600021,51.05191000
22.93700021,51.05191000
22.93800021,51.05191000
22.93900021,51.05191000
22.94000021,51.05191000
22.94100021,51.05191000
22.94200021,51.05191000
22.94300021,51.05191000
22.94400021,51.05191000
22.94500021,51.05191000
22.94600021,51.05191000
22.94700021,52.94660000
22.94800021,52.94660000
22.94900021,52.94660000
22.95000021,52.94660000
22.95100021,52.94660000
22.95200021,51.05191000
22.95300021,51.05191000
22.95400021,51.05191000
22.95500021,51.05191000
22.95600021,51.05191000
22.95700021,52.94660000
22.95800021,52.94660000
22.95900021,52.94660000
22.96000021,52.94660000
22.96100021,52.94660000
22.96200021,51.05191000
22.96300021,51.05191000
22.96400021,51.05191000
22.96500021,51.05191000
22.96600021,52.94660000
22.96700021,52.94660000
22.96800021,52.94660000
22.96900021,52.94660000
22.97000021,52.94660000
22.97100021,52.94660000
22.97200021,52.94660000
22.97300021,52.94660000
22.97400021,52.94660000
22.97500021,52.94660000
22.97600021,52.94660000
22.97700021,52.94660000
22.97800021,52.94660000
22.97900021,52.94660000
22.98000021,52.94660000
22.98100021,52.94660000
22.98200021,52.94660000
22.98300021,52.94660000
22.98400021,52.94660000
22.98500021,51.05191000
22.98600021,52.94660000
22.98700020,52.94660000
22.98800020,52.94660000
22.98900020,52.94660000
22.99000020,52.94660000
22.99100020,52.94660000
22.99200020,52.94660000
22.99300020,52.94660000
22.99400020,52.94660000
22.99500020,52.94660000
22.99600020,51.05191000
22.99700020,51.05191000
22.99800020,51.05191000
22.99900020,51.05191000
23.00000020,51.05191000
23.00100020,51.05191000
23.00200020,52.94660000
23.00300020,52.94660000
23.00400020,52.94660000
23.00500020,52.94660000
23.00600020,52.94660000
23.00700020,52.94660000
23.00800020,51.05191000
23.00900020,51.05191000
23.01000020,49.16338000
23.01100020,49.16338000
23.01200020,49.16338000
23.01300020,51.05191000
23.01400020,52.94660000
23.01500020,52.94660000
23.01600020,54.83513000
23.01700020,52.94660000
23.01800020,52.94660000
23.01900020,51.05191000
23.02000020,51.05191000
23.02100020,49.16338000
23.02200020,49.16338000
23.02300020,49.16338000
23.02400020,51.05191000
23.02500020,51.05191000
23.02600020,52.94660000
23.02700020,52.94660000
23.02800020,52.94660000
23.02900020,52.94660000
23.03000020,51.05191000
23.03100020,51.05191000
23.03200020,49.16338000
23.03300020,49.16338000
23.03400020,49.16338000
23.03500020,51.05191000
23.03600020,52.94660000
23.03700020,52.94660000
23.03800020,52.94660000
23.03900020,52.94660000
23.04000020,52.94660000
23.04100020,52.94660000
23.04200020,51.05191000
23.04300020,49.16338000
23.04400020,49.16338000
23.04500020,51.05191000
23.04600020,51.05191000
23.04700020,52.94660000
23.04800020,52.94660000
23.04900020,52.94660000
23.05000020,54.83513000
23.05100020,52.94660000
23.05200020,52.94660000
23.05300020,51.05191000
23.05400020,51.05191000
23.05500020,51.05191000
23.05600020,51.05191000
23.05700020,51.05191000
23.05800020,52.94660000
23.05900020,52.94660000
23.06000020,52.94660000
23.06100020,52.94660000
23.06200020,52.94660000
23.06300020,52.94660000
23.06400020,51.05191000
23.06500020,51.05191000
23.06600020,51.05191000
23.06700020,52.94660000
23.06800020,52.94660000
23.06900020,52.94660000
23.07000020,51.05191000
23.07100020,52.94660000
23.07200020,51.05191000
23.07300020,51.05191000
23.07400020,51.05191000
23.07500020,51.05191000
23.07600020,51.05191000
23.07700020,51.05191000
23.07800020,51.05191000
23.07900020,52.94660000
23.08000020,51.05191000
23.08100020,51.05191000
23.08200020,51.05191000
23.08300020,49.16338000
23.08400020,49.16338000
23.08500020,51.05191000
23.08600020,51.05191000
23.08700020,51.05191000
23.08800020,51.05191000
23.08900020,51.05191000
23.09000020,51.05191000
23.09100020,51.05191000
23.09200020,51.05191000
23.09300020,51.05191000
23.09400020,51.05191000
23.09500020,51.05191000
23.09600020,51.05191000
23.09700020,51.05191000
23.09800020,49.16338000
23.09900020,49.16338000
23.10000020,49.16338000
23.10100020,49.16338000
23.10200020,49.16338000
23.10300020,51.05191000
23.10400020,51.05191000
23.10500020,51.05191000
23.10600020,51.05191000
23.10700020,51.05191000
23.10800020,51.05191000
23.10900020,51.05191000
23.11000020,49.16338000
23.11100020,51.05191000
23.11200020,51.05191000
23.11300020,51.05191000
23.11400020,52.94660000
23.11500020,52.94660000
23.11600020,52.94660000
23.11700020,52.94660000
23.11800020,51.05191000
23.11900020,51.05191000
23.12000020,51.05191000
23.12100020,51.05191000
23.12200020,51.05191000
23.12300020,52.94660000
23.12400020,52.94660000
23.12500020,52.94660000
23.12600020,52.94660000
23.12700020,52.94660000
23.12800020,51.05191000
23.12900020,51.05191000
23.13000020,51.05191000
23.13100020,52.94660000
23.13200020,52.94660000
23.13300020,52.94660000
23.13400020,54.83513000
23.13500020,54.83513000
23.13600020,52.94660000
23.13700020,52.94660000
23.13800020,51.05191000
23.13900020,51.05191000
23.14000020,51.05191000
23.14100020,51.05191000
23.14200020,52.94660000
23.14300020,52.94660000
23.14400020,52.94660000
23.14500020,52.94660000
23.14600020,51.05191000
23.14700020,51.05191000
23.14800020,51.05191000
23.14900020,51.05191000
23.15000020,51.05191000
23.15100020,51.05191000
23.15200020,51.05191000
23.15300020,51.05191000
23.15400020,51.05191000
23.15500020,51.05191000
23.15600020,51.05191000
23.15700020,51.05191000
23.15800020,49.16338000
23.15900020,51.05191000
23.16000020,51.05191000
23.16100020,51.05191000
23.16200020,51.05191000
23.16300020,51.05191000
23.16400020,51.05191000
23.16500020,49.16338000
23.16600020,49.16338000
23.16700020,49.16338000
23.16800020,49.16338000
23.16900020,51.05191000
23.17000020,51.05191000
23.17100020,52.94660000
23.17200020,52.94660000
23.17300020,52.94660000
23.17400020,51.05191000
23.17500020,51.05191000
23.17600020,49.16338000
23.17700020,49.16338000
23.17800020,51.05191000
23.17900020,52.94660000
23.18000020,52.94660000
23.18100020,54.83513000
23.18200020,54.83513000
23.18300020,54.83513000
23.18400020,52.94660000
23.18500020,51.05191000
23.18600020,51.05191000
23.18700020,51.05191000
23.18800020,51.05191000
23.18900020,52.94660000
23.19000020,52.94660000
23.19100020,54.83513000
23.19200020,52.94660000
23.19300020,52.94660000
23.19400020,52.94660000
23.19500020,52.94660000
23.19600020,52.94660000
23.19700020,52.94660000
23.19800020,52.94660000
23.19900020,54.83513000
23.20000020,54.83513000
23.20100020,54.83513000
23.20200020,52.94660000
23.20300020,52.94660000
23.20400020,51.05191000
23.20500020,51.05191000
23.20600020,51.05191000
23.20700020,52.94660000
23.20800020,52.94660000
23.20900020,52.94660000
23.21000020,52.94660000
23.21100020,52.94660000
23.21200020,52.94660000
23.21300020,51.05191000
23.21400020,51.05191000
23.21500020,51.05191000
23.21600020,51.05191000
23.21700020,51.05191000
23.21800020,51.05191000
23.21900020,52.94660000
23.22000020,51.05191000
23.22100020,51.05191000
23.22200020,51.05191000
23.22300020,51.05191000
23.22400020,51.05191000
23.22500020,51.05191000
23.22600020,51.05191000
23.22700020,51.05191000
23.22800020,51.05191000
23.22900020,52.94660000
23.23000020,52.94660000
23.23100020,52.94660000
23.23200020,51.05191000
23.23300020,51.05191000
23.23400020,51.05191000
23.23500020,51.05191000
23.23600020,52.94660000
23.23700020,52.94660000
23.23800020,52.94660000
23.23900020,52.94660000
23.24000020,52.94660000
23.24100020,52.94660000
23.24200020,51.05191000
23.24300020,51.05191000
23.24400020,51.05191000
23.24500020,52.94660000
23.24600020,52.94660000
23.24700020,52.94660000
23.24800020,52.94660000
23.24900020,52.94660000
23.25000020,52.94660000
23.25100020,52.94660000
23.25200020,52.94660000
23.25300020,52.94660000
23.25400020,52.94660000
23.25500020,52.94660000
23.25600020,54.83513000
23.25700020,52.94660000
23.25800020,52.94660000
23.25900020,52.94660000
23.26000020,52.94660000
23.26100020,52.94660000
23.26200020,52.94660000
23.26300020,52.94660000
23.26400020,54.83513000
23.26500020,54.83513000
23.26600020,54.83513000
23.26700020,54.83513000
23.26800020,52.94660000
23.26900020,52.94660000
23.27000020,51.05191000
23.27100020,51.05191000
23.27200020,52.94660000
23.27300020,52.94660000
23.27400020,54.83513000
23.27500020,54.83513000
23.27600020,54.83513000
23.27700020,54.83513000
23.27800020,52.94660000
23.27900020,52.94660000
23.28000020,51.05191000
23.28100020,51.05191000
23.28200020,52.94660000
23.28300020,52.94660000
23.28400020,52.94660000
23.28500020,54.83513000
23.28600020,52.94660000
23.28700020,54.83513000
23.28800020,52.94660000
23.28900020,52.94660000
23.29000020,52.94660000
23.29100020,51.05191000
23.29200020,52.94660000
23.29300020,52.94660000
23.29400020,52.94660000
23.29500020,52.94660000
23.29600020,52.94660000
23.29700020,52.94660000
23.29800020,52.94660000
23.29900020,52.94660000
23.30000020,52.94660000
23.30100020,52.94660000
23.30200020,52.94660000
23.30300020,52.94660000
23.30400020,52.94660000
23.30500020,52.94660000
23.30600020,52.94660000
23.30700020,52.94660000
23.30800020,52.94660000
23.30900020,54.83513000
23.31000020,54.83513000
23.31100020,54.83513000
23.31200020,52.94660000
23.31300020,52.94660000
23.31400020,52.94660000
23.31500020,52.94660000
23.31600020,52.94660000
23.31700020,52.94660000
23.31800020,52.94660000
23.31900020,52.94660000
23.32000020,54.83513000
23.32100020,54.83513000
23.32200020,54.83513000
23.32300020,54.83513000
23.32400020,52.94660000
23.32500020,52.94660000
23.32600020,52.94660000
23.32700020,52.94660000
23.32800020,52.94660000
23.32900020,52.94660000
23.33000020,54.83513000
23.33100020,54.83513000
23.33200020,54.83513000
23.33300020,54.83513000
23.33400020,52.94660000
23.33500020,52.94660000
23.33600020,52.94660000
23.33700020,52.94660000
23.33800020,52.94660000
23.33900020,54.83513000
23.34000019,54.83513000
23.34100019,54.83513000
23.34200019,54.83513000
23.34300019,54.83513000
23.34400019,54.83513000
23.34500019,54.83513000
23.34600019,54.83513000
23.34700019,52.94660000
23.34800019,52.94660000
23.34900019,52.94660000
23.35000019,52.94660000
23.35100019,54.83513000
23.35200019,54.83513000
23.35300019,52.94660000
23.35400019,54.83513000
23.35500019,54.83513000
23.35600019,54.83513000
23.35700019,54.83513000
23.35800019,52.94660000
23.35900019,54.83513000
23.36000019,52.94660000
23.36100019,52.94660000
23.36200019,52.94660000
23.36300019,52.94660000
23.36400019,52.94660000
23.36500019,54.83513000
23.36600019,54.83513000
23.36700019,54.83513000
23.36800019,54.83513000
23.36900019,54.83513000
23.37000019,54.83513000
23.37100019,52.94660000
23.37200019,52.94660000
23.37300019,52.94660000
23.37400019,52.94660000
23.37500019,54.83513000
23.37600019,54.83513000
23.37700019,54.83513000
23.37800019,52.94660000
23.37900019,52.94660000
23.38000019,52.94660000
23.38100019,52.94660000
23.38200019,52.94660000
23.38300019,52.94660000
23.38400019,52.94660000
23.38500019,52.94660000
23.38600019,54.83513000
23.38700019,54.83513000
23.38800019,54.83513000
23.38900019,54.83513000
23.39000019,52.94660000
23.39100019,54.83513000
23.39200019,54.83513000
23.39300019,52.94660000
23.39400019,52.94660000
23.39500019,52.94660000
23.39600019,52.94660000
23.39700019,54.83513000
23.39800019,52.94660000
23.39900019,54.83513000
23.40000019,54.83513000
23.40100019,54.83513000
23.40200019,54.83513000
23.40300019,54.83513000
23.40400019,52.94660000
23.40500019,54.83513000
23.40600019,52.94660000
23.40700019,54.83513000
23.40800019,52.94660000
23.40900019,54.83513000
23.41000019,54.83513000
23.41100019,54.83513000
23.41200019,54.83513000
23.41300019,54.83513000
23.41400019,54.83513000
23.41500019,54.83513000
23.41600019,54.83513000
23.41700019,54.83513000
23.41800019,54.83513000
23.41900019,54.83513000
23.42000019,54.83513000
23.42100019,56.72982000
23.42200019,54.83513000
23.42300019,56.72982000
23.42400019,54.83513000
23.42500019,54.83513000
23.42600019,54.83513000
23.42700019,54.83513000
23.42800019,54.83513000
23.42900019,54.83513000
23.43000019,54.83513000
23.43100019,54.83513000
23.43200019,56.72982000
23.43300019,56.72982000
23.43400019,54.83513000
23.43500019,54.83513000
23.43600019,52.94660000
23.43700019,52.94660000
23.43800019,52.94660000
23.43900019,54.83513000
23.44000019,54.83513000
23.44100019,54.83513000
23.44200019,54.83513000
23.44300019,54.83513000
23.44400019,54.83513000
23.44500019,52.94660000
23.44600019,52.94660000
23.44700019,52.94660000
23.44800019,52.94660000
23.44900019,52.94660000
23.45000019,54.83513000
23.45100019,54.83513000
23.45200019,54.83513000
23.45300019,54.83513000
23.45400019,54.83513000
23.45500019,54.83513000
23.45600019,52.94660000
23.45700019,54.83513000
23.45800019,54.83513000
23.45900019,54.83513000
23.46000019,54.83513000
23.46100019,54.83513000
23.46200019,54.83513000
23.46300019,54.83513000
23.46400019,54.83513000
23.46500019,54.83513000
23.46600019,54.83513000
23.46700019,54.83513000
23.46800019,54.83513000
23.46900019,54.83513000
23.47000019,54.83513000
23.47100019,54.83513000
23.47200019,54.83513000
23.47300019,54.83513000
23.47400019,54.83513000
23.47500019,54.83513000
23.47600019,54.83513000
23.47700019,56.72982000
23.47800019,56.72982000
23.47900019,56.72982000
23.48000019,56.72982000
23.48100019,54.83513000
23.48200019,54.83513000
23.48300019,54.83513000
23.48400019,54.83513000
23.48500019,54.83513000
23.48600019,56.72982000
23.48700019,56.72982000
23.48800019,56.72982000
23.48900019,56.72982000
23.49000019,56.72982000
23.49100019,56.72982000
23.49200019,54.83513000
23.49300019,56.72982000
23.49400019,54.83513000
23.49500019,56.72982000
23.49600019,56.72982000
23.49700019,56.72982000
23.49800019,56.72982000
23.49900019,56.72982000
23.50000019,56.72982000
23.50100019,56.72982000
23.50200019,54.83513000
23.50300019,56.72982000
23.50400019,56.72982000
23.50500019,56.72982000
23.50600019,56.72982000
23.50700019,56.72982000
23.50800019,56.72982000
23.50900019,56.72982000
23.51000019,56.72982000
23.51100019,56.72982000
23.51200019,54.83513000
23.51300019,54.83513000
23.51400019,56.72982000
23.51500019,56.72982000
23.51600019,56.72982000
23.51700019,56.72982000
23.51800019,56.72982000
23.51900019,58.61835000
23.52000019,56.72982000
23.52100019,56.72982000
23.52200019,56.72982000
23.52300019,56.72982000
23.52400019,56.72982000
23.52500019,56.72982000
23.52600019,56.72982000
23.52700019,56.72982000
23.52800019,56.72982000
23.52900019,56.72982000
23.53000019,56.72982000
23.53100019,56.72982000
23.53200019,56.72982000
23.53300019,56.72982000
23.53400019,56.72982000
23.53500019,58.61835000
23.53600019,56.72982000
23.53700019,54.83513000
23.53800019,54.83513000
23.53900019,54.83513000
23.54000019,56.72982000
23.54100019,56.72982000
23.54200019,56.72982000
23.54300019,56.72982000
23.54400019,56.72982000
23.54500019,56.72982000
23.54600019,56.72982000
23.54700019,56.72982000
23.54800019,54.83513000
23.54900019,54.83513000
23.55000019,56.72982000
23.55100019,56.72982000
23.55200019,56.72982000
23.55300019,56.72982000
23.55400019,56.72982000
23.55500019,56.72982000
23.55600019,56.72982000
23.55700019,56.72982000
23.55800019,54.83513000
23.55900019,56.72982000
23.56000019,56.72982000
23.56100019,58.61835000
23.56200019,58.61835000
23.56300019,58.61835000
23.56400019,56.72982000
23.56500019,56.72982000
23.56600019,56.72982000
23.56700019,58.61835000
23.56800019,56.72982000
23.56900019,56.72982000
23.57000019,58.61835000
23.57100019,58.61835000
23.57200019,58.61835000
23.57300019,58.61835000
23.57400019,56.72982000
23.57500019,56.72982000
23.57600019,56.72982000
23.57700019,56.72982000
23.57800019,56.72982000
23.57900019,58.61835000
23.58000019,58.61835000
23.58100019,60.51304000
23.58200019,58.61835000
23.58300019,58.61835000
23.58400019,58.61835000
23.58500019,56.72982000
23.58600019,56.72982000
23.58700019,56.72982000
23.58800019,58.61835000
23.58900019,58.61835000
23.59000019,58.61835000
23.59100019,58.61835000
23.59200019,58.61835000
23.59300019,58.61835000
23.59400019,56.72982000
23.59500019,56.72982000
23.59600019,56.72982000
23.59700019,56.72982000
23.59800019,56.72982000
23.59900019,56.72982000
23.60000019,56.72982000
23.60100019,58.61835000
23.60200019,58.61835000
23.60300019,56.72982000
23.60400019,56.72982000
23.60500019,56.72982000
23.60600019,56.72982000
23.60700019,56.72982000
23.60800019,56.72982000
23.60900019,56.72982000
23.61000019,58.61835000
23.61100019,58.61835000
23.61200019,56.72982000
23.61300019,56.72982000
23.61400019,56.72982000
23.61500019,56.72982000
23.61600019,56.72982000
23.61700019,56.72982000
23.61800019,58.61835000
23.61900019,58.61835000
23.62000019,56.72982000
23.62100019,56.72982000
23.62200019,56.72982000
23.62300019,58.61835000
23.62400019,58.61835000
23.62500019,56.72982000
23.62600019,56.72982000
23.62700019,58.61835000
23.62800019,58.61835000
23.62900019,60.51304000
23.63000019,60.51304000
23.63100019,60.51304000
23.63200019,58.61835000
23.63300019,58.61835000
23.63400019,58.61835000
23.63500019,60.51304000
23.63600019,60.51304000
23.63700019,60.51304000
23.63800019,60.51304000
23.63900019,60.51304000
23.64000019,60.51304000
23.64100019,58.61835000
23.64200019,58.61835000
23.64300019,58.61835000
23.64400019,58.61835000
23.64500019,60.51304000
23.64600019,60.51304000
23.64700019,60.51304000
23.64800019,60.51304000
23.64900019,60.51304000
23.65000019,60.51304000
23.65100019,60.51304000
23.65200019,58.61835000
23.65300019,58.61835000
23.65400019,58.61835000
23.65500019,60.51304000
23.65600019,60.51304000
23.65700019,60.51304000
23.65800019,60.51304000
23.65900019,60.51304000
23.66000019,60.51304000
23.66100019,60.51304000
23.66200019,58.61835000
23.66300019,58.61835000
23.66400019,58.61835000
23.66500019,58.61835000
23.66600019,58.61835000
23.66700019,58.61835000
23.66800019,58.61835000
23.66900019,58.61835000
23.67000019,58.61835000
23.67100019,58.61835000
23.67200019,58.61835000
23.67300019,58.61835000
23.67400019,58.61835000
23.67500019,58.61835000
23.67600019,58.61835000
23.67700019,58.61835000
23.67800019,58.61835000
23.67900019,58.61835000
23.68000019,58.61835000
23.68100019,60.51304000
23.68200019,60.51304000
23.68300019,60.51304000
23.68400019,60.51304000
23.68500019,58.61835000
23.68600019,58.61835000
23.68700019,58.61835000
23.68800019,58.61835000
23.68900019,58.61835000
23.69000019,60.51304000
23.69100019,60.51304000
23.69200019,60.51304000
23.69300019,60.51304000
23.69400018,60.51304000
23.69500018,60.51304000
23.69600018,58.61835000
23.69700018,58.61835000
23.69800018,58.61835000
23.69900018,60.51304000
23.70000018,60.51304000
23.70100018,62.40157000
23.70200018,62.40157000
23.70300018,62.40157000
23.70400018,62.40157000
23.70500018,62.40157000
23.70600018,60.51304000
23.70700018,60.51304000
23.70800018,60.51304000
23.70900018,60.51304000
23.71000018,62.40157000
23.71100018,62.40157000
23.71200018,64.29010000
23.71300018,62.40157000
23.71400018,62.40157000
23.71500018,62.40157000
23.71600018,60.51304000
23.71700018,60.51304000
23.71800018,60.51304000
23.71900018,62.40157000
23.72000018,62.40157000
23.72100018,62.40157000
23.72200018,62.40157000
23.72300018,62.40157000
23.72400018,62.40157000
23.72500018,62.40157000
23.72600018,62.40157000
23.72700018,62.40157000
23.72800018,60.51304000
23.72900018,60.51304000
23.73000018,60.51304000
23.73100018,60.51304000
23.73200018,62.40157000
23.73300018,62.40157000
23.73400018,60.51304000
23.73500018,62.40157000
23.73600018,62.40157000
23.73700018,62.40157000
23.73800018,62.40157000
23.73900018,62.40157000
23.74000018,60.51304000
23.74100018,60.51304000
23.74200018,60.51304000
23.74300018,60.51304000
23.74400018,60.51304000
23.74500018,60.51304000
23.74600018,62.40157000
23.74700018,62.40157000
23.74800018,60.51304000
23.74900018,60.51304000
23.75000018,60.51304000
23.75100018,60.51304000
23.75200018,60.51304000
23.75300018,58.61835000
23.75400018,60.51304000
23.75500018,60.51304000
23.75600018,62.40157000
23.75700018,62.40157000
23.75800018,62.40157000
23.75900018,62.40157000
23.76000018,60.51304000
23.76100018,60.51304000
23.76200018,60.51304000
23.76300018,60.51304000
23.76400018,60.51304000
23.76500018,60.51304000
23.76600018,60.51304000
23.76700018,60.51304000
23.76800018,60.51304000
23.76900018,60.51304000
23.77000018,58.61835000
23.77100018,58.61835000
23.77200018,58.61835000
23.77300018,58.61835000
23.77400018,58.61835000
23.77500018,58.61835000
23.77600018,58.61835000
23.77700018,58.61835000
23.77800018,58.61835000
23.77900018,56.72982000
23.78000018,56.72982000
23.78100018,56.72982000
23.78200018,56.72982000
23.78300018,58.61835000
23.78400018,56.72982000
23.78500018,56.72982000
23.78600018,56.72982000
23.78700018,56.72982000
23.78800018,56.72982000
23.78900018,54.83513000
23.79000018,54.83513000
23.79100018,56.72982000
23.79200018,56.72982000
23.79300018,58.61835000
23.79400018,58.61835000
23.79500018,56.72982000
23.79600018,56.72982000
23.79700018,56.72982000
23.79800018,54.83513000
23.79900018,54.83513000
23.80000018,54.83513000
23.80100018,56.72982000
23.80200018,58.61835000
23.80300018,58.61835000
23.80400018,60.51304000
23.80500018,60.51304000
23.80600018,58.61835000
23.80700018,58.61835000
23.80800018,56.72982000
23.80900018,56.72982000
23.81000018,56.72982000
23.81100018,58.61835000
23.81200018,60.51304000
23.81300018,60.51304000
23.81400018,60.51304000
23.81500018,60.51304000
23.81600018,60.51304000
23.81700018,58.61835000
23.81800018,58.61835000
23.81900018,58.61835000
23.82000018,58.61835000
23.82100018,58.61835000
23.82200018,60.51304000
23.82300018,62.40157000
23.82400018,62.40157000
23.82500018,60.51304000
23.82600018,60.51304000
23.82700018,58.61835000
23.82800018,58.61835000
23.82900018,58.61835000
23.83000018,58.61835000
23.83100018,58.61835000
23.83200018,60.51304000
23.83300018,60.51304000
23.83400018,60.51304000
23.83500018,60.51304000
23.83600018,58.61835000
23.83700018,58.61835000
23.83800018,56.72982000
23.83900018,58.61835000
23.84000018,56.72982000
23.84100018,56.72982000
23.84200018,58.61835000
23.84300018,58.61835000
23.84400018,58.61835000
23.84500018,58.61835000
23.84600018,58.61835000
23.84700018,56.72982000
23.84800018,56.72982000
23.84900018,56.72982000
23.85000018,56.72982000
23.85100018,56.72982000
23.85200018,56.72982000
23.85300018,56.72982000
23.85400018,56.72982000
23.85500018,56.72982000
23.85600018,56.72982000
23.85700018,56.72982000
23.85800018,56.72982000
23.85900018,56.72982000
23.86000018,56.72982000
23.86100018,56.72982000
23.86200018,56.72982000
23.86300018,56.72982000
23.86400018,54.83513000
23.86500018,56.72982000
23.86600018,56.72982000
23.86700018,58.61835000
23.86800018,58.61835000
23.86900018,60.51304000
23.87000018,60.51304000
23.87100018,60.51304000
23.87200018,58.61835000
23.87300018,56.72982000
23.87400018,54.83513000
23.87500018,54.83513000
23.87600018,56.72982000
23.87700018,58.61835000
23.87800018,58.61835000
23.87900018,60.51304000
23.88000018,60.51304000
23.88100018,58.61835000
23.88200018,56.72982000
23.88300018,56.72982000
23.88400018,56.72982000
23.88500018,56.72982000
23.88600018,56.72982000
23.88700018,58.61835000
23.88800018,60.51304000
23.88900018,60.51304000
23.89000018,60.51304000
23.89100018,60.51304000
23.89200018,58.61835000
23.89300018,56.72982000
23.89400018,56.72982000
23.89500018,56.72982000
23.89600018,58.61835000
23.89700018,58.61835000
23.89800018,60.51304000
23.89900018,62.40157000
23.90000018,60.51304000
23.90100018,60.51304000
23.90200018,58.61835000
23.90300018,58.61835000
23.90400018,58.61835000
23.90500018,60.51304000
23.90600018,60.51304000
23.90700018,62.40157000
23.90800018,62.40157000
23.90900018,62.40157000
23.91000018,62.40157000
23.91100018,62.40157000
23.91200018,60.51304000
23.91300018,60.51304000
23.91400018,60.51304000
23.91500018,62.40157000
23.91600018,62.40157000
23.91700018,62.40157000
23.91800018,60.51304000
23.91900018,62.40157000
23.92000018,60.51304000
23.92100018,60.51304000
23.92200018,60.51304000
23.92300018,62.40157000
23.92400018,62.40157000
23.92500018,62.40157000
23.92600018,62.40157000
23.92700018,62.40157000
23.92800018,60.51304000
23.92900018,60.51304000
23.93000018,60.51304000
23.93100018,60.51304000
23.93200018,60.51304000
23.93300018,60.51304000
23.93400018,60.51304000
23.93500018,62.40157000
23.93600018,60.51304000
23.93700018,60.51304000
23.93800018,60.51304000
23.93900018,58.61835000
23.94000018,58.61835000
23.94100018,58.61835000
23.94200018,58.61835000
23.94300018,58.61835000
23.94400018,60.51304000
23.94500018,60.51304000
23.94600018,60.51304000
23.94700018,60.51304000
23.94800018,58.61835000
23.94900018,58.61835000
23.95000018,58.61835000
23.95100018,58.61835000
23.95200018,56.72982000
23.95300018,58.61835000
23.95400018,58.61835000
23.95500018,58.61835000
23.95600018,58.61835000
23.95700018,58.61835000
23.95800018,56.72982000
23.95900018,58.61835000
23.96000018,58.61835000
23.96100018,58.61835000
23.96200018,58.61835000
23.96300018,58.61835000
23.96400018,58.61835000
23.96500018,58.61835000
23.96600018,58.61835000
23.96700018,58.61835000
23.96800018,58.61835000
23.96900018,58.61835000
23.97000018,58.61835000
23.97100018,58.61835000
23.97200018,58.61835000
23.97300018,58.61835000
23.97400018,58.61835000
23.97500018,58.61835000
23.97600018,60.51304000
23.97700018,60.51304000
23.97800018,60.51304000
23.97900018,58.61835000
23.98000018,58.61835000
23.98100018,60.51304000
23.98200018,60.51304000
23.98300018,60.51304000
23.98400018,60.51304000
23.98500018,58.61835000
23.98600018,60.51304000
23.98700018,60.51304000
23.98800018,60.51304000
23.98900018,58.61835000
23.99000018,58.61835000
23.99100018,60.51304000
23.99200018,60.51304000
23.99300018,60.51304000
23.99400018,58.61835000
23.99500018,58.61835000
23.99600018,58.61835000
23.99700018,58.61835000
23.99800018,58.61835000
23.99900018,58.61835000
24.00000018,58.61835000
24.00100018,60.51304000
24.00200018,60.51304000
24.00300018,58.61835000
24.00400018,58.61835000
24.00500018,58.61835000
24.00600018,58.61835000
24.00700018,58.61835000
24.00800018,58.61835000
24.00900018,58.61835000
24.01000018,58.61835000
24.01100018,58.61835000
24.01200018,58.61835000
24.01300018,58.61835000
24.01400018,58.61835000
24.01500018,58.61835000
24.01600018,56.72982000
24.01700018,56.72982000
24.01800018,58.61835000
24.01900018,58.61835000
24.02000018,58.61835000
24.02100018,58.61835000
24.02200018,58.61835000
24.02300018,58.61835000
24.02400018,58.61835000
24.02500018,56.72982000
24.02600018,56.72982000
24.02700018,56.72982000
24.02800018,56.72982000
24.02900018,56.72982000
24.03000018,56.72982000
24.03100018,58.61835000
24.03200018,56.72982000
24.03300018,58.61835000
24.03400018,58.61835000
24.03500018,58.61835000
24.03600018,58.61835000
24.03700018,56.72982000
24.03800018,56.72982000
24.03900018,56.72982000
24.04000018,56.72982000
24.04100018,58.61835000
24.04200018,58.61835000
24.04300018,58.61835000
24.04400018,58.61835000
24.04500018,58.61835000
24.04600018,56.72982000
24.04700017,56.72982000
24.04800017,56.72982000
24.04900017,56.72982000
24.05000017,56.72982000
24.05100017,56.72982000
24.05200017,56.72982000
24.05300017,58.61835000
24.05400017,58.61835000
24.05500017,58.61835000
24.05600017,58.61835000
24.05700017,56.72982000
24.05800017,56.72982000
24.05900017,56.72982000
24.06000017,56.72982000
24.06100017,58.61835000
24.06200017,58.61835000
24.06300017,58.61835000
24.06400017,58.61835000
24.06500017,58.61835000
24.06600017,56.72982000
24.06700017,56.72982000
24.06800017,56.72982000
24.06900017,56.72982000
24.07000017,56.72982000
24.07100017,58.61835000
24.07200017,56.72982000
24.07300017,56.72982000
24.07400017,56.72982000
24.07500017,56.72982000
24.07600017,56.72982000
24.07700017,58.61835000
24.07800017,56.72982000
24.07900017,56.72982000
24.08000017,56.72982000
24.08100017,56.72982000
24.08200017,56.72982000
24.08300017,56.72982000
24.08400017,56.72982000
24.08500017,56.72982000
24.08600017,56.72982000
24.08700017,56.72982000
24.08800017,56.72982000
24.08900017,56.72982000
24.09000017,56.72982000
24.09100017,56.72982000
24.09200017,56.72982000
24.09300017,56.72982000
24.09400017,56.72982000
24.09500017,56.72982000
24.09600017,56.72982000
24.09700017,56.72982000
24.09800017,56.72982000
24.09900017,56.72982000
24.10000017,56.72982000
24.10100017,56.72982000
24.10200017,56.72982000
24.10300017,56.72982000
24.10400017,56.72982000
24.10500017,54.83513000
24.10600017,54.83513000
24.10700017,54.83513000
24.10800017,56.72982000
24.10900017,58.61835000
24.11000017,58.61835000
24.11100017,58.61835000
24.11200017,56.72982000
24.11300017,56.72982000
24.11400017,54.83513000
24.11500017,54.83513000
24.11600017,54.83513000
24.11700017,56.72982000
24.11800017,56.72982000
24.11900017,56.72982000
24.12000017,56.72982000
24.12100017,56.72982000
24.12200017,56.72982000
24.12300017,54.83513000
24.12400017,54.83513000
24.12500017,54.83513000
24.12600017,54.83513000
24.12700017,56.72982000
24.12800017,56.72982000
24.12900017,56.72982000
24.13000017,56.72982000
24.13100017,56.72982000
24.13200017,56.72982000
24.13300017,56.72982000
24.13400017,54.83513000
24.13500017,54.83513000
24.13600017,54.83513000
24.13700017,54.83513000
24.13800017,56.72982000
24.13900017,56.72982000
24.14000017,56.72982000
24.14100017,56.72982000
24.14200017,54.83513000
24.14300017,54.83513000
24.14400017,54.83513000
24.14500017,56.72982000
24.14600017,56.72982000
24.14700017,56.72982000
24.14800017,56.72982000
24.14900017,56.72982000
24.15000017,56.72982000
24.15100017,58.61835000
24.15200017,56.72982000
24.15300017,56.72982000
24.15400017,58.61835000
24.15500017,60.51304000
24.15600017,60.51304000
24.15700017,60.51304000
24.15800017,60.51304000
24.15900017,60.51304000
24.16000017,58.61835000
24.16100017,58.61835000
24.16200017,58.61835000
24.16300017,60.51304000
24.16400017,60.51304000
24.16500017,62.40157000
24.16600017,62.40157000
24.16700017,62.40157000
24.16800017,60.51304000
24.16900017,60.51304000
24.17000017,58.61835000
24.17100017,60.51304000
24.17200017,60.51304000
24.17300017,60.51304000
24.17400017,60.51304000
24.17500017,62.40157000
24.17600017,62.40157000
24.17700017,60.51304000
24.17800017,60.51304000
24.17900017,58.61835000
24.18000017,56.72982000
24.18100017,56.72982000
24.18200017,56.72982000
24.18300017,58.61835000
24.18400017,58.61835000
24.18500017,58.61835000
24.18600017,58.61835000
24.18700017,58.61835000
24.18800017,58.61835000
24.18900017,56.72982000
24.19000017,54.83513000
24.19100017,54.83513000
24.19200017,54.83513000
24.19300017,56.72982000
24.19400017,56.72982000
24.19500017,56.72982000
24.19600017,56.72982000
24.19700017,54.83513000
24.19800017,54.83513000
24.19900017,54.83513000
24.20000017,54.83513000
24.20100017,54.83513000
24.20200017,54.83513000
24.20300017,56.72982000
24.20400017,54.83513000
24.20500017,54.83513000
24.20600017,54.83513000
24.20700017,54.83513000
24.20800017,54.83513000
24.20900017,54.83513000
24.21000017,56.72982000
24.21100017,56.72982000
24.21200017,56.72982000
24.21300017,58.61835000
24.21400017,56.72982000
24.21500017,56.72982000
24.21600017,56.72982000
24.21700017,54.83513000
24.21800017,56.72982000
24.21900017,56.72982000
24.22000017,56.72982000
24.22100017,58.61835000
24.22200017,58.61835000
24.22300017,60.51304000
24.22400017,58.61835000
24.22500017,58.61835000
24.22600017,56.72982000
24.22700017,56.72982000
24.22800017,56.72982000
24.22900017,58.61835000
24.23000017,58.61835000
24.23100017,58.61835000
24.23200017,60.51304000
24.23300017,60.51304000
24.23400017,60.51304000
24.23500017,58.61835000
24.23600017,56.72982000
24.23700017,54.83513000
24.23800017,56.72982000
24.23900017,58.61835000
24.24000017,58.61835000
24.24100017,58.61835000
24.24200017,58.61835000
24.24300017,58.61835000
24.24400017,58.61835000
24.24500017,58.61835000
24.24600017,56.72982000
24.24700017,56.72982000
24.24800017,54.83513000
24.24900017,54.83513000
24.25000017,54.83513000
24.25100017,54.83513000
24.25200017,54.83513000
24.25300017,54.83513000
24.25400017,54.83513000
24.25500017,54.83513000
24.25600017,52.94660000
24.25700017,51.05191000
24.25800017,51.05191000
24.25900017,51.05191000
24.26000017,52.94660000
24.26100017,52.94660000
24.26200017,52.94660000
24.26300017,51.05191000
24.26400017,51.05191000
24.26500017,49.16338000
24.26600017,49.16338000
24.26700017,49.16338000
24.26800017,49.16338000
24.26900017,51.05191000
24.27000017,51.05191000
24.27100017,52.94660000
24.27200017,51.05191000
24.27300017,51.05191000
24.27400017,51.05191000
24.27500017,51.05191000
24.27600017,51.05191000
24.27700017,51.05191000
24.27800017,51.05191000
24.27900017,52.94660000
24.28000017,52.94660000
24.28100017,52.94660000
24.28200017,52.94660000
24.28300017,52.94660000
24.28400017,52.94660000
24.28500017,52.94660000
24.28600017,54.83513000
24.28700017,54.83513000
24.28800017,54.83513000
24.28900017,54.83513000
24.29000017,54.83513000
24.29100017,54.83513000
24.29200017,54.83513000
24.29300017,54.83513000
24.29400017,54.83513000
24.29500017,56.72982000
24.29600017,56.72982000
24.29700017,56.72982000
24.29800017,56.72982000
24.29900017,58.61835000
24.30000017,56.72982000
24.30100017,56.72982000
24.30200017,56.72982000
24.30300017,56.72982000
24.30400017,56.72982000
24.30500017,56.72982000
24.30600017,58.61835000
24.30700017,58.61835000
24.30800017,56.72982000
24.30900017,56.72982000
24.31000017,54.83513000
24.31100017,54.83513000
24.31200017,54.83513000
24.31300017,54.83513000
24.31400017,54.83513000
24.31500017,56.72982000
24.31600017,56.72982000
24.31700017,56.72982000
24.31800017,54.83513000
24.31900017,54.83513000
24.32000017,52.94660000
24.32100017,52.94660000
24.32200017,52.94660000
24.32300017,52.94660000
24.32400017,54.83513000
24.32500017,54.83513000
24.32600017,54.83513000
24.32700017,54.83513000
24.32800017,54.83513000
24.32900017,52.94660000
24.33000017,51.05191000
24.33100017,51.05191000
24.33200017,51.05191000
24.33300017,52.94660000
24.33400017,52.94660000
24.33500017,54.83513000
24.33600017,54.83513000
24.33700017,54.83513000
24.33800017,52.94660000
24.33900017,52.94660000
24.34000017,51.05191000
24.34100017,51.05191000
24.34200017,51.05191000
24.34300017,52.94660000
24.34400017,52.94660000
24.34500017,54.83513000
24.34600017,54.83513000
24.34700017,54.83513000
24.34800017,54.83513000
24.34900017,52.94660000
24.35000017,52.94660000
24.35100017,52.94660000
24.35200017,52.94660000
24.35300017,54.83513000
24.35400017,54.83513000
24.35500017,54.83513000
24.35600017,54.83513000
24.35700017,54.83513000
24.35800017,54.83513000
24.35900017,54.83513000
24.36000017,54.83513000
24.36100017,54.83513000
24.36200017,54.83513000
24.36300017,54.83513000
24.36400017,54.83513000
24.36500017,54.83513000
24.36600017,56.72982000
24.36700017,56.72982000
24.36800017,56.72982000
24.36900017,56.72982000
24.37000017,56.72982000
24.37100017,56.72982000
24.37200017,54.83513000
24.37300017,54.83513000
24.37400017,54.83513000
24.37500017,56.72982000
24.37600017,56.72982000
24.37700017,56.72982000
24.37800017,56.72982000
24.37900017,58.61835000
24.38000017,58.61835000
24.38100017,56.72982000
24.38200017,56.72982000
24.38300017,56.72982000
24.38400017,54.83513000
24.38500017,54.83513000
24.38600017,54.83513000
24.38700017,56.72982000
24.38800017,56.72982000
24.38900017,56.72982000
24.39000017,56.72982000
24.39100017,58.61835000
24.39200017,56.72982000
24.39300017,56.72982000
24.39400017,54.83513000
24.39500017,54.83513000
24.39600017,54.83513000
24.39700017,54.83513000
24.39800017,54.83513000
24.39900017,56.72982000
24.40000017,56.72982000
24.40100016,56.72982000
24.40200016,56.72982000
24.40300016,54.83513000
24.40400016,54.83513000
24.40500016,54.83513000
24.40600016,54.83513000
24.40700016,54.83513000
24.40800016,56.72982000
24.40900016,56.72982000
24.41000016,56.72982000
24.41100016,56.72982000
24.41200016,54.83513000
24.41300016,54.83513000
24.41400016,54.83513000
24.41500016,56.72982000
24.41600016,56.72982000
24.41700016,56.72982000
24.41800016,56.72982000
24.41900016,56.72982000
24.42000016,54.83513000
24.42100016,54.83513000
24.42200016,54.83513000
24.42300016,54.83513000
24.42400016,54.83513000
24.42500016,54.83513000
24.42600016,54.83513000
24.42700016,56.72982000
24.42800016,56.72982000
24.42900016,56.72982000
24.43000016,56.72982000
24.43100016,56.72982000
24.43200016,56.72982000
24.43300016,56.72982000
24.43400016,56.72982000
24.43500016,56.72982000
24.43600016,58.61835000
24.43700016,58.61835000
24.43800016,58.61835000
24.43900016,58.61835000
24.44000016,56.72982000
24.44100016,56.72982000
24.44200016,54.83513000
24.44300016,54.83513000
24.44400016,56.72982000
24.44500016,56.72982000
24.44600016,56.72982000
24.44700016,56.72982000
24.44800016,56.72982000
24.44900016,56.72982000
24.45000016,56.72982000
24.45100016,54.83513000
24.45200016,54.83513000
24.45300016,56.72982000
24.45400016,56.72982000
24.45500016,56.72982000
24.45600016,56.72982000
24.45700016,56.72982000
24.45800016,56.72982000
24.45900016,56.72982000
24.46000016,56.72982000
24.46100016,56.72982000
24.46200016,54.83513000
24.46300016,56.72982000
24.46400016,56.72982000
24.46500016,56.72982000
24.46600016,56.72982000
24.46700016,56.72982000
24.46800016,56.72982000
24.46900016,56.72982000
24.47000016,54.83513000
24.47100016,54.83513000
24.47200016,54.83513000
24.47300016,54.83513000
24.47400016,54.83513000
24.47500016,56.72982000
24.47600016,56.72982000
24.47700016,56.72982000
24.47800016,54.83513000
24.47900016,56.72982000
24.48000016,56.72982000
24.48100016,56.72982000
24.48200016,56.72982000
24.48300016,56.72982000
24.48400016,54.83513000
24.48500016,54.83513000
24.48600016,54.83513000
24.48700016,54.83513000
24.48800016,54.83513000
24.48900016,54.83513000
24.49000016,56.72982000
24.49100016,56.72982000
24.49200016,58.61835000
24.49300016,58.61835000
24.49400016,56.72982000
24.49500016,56.72982000
24.49600016,54.83513000
24.49700016,54.83513000
24.49800016,54.83513000
24.49900016,54.83513000
24.50000016,56.72982000
24.50100016,58.61835000
24.50200016,58.61835000
24.50300016,58.61835000
24.50400016,58.61835000
24.50500016,58.61835000
24.50600016,56.72982000
24.50700016,56.72982000
24.50800016,56.72982000
24.50900016,56.72982000
24.51000016,56.72982000
24.51100016,58.61835000
24.51200016,58.61835000
24.51300016,58.61835000
24.51400016,58.61835000
24.51500016,58.61835000
24.51600016,60.51304000
24.51700016,60.51304000
24.51800016,58.61835000
24.51900016,58.61835000
24.52000016,56.72982000
24.52100016,56.72982000
24.52200016,56.72982000
24.52300016,56.72982000
24.52400016,56.72982000
24.52500016,56.72982000
24.52600016,58.61835000
24.52700016,60.51304000
24.52800016,60.51304000
24.52900016,60.51304000
24.53000016,60.51304000
24.53100016,60.51304000
24.53200016,58.61835000
24.53300016,56.72982000
24.53400016,56.72982000
24.53500016,54.83513000
24.53600016,54.83513000
24.53700016,56.72982000
24.53800016,58.61835000
24.53900016,58.61835000
24.54000016,58.61835000
24.54100016,60.51304000
24.54200016,60.51304000
24.54300016,58.61835000
24.54400016,58.61835000
24.54500016,56.72982000
24.54600016,54.83513000
24.54700016,54.83513000
24.54800016,56.72982000
24.54900016,56.72982000
24.55000016,56.72982000
24.55100016,56.72982000
24.55200016,56.72982000
24.55300016,56.72982000
24.55400016,58.61835000
24.55500016,58.61835000
24.55600016,58.61835000
24.55700016,58.61835000
24.55800016,56.72982000
24.55900016,56.72982000
24.56000016,54.83513000
24.56100016,54.83513000
24.56200016,54.83513000
24.56300016,56.72982000
24.56400016,56.72982000
24.56500016,56.72982000
24.56600016,58.61835000
24.56700016,58.61835000
24.56800016,58.61835000
24.56900016,58.61835000
24.57000016,58.61835000
24.57100016,56.72982000
24.57200016,56.72982000
24.57300016,56.72982000
24.57400016,56.72982000
24.57500016,56.72982000
24.57600016,56.72982000
24.57700016,56.72982000
24.57800016,58.61835000
24.57900016,58.61835000
24.58000016,58.61835000
24.58100016,56.72982000
24.58200016,56.72982000
24.58300016,58.61835000
24.58400016,58.61835000
24.58500016,58.61835000
24.58600016,58.61835000
24.58700016,58.61835000
24.58800016,56.72982000
24.58900016,56.72982000
24.59000016,56.72982000
24.59100016,56.72982000
24.59200016,56.72982000
24.59300016,58.61835000
24.59400016,58.61835000
24.59500016,58.61835000
24.59600016,58.61835000
24.59700016,58.61835000
24.59800016,58.61835000
24.59900016,58.61835000
24.60000016,58.61835000
24.60100016,58.61835000
24.60200016,58.61835000
24.60300016,58.61835000
24.60400016,58.61835000
24.60500016,58.61835000
24.60600016,58.61835000
24.60700016,58.61835000
24.60800016,58.61835000
24.60900016,58.61835000
24.61000016,58.61835000
24.61100016,58.61835000
24.61200016,60.51304000
24.61300016,60.51304000
24.61400016,58.61835000
24.61500016,58.61835000
24.61600016,58.61835000
24.61700016,56.72982000
24.61800016,56.72982000
24.61900016,56.72982000
24.62000016,56.72982000
24.62100016,58.61835000
24.62200016,60.51304000
24.62300016,60.51304000
24.62400016,60.51304000
24.62500016,60.51304000
24.62600016,58.61835000
24.62700016,58.61835000
24.62800016,56.72982000
24.62900016,56.72982000
24.63000016,56.72982000
24.63100016,56.72982000
24.63200016,58.61835000
24.63300016,60.51304000
24.63400016,60.51304000
24.63500016,60.51304000
24.63600016,58.61835000
24.63700016,58.61835000
24.63800016,58.61835000
24.63900016,58.61835000
24.64000016,56.72982000
24.64100016,58.61835000
24.64200016,58.61835000
24.64300016,58.61835000
24.64400016,60.51304000
24.64500016,60.51304000
24.64600016,58.61835000
24.64700016,58.61835000
24.64800016,58.61835000
24.64900016,58.61835000
24.65000016,58.61835000
24.65100016,58.61835000
24.65200016,58.61835000
24.65300016,60.51304000
24.65400016,60.51304000
24.65500016,60.51304000
24.65600016,58.61835000
24.65700016,58.61835000
24.65800016,58.61835000
24.65900016,58.61835000
24.66000016,58.61835000
24.66100016,58.61835000
24.66200016,58.61835000
24.66300016,60.51304000
24.66400016,60.51304000
24.66500016,60.51304000
24.66600016,60.51304000
24.66700016,60.51304000
24.66800016,60.51304000
24.66900016,60.51304000
24.67000016,58.61835000
24.67100016,58.61835000
24.67200016,58.61835000
24.67300016,58.61835000
24.67400016,58.61835000
24.67500016,60.51304000
24.67600016,60.51304000
24.67700016,60.51304000
24.67800016,60.51304000
24.67900016,62.40157000
24.68000016,60.51304000
24.68100016,60.51304000
24.68200016,58.61835000
24.68300016,58.61835000
24.68400016,56.72982000
24.68500016,58.61835000
24.68600016,58.61835000
24.68700016,60.51304000
24.68800016,60.51304000
24.68900016,60.51304000
24.69000016,60.51304000
24.69100016,60.51304000
24.69200016,60.51304000
24.69300016,58.61835000
24.69400016,58.61835000
24.69500016,58.61835000
24.69600016,58.61835000
24.69700016,58.61835000
24.69800016,58.61835000
24.69900016,60.51304000
24.70000016,60.51304000
24.70100016,60.51304000
24.70200016,60.51304000
24.70300016,60.51304000
24.70400016,58.61835000
24.70500016,58.61835000
24.70600016,58.61835000
24.70700016,58.61835000
24.70800016,58.61835000
24.70900016,58.61835000
24.71000016,58.61835000
24.71100016,58.61835000
24.71200016,58.61835000
24.71300016,58.61835000
24.71400016,60.51304000
24.71500016,60.51304000
24.71600016,60.51304000
24.71700016,60.51304000
24.71800016,58.61835000
24.71900016,58.61835000
24.72000016,58.61835000
24.72100016,58.61835000
24.72200016,58.61835000
24.72300016,58.61835000
24.72400016,60.51304000
24.72500016,60.51304000
24.72600016,60.51304000
24.72700016,60.51304000
24.72800016,58.61835000
24.72900016,58.61835000
24.73000016,58.61835000
24.73100016,60.51304000
24.73200016,60.51304000
24.73300016,60.51304000
24.73400016,60.51304000
24.73500016,60.51304000
24.73600016,60.51304000
24.73700016,60.51304000
24.73800016,60.51304000
24.73900016,60.51304000
24.74000016,60.51304000
24.74100016,60.51304000
24.74200016,60.51304000
24.74300016,62.40157000
24.74400016,62.40157000
24.74500016,62.40157000
24.74600016,60.51304000
24.74700016,60.51304000
24.74800016,60.51304000
24.74900016,60.51304000
24.75000016,60.51304000
24.75100016,62.40157000
24.75200016,62.40157000
24.75300016,62.40157000
24.75400016,62.40157000
24.75500015,62.40157000
24.75600015,60.51304000
24.75700015,60.51304000
24.75800015,60.51304000
24.75900015,60.51304000
24.76000015,60.51304000
24.76100015,60.51304000
24.76200015,60.51304000
24.76300015,62.40157000
24.76400015,62.40157000
24.76500015,62.40157000
24.76600015,60.51304000
24.76700015,62.40157000
24.76800015,60.51304000
24.76900015,62.40157000
24.77000015,62.40157000
24.77100015,62.40157000
24.77200015,60.51304000
24.77300015,60.51304000
24.77400015,60.51304000
24.77500015,60.51304000
24.77600015,60.51304000
24.77700015,60.51304000
24.77800015,60.51304000
24.77900015,60.51304000
24.78000015,60.51304000
24.78100015,60.51304000
24.78200015,60.51304000
24.78300015,60.51304000
24.78400015,60.51304000
24.78500015,60.51304000
24.78600015,60.51304000
24.78700015,60.51304000
24.78800015,60.51304000
24.78900015,60.51304000
24.79000015,60.51304000
24.79100015,60.51304000
24.79200015,60.51304000
24.79300015,60.51304000
24.79400015,60.51304000
24.79500015,60.51304000
24.79600015,60.51304000
24.79700015,60.51304000
24.79800015,62.40157000
24.79900015,62.40157000
24.80000015,62.40157000
24.80100015,60.51304000
24.80200015,60.51304000
24.80300015,60.51304000
24.80400015,60.51304000
24.80500015,60.51304000
24.80600015,60.51304000
24.80700015,62.40157000
24.80800015,62.40157000
24.80900015,62.40157000
24.81000015,62.40157000
24.81100015,62.40157000
24.81200015,60.51304000
24.81300015,60.51304000
24.81400015,60.51304000
24.81500015,62.40157000
24.81600015,62.40157000
24.81700015,62.40157000
24.81800015,62.40157000
24.81900015,62.40157000
24.82000015,62.40157000
24.82100015,62.40157000
24.82200015,60.51304000
24.82300015,62.40157000
24.82400015,62.40157000
24.82500015,62.40157000
24.82600015,62.40157000
24.82700015,62.40157000
24.82800015,62.40157000
24.82900015,62.40157000
24.83000015,60.51304000
24.83100015,62.40157000
24.83200015,60.51304000
24.83300015,60.51304000
24.83400015,60.51304000
24.83500015,60.51304000
24.83600015,60.51304000
24.83700015,62.40157000
24.83800015,62.40157000
24.83900015,62.40157000
24.84000015,62.40157000
24.84100015,62.40157000
24.84200015,60.51304000
24.84300015,62.40157000
24.84400015,62.40157000
24.84500015,64.29010000
24.84600015,64.29010000
24.84700015,66.18479000
24.84800015,64.29010000
24.84900015,62.40157000
24.85000015,60.51304000
24.85100015,60.51304000
24.85200015,60.51304000
24.85300015,62.40157000
24.85400015,62.40157000
24.85500015,62.40157000
24.85600015,62.40157000
24.85700015,60.51304000
24.85800015,58.61835000
24.85900015,56.72982000
24.86000015,56.72982000
24.86100015,58.61835000
24.86200015,58.61835000
24.86300015,60.51304000
24.86400015,60.51304000
24.86500015,62.40157000
24.86600015,62.40157000
24.86700015,60.51304000
24.86800015,60.51304000
24.86900015,58.61835000
24.87000015,58.61835000
24.87100015,60.51304000
24.87200015,60.51304000
24.87300015,62.40157000
24.87400015,64.29010000
24.87500015,64.29010000
24.87600015,62.40157000
24.87700015,62.40157000
24.87800015,60.51304000
24.87900015,60.51304000
24.88000015,58.61835000
24.88100015,58.61835000
24.88200015,62.40157000
24.88300015,64.29010000
24.88400015,64.29010000
24.88500015,64.29010000
24.88600015,64.29010000
24.88700015,64.29010000
24.88800015,62.40157000
24.88900015,60.51304000
24.89000015,60.51304000
24.89100015,60.51304000
24.89200015,60.51304000
24.89300015,62.40157000
24.89400015,62.40157000
24.89500015,62.40157000
24.89600015,62.40157000
24.89700015,62.40157000
24.89800015,60.51304000
24.89900015,60.51304000
24.90000015,60.51304000
24.90100015,60.51304000
24.90200015,62.40157000
24.90300015,62.40157000
24.90400015,62.40157000
24.90500015,62.40157000
24.90600015,62.40157000
24.90700015,62.40157000
24.90800015,62.40157000
24.90900015,62.40157000
24.91000015,62.40157000
24.91100015,60.51304000
24.91200015,60.51304000
24.91300015,60.51304000
24.91400015,60.51304000
24.91500015,60.51304000
24.91600015,60.51304000
24.91700015,60.51304000
24.91800015,60.51304000
24.91900015,60.51304000
24.92000015,62.40157000
24.92100015,62.40157000
24.92200015,62.40157000
24.92300015,62.40157000
24.92400015,62.40157000
24.92500015,62.40157000
24.92600015,62.40157000
24.92700015,64.29010000
24.92800015,64.29010000
24.92900015,64.29010000
24.93000015,64.29010000
24.93100015,64.29010000
24.93200015,64.29010000
24.93300015,62.40157000
24.93400015,60.51304000
24.93500015,60.51304000
24.93600015,58.61835000
24.93700015,58.61835000
24.93800015,60.51304000
24.93900015,60.51304000
24.94000015,62.40157000
24.94100015,62.40157000
24.94200015,62.40157000
24.94300015,60.51304000
24.94400015,60.51304000
24.94500015,60.51304000
24.94600015,60.51304000
24.94700015,62.40157000
24.94800015,64.29010000
24.94900015,64.29010000
24.95000015,64.29010000
24.95100015,64.29010000
24.95200015,64.29010000
24.95300015,62.40157000
24.95400015,62.40157000
24.95500015,62.40157000
24.95600015,60.51304000
24.95700015,60.51304000
24.95800015,60.51304000
24.95900015,62.40157000
24.96000015,62.40157000
24.96100015,62.40157000
24.96200015,62.40157000
24.96300015,60.51304000
24.96400015,60.51304000
24.96500015,60.51304000
24.96600015,60.51304000
24.96700015,62.40157000
24.96800015,62.40157000
24.96900015,64.29010000
24.97000015,64.29010000
24.97100015,64.29010000
24.97200015,64.29010000
24.97300015,64.29010000
24.97400015,64.29010000
24.97500015,64.29010000
24.97600015,64.29010000
24.97700015,64.29010000
24.97800015,64.29010000
24.97900015,62.40157000
24.98000015,62.40157000
24.98100015,62.40157000
24.98200015,60.51304000
24.98300015,60.51304000
24.98400015,62.40157000
24.98500015,62.40157000
24.98600015,62.40157000
24.98700015,62.40157000
24.98800015,62.40157000
24.98900015,62.40157000
24.99000015,60.51304000
24.99100015,62.40157000
24.99200015,62.40157000
24.99300015,62.40157000
24.99400015,62.40157000
24.99500015,62.40157000
24.99600015,64.29010000
24.99700015,64.29010000
24.99800015,64.29010000
24.99900015,62.40157000
25.00000015,62.40157000
25.00100015,60.51304000
